Tamaños		Cantidades
1		178877
2		17411
3		7480
4		3671
5		1943
6		1241
7		743
8		500
9		315
10		242
11		170
12		132
13		107
14		79
15		76
16		60
17		42
18		21
19		26
20		14
21		19
22		15
23		11
24		12
25		12
26		7
27		4
28		7
29		7
30		7
31		2
32		2
34		1
35		4
36		1
37		2
38		3
39		2
40		2
42		3
43		1
44		1
45		1
46		2
48		2
51		1
52		1
55		1
57		1
64		1
66		1
71		1
3136		1
3143		1
3149		1
3151		1
3155		1
3156		2
3159		1
3162		1
3166		2
3167		3
3168		1
3169		1
3170		1
3171		3
3172		1
3173		2
3174		2
3175		4
3176		3
3177		6
3178		2
3179		2
3180		4
3182		4
3183		11
3184		8
3185		6
3186		10
3187		5
3188		6
3189		9
3190		15
3191		14
3192		12
3193		15
3194		15
3195		13
3196		19
3197		18
3198		26
3199		25
3200		27
3201		25
3202		20
3203		28
3204		35
3205		45
3206		38
3207		38
3208		35
3209		48
3210		46
3211		60
3212		67
3213		55
3214		58
3215		69
3216		65
3217		87
3218		98
3219		92
3220		90
3221		104
3222		97
3223		108
3224		109
3225		127
3226		131
3227		120
3228		154
3229		155
3230		135
3231		163
3232		202
3233		198
3234		196
3235		178
3236		204
3237		239
3238		216
3239		227
3240		238
3241		263
3242		281
3243		287
3244		304
3245		282
3246		290
3247		309
3248		282
3249		306
3250		304
3251		311
3252		364
3253		394
3254		355
3255		359
3256		365
3257		378
3258		412
3259		360
3260		377
3261		351
3262		412
3263		378
3264		362
3265		387
3266		382
3267		409
3268		365
3269		374
3270		408
3271		389
3272		369
3273		390
3274		383
3275		377
3276		390
3277		366
3278		322
3279		400
3280		326
3281		351
3282		324
3283		307
3284		351
3285		295
3286		318
3287		294
3288		281
3289		288
3290		284
3291		244
3292		251
3293		255
3294		254
3295		240
3296		216
3297		213
3298		236
3299		191
3300		170
3301		184
3302		162
3303		162
3304		151
3305		126
3306		153
3307		141
3308		133
3309		115
3310		100
3311		88
3312		91
3313		77
3314		89
3315		68
3316		85
3317		61
3318		69
3319		59
3320		61
3321		60
3322		51
3323		58
3324		36
3325		36
3326		30
3327		38
3328		30
3329		21
3330		25
3331		29
3332		24
3333		15
3334		24
3335		15
3336		20
3337		23
3338		13
3339		10
3340		11
3341		7
3342		6
3343		7
3344		4
3345		3
3346		4
3347		6
3348		2
3349		4
3350		1
3351		1
3352		2
3353		3
3354		2
3356		3
3358		1
3360		2
3362		2
3363		1
3366		2
3369		1
3370		1
3379		1
