Tamaños		Cantidades
1		16109
2		880
3		309
4		119
5		43
6		26
7		17
8		12
9		2
10		4
11		3
12		1
16		1
17		1
3609		1
3612		1
3613		1
3614		1
3615		1
3617		3
3618		1
3619		1
3620		2
3621		1
3622		4
3623		2
3624		7
3625		8
3626		7
3627		7
3628		9
3629		13
3630		12
3631		14
3632		13
3633		15
3634		23
3635		17
3636		28
3637		28
3638		34
3639		27
3640		27
3641		38
3642		41
3643		48
3644		54
3645		70
3646		82
3647		103
3648		80
3649		85
3650		102
3651		114
3652		129
3653		140
3654		135
3655		166
3656		183
3657		162
3658		187
3659		220
3660		231
3661		227
3662		227
3663		298
3664		290
3665		306
3666		320
3667		329
3668		365
3669		420
3670		389
3671		390
3672		451
3673		445
3674		427
3675		497
3676		491
3677		480
3678		512
3679		503
3680		540
3681		528
3682		530
3683		540
3684		576
3685		560
3686		573
3687		568
3688		594
3689		571
3690		521
3691		530
3692		527
3693		521
3694		517
3695		520
3696		471
3697		422
3698		468
3699		452
3700		416
3701		402
3702		386
3703		376
3704		347
3705		376
3706		349
3707		317
3708		303
3709		276
3710		235
3711		233
3712		203
3713		232
3714		186
3715		194
3716		156
3717		152
3718		141
3719		124
3720		105
3721		96
3722		89
3723		76
3724		81
3725		66
3726		69
3727		56
3728		51
3729		44
3730		34
3731		29
3732		29
3733		30
3734		18
3735		20
3736		15
3737		21
3738		16
3739		12
3740		11
3741		9
3742		8
3743		8
3744		5
3745		3
3746		6
3747		3
3748		3
3749		2
3750		2
3751		1
3753		1
3755		1
3757		1
3766		1
