Tamaños		Cantidades
1		1636
2		82
3		14
4		5
5		1
6		1
7		1
3834		1
3838		1
3839		1
3840		1
3841		1
3842		3
3843		1
3844		4
3845		3
3846		8
3847		5
3848		7
3849		4
3850		16
3851		11
3852		21
3853		18
3854		30
3855		21
3856		36
3857		52
3858		41
3859		50
3860		57
3861		85
3862		103
3863		97
3864		112
3865		149
3866		131
3867		183
3868		183
3869		210
3870		235
3871		257
3872		311
3873		329
3874		341
3875		376
3876		436
3877		440
3878		497
3879		477
3880		535
3881		620
3882		614
3883		647
3884		624
3885		677
3886		717
3887		746
3888		730
3889		798
3890		764
3891		812
3892		763
3893		698
3894		756
3895		786
3896		736
3897		699
3898		723
3899		677
3900		612
3901		631
3902		544
3903		541
3904		508
3905		506
3906		437
3907		411
3908		385
3909		365
3910		303
3911		313
3912		292
3913		236
3914		219
3915		187
3916		159
3917		127
3918		121
3919		107
3920		85
3921		85
3922		69
3923		55
3924		49
3925		30
3926		24
3927		30
3928		21
3929		14
3930		8
3931		13
3932		13
3933		10
3934		3
3936		5
3937		5
3938		2
3939		3
3940		1
3942		1
3944		2
3946		1
