Tamaños		Cantidades
1		1208565
2		219154
3		122824
4		75700
5		50092
6		35350
7		26434
8		20236
9		15910
10		12983
11		10822
12		9039
13		7551
14		6629
15		5782
16		4970
17		4527
18		3905
19		3458
20		3158
21		2774
22		2499
23		2267
24		2089
25		1939
26		1740
27		1672
28		1439
29		1397
30		1241
31		1206
32		1192
33		1119
34		1002
35		964
36		929
37		856
38		771
39		727
40		715
41		671
42		627
43		644
44		567
45		551
46		488
47		479
48		482
49		438
50		415
51		411
52		374
53		404
54		358
55		298
56		373
57		354
58		325
59		292
60		264
61		289
62		263
63		267
64		250
65		266
66		249
67		217
68		239
69		212
70		240
71		213
72		196
73		170
74		182
75		200
76		173
77		150
78		148
79		159
80		158
81		161
82		149
83		141
84		134
85		118
86		144
87		128
88		118
89		113
90		116
91		132
92		104
93		120
94		100
95		105
96		113
97		94
98		100
99		111
100		94
101		91
102		75
103		82
104		99
105		84
106		73
107		73
108		84
109		71
110		81
111		78
112		67
113		68
114		68
115		74
116		62
117		62
118		81
119		58
120		72
121		58
122		48
123		65
124		61
125		52
126		50
127		56
128		36
129		63
130		44
131		49
132		38
133		41
134		47
135		43
136		41
137		51
138		32
139		43
140		43
141		43
142		42
143		44
144		37
145		53
146		45
147		44
148		44
149		37
150		30
151		32
152		35
153		38
154		36
155		38
156		35
157		19
158		30
159		28
160		28
161		38
162		29
163		38
164		34
165		40
166		20
167		30
168		25
169		27
170		39
171		13
172		34
173		22
174		35
175		30
176		25
177		22
178		16
179		24
180		24
181		19
182		32
183		22
184		29
185		17
186		30
187		25
188		18
189		19
190		25
191		22
192		22
193		13
194		16
195		14
196		17
197		19
198		18
199		20
200		17
201		8
202		17
203		17
204		18
205		22
206		13
207		17
208		19
209		22
210		16
211		18
212		7
213		15
214		17
215		17
216		18
217		11
218		17
219		14
220		20
221		17
222		12
223		9
224		18
225		12
226		12
227		10
228		17
229		11
230		20
231		9
232		12
233		14
234		8
235		11
236		14
237		10
238		10
239		12
240		13
241		9
242		10
243		7
244		17
245		16
246		18
247		15
248		15
249		9
250		7
251		3
252		4
253		10
254		10
255		7
256		11
257		8
258		10
259		8
260		11
261		7
262		11
263		5
264		13
265		6
266		16
267		10
268		6
269		12
270		7
271		10
272		15
273		5
274		7
275		14
276		9
277		7
278		13
279		8
280		4
281		9
282		5
283		3
284		2
285		11
286		7
287		5
288		8
289		6
290		10
291		7
292		6
293		11
294		8
295		8
296		5
297		5
298		5
299		11
300		4
301		4
302		2
303		6
304		9
305		9
306		6
307		8
308		7
309		4
310		5
311		6
312		5
313		6
314		8
315		4
316		5
317		3
318		11
319		5
320		4
321		3
322		4
323		11
324		5
325		5
326		7
327		4
328		5
329		5
330		5
331		7
332		3
333		8
334		5
335		3
336		3
337		9
338		6
339		4
340		4
341		8
342		3
343		7
344		4
345		3
346		4
347		2
348		5
349		5
350		6
351		5
352		6
353		3
354		4
355		6
356		5
357		6
358		3
359		6
360		11
361		5
362		3
363		3
364		5
365		3
366		4
367		4
368		4
369		2
370		5
371		3
372		3
373		5
374		4
375		8
376		2
377		4
378		1
379		5
380		2
381		6
382		4
383		3
384		6
385		4
386		5
387		5
388		3
389		4
390		3
391		3
392		4
394		1
395		1
396		1
397		8
398		5
399		5
400		2
401		4
402		6
404		2
405		2
406		2
407		2
408		1
409		2
410		3
411		4
412		2
413		6
414		6
415		1
416		4
417		4
419		4
420		1
421		2
422		3
423		1
424		1
425		3
426		3
427		4
428		3
429		4
430		2
432		3
433		1
434		1
435		2
436		1
437		2
438		2
439		3
441		3
442		1
443		1
444		2
445		2
446		2
447		2
448		1
449		4
450		2
451		5
452		1
453		3
455		1
456		1
457		2
458		5
459		3
461		1
462		2
463		2
464		1
465		2
466		3
467		3
468		2
469		1
470		1
471		2
472		3
473		3
475		3
476		3
478		1
479		3
480		1
481		2
482		4
484		1
485		5
486		6
487		4
489		1
490		1
491		2
492		1
494		6
495		1
496		2
498		5
499		3
500		3
501		2
502		3
503		1
504		2
505		1
507		5
508		2
510		1
511		1
514		2
515		2
516		1
517		3
518		1
520		1
523		1
524		3
525		2
526		3
528		2
529		2
530		1
531		3
532		5
536		1
538		2
539		2
540		2
541		2
544		2
547		2
548		2
549		1
550		3
551		1
553		2
554		1
555		1
556		2
557		1
558		1
559		1
560		2
562		1
564		2
566		1
567		1
568		4
569		1
570		3
571		1
572		1
573		2
575		2
576		4
578		3
579		2
581		1
583		1
584		1
585		1
586		3
587		2
589		1
590		1
593		1
595		1
596		1
597		1
598		1
600		3
602		1
603		2
604		2
605		4
607		1
609		1
610		1
611		2
612		1
613		1
614		1
617		1
620		1
623		3
625		2
627		1
631		2
632		1
633		1
635		1
637		1
639		1
640		1
641		1
645		1
646		2
648		3
650		1
651		1
653		1
654		2
657		1
658		1
659		1
661		1
663		1
664		1
665		1
666		1
667		1
670		3
674		1
675		1
678		2
680		1
681		1
683		2
686		1
687		1
688		2
689		1
693		1
694		2
696		2
697		3
698		1
702		1
704		2
707		1
708		1
710		1
712		1
716		1
717		1
721		1
722		1
723		1
726		1
727		1
729		1
731		1
734		1
735		1
736		3
737		1
740		1
741		2
742		2
743		1
744		1
748		1
749		1
751		1
753		3
755		2
758		1
760		1
762		1
763		1
765		1
767		1
773		2
774		2
776		1
777		1
780		2
781		2
787		3
788		1
789		1
790		1
800		1
801		1
802		1
807		1
810		2
811		1
812		1
818		1
823		1
824		1
825		1
828		1
833		1
836		1
837		1
838		1
840		1
842		1
844		2
845		1
857		4
863		1
864		2
865		1
870		1
871		1
872		1
878		1
881		2
885		1
886		2
888		1
891		1
892		1
894		1
895		1
896		1
898		1
901		1
902		3
906		3
907		1
910		2
923		1
924		1
925		4
929		1
932		1
933		1
935		1
939		1
942		1
944		2
946		1
949		1
950		1
953		2
955		1
956		1
957		2
958		2
959		2
960		1
961		1
962		1
963		1
965		1
968		1
969		1
971		1
975		1
977		1
984		1
985		1
988		1
989		1
993		1
997		1
998		1
999		1
1000		2
1001		1
1002		1
1008		1
1011		2
1018		1
1020		1
1028		1
1037		1
1038		1
1042		1
1045		1
1046		1
1048		1
1051		1
1056		1
1057		1
1060		1
1061		1
1062		1
1063		1
1066		1
1069		2
1070		1
1071		1
1072		1
1073		1
1082		1
1086		1
1092		1
1097		1
1100		2
1101		1
1102		2
1103		1
1104		1
1106		1
1108		1
1109		1
1110		1
1112		2
1116		2
1119		1
1120		2
1121		1
1122		1
1124		2
1137		1
1142		3
1143		1
1145		2
1149		2
1151		1
1154		1
1155		1
1158		1
1166		2
1168		1
1169		1
1170		1
1171		1
1176		1
1178		1
1179		1
1182		1
1183		1
1186		1
1189		2
1193		1
1196		1
1201		1
1202		1
1204		2
1212		1
1213		1
1216		1
1218		1
1220		1
1221		1
1223		2
1227		2
1228		1
1230		2
1232		1
1238		1
1240		3
1242		1
1245		1
1246		2
1251		2
1252		1
1267		1
1268		2
1269		1
1270		1
1271		2
1274		1
1278		1
1281		1
1283		1
1284		1
1286		1
1287		1
1292		1
1295		2
1297		1
1299		1
1300		1
1301		2
1302		1
1304		2
1306		1
1308		1
1312		1
1317		2
1322		1
1323		1
1326		1
1329		2
1332		1
1336		1
1338		3
1339		1
1340		1
1341		1
1343		1
1347		2
1349		3
1354		1
1356		1
1357		1
1358		1
1359		1
1364		1
1368		1
1370		2
1371		1
1373		1
1378		1
1379		1
1384		2
1386		1
1387		1
1388		2
1389		1
1393		1
1395		2
1397		1
1399		2
1400		1
1403		1
1406		1
1408		1
1412		1
1417		1
1426		1
1427		1
1429		1
1430		1
1432		1
1434		1
1439		1
1440		2
1441		1
1444		1
1445		1
1450		1
1452		1
1453		1
1454		1
1457		1
1459		1
1461		1
1464		1
1467		1
1470		1
1475		1
1478		2
1479		2
1480		1
1481		1
1482		1
1483		1
1485		1
1487		1
1488		1
1490		1
1493		2
1499		1
1506		1
1507		1
1508		5
1509		1
1512		2
1514		1
1519		1
1521		1
1523		1
1525		1
1526		1
1527		1
1532		1
1533		1
1535		1
1539		1
1541		1
1549		1
1550		1
1554		1
1556		2
1557		1
1563		1
1565		2
1568		1
1569		3
1580		3
1584		1
1586		1
1587		1
1591		1
1593		1
1595		1
1596		2
1598		3
1600		1
1601		1
1602		1
1604		1
1608		2
1611		1
1613		3
1614		1
1616		1
1619		2
1621		1
1622		1
1623		2
1624		1
1628		1
1629		2
1630		1
1632		1
1634		1
1637		1
1638		2
1642		2
1643		1
1644		1
1645		2
1648		1
1650		2
1651		1
1652		1
1653		2
1655		2
1656		1
1660		1
1663		1
1664		1
1666		1
1667		2
1668		3
1669		1
1670		2
1673		3
1674		1
1675		1
1676		1
1680		3
1681		1
1682		1
1683		1
1684		1
1686		1
1687		1
1688		1
1689		1
1690		3
1692		3
1696		1
1699		1
1700		1
1701		1
1702		3
1706		1
1707		1
1709		3
1710		1
1714		4
1715		2
1718		2
1719		1
1720		2
1721		4
1723		1
1724		1
1725		1
1726		2
1727		2
1729		1
1730		2
1732		2
1733		1
1734		1
1735		1
1736		3
1737		1
1738		2
1739		1
1741		3
1742		1
1745		1
1746		1
1747		2
1748		2
1749		4
1750		1
1752		1
1753		1
1754		1
1755		2
1757		3
1758		1
1759		1
1760		2
1761		2
1762		2
1763		2
1764		3
1765		1
1766		2
1770		1
1772		1
1773		1
1774		2
1775		1
1776		1
1777		4
1778		3
1780		3
1782		2
1783		1
1784		3
1785		1
1786		1
1787		1
1788		3
1789		3
1790		2
1791		4
1792		1
1793		1
1795		5
1796		1
1797		1
1798		1
1799		1
1800		1
1801		2
1802		3
1804		1
1806		3
1808		1
1809		1
1810		1
1811		3
1812		1
1813		2
1814		1
1815		2
1816		1
1817		1
1819		1
1820		2
1821		1
1822		1
1823		3
1824		2
1825		2
1826		1
1827		2
1828		1
1829		2
1830		3
1832		1
1833		3
1834		3
1835		3
1836		1
1837		2
1838		4
1839		1
1842		1
1843		1
1844		2
1846		1
1848		1
1849		1
1850		2
1851		3
1852		2
1855		1
1857		2
1858		1
1859		3
1860		5
1861		2
1862		2
1863		2
1864		3
1865		3
1866		3
1867		4
1868		2
1869		2
1871		5
1872		1
1873		1
1875		2
1877		1
1878		3
1879		1
1880		4
1881		1
1882		5
1883		2
1884		1
1885		3
1887		2
1888		4
1889		2
1890		3
1891		4
1892		1
1893		3
1894		1
1895		2
1897		2
1898		1
1899		3
1900		2
1901		1
1902		3
1903		3
1904		2
1905		2
1906		1
1908		2
1910		6
1912		1
1913		2
1914		6
1915		4
1916		4
1917		3
1918		3
1919		5
1921		3
1922		5
1924		2
1925		4
1926		3
1927		4
1928		6
1929		5
1930		2
1931		4
1932		5
1933		3
1934		2
1935		5
1936		2
1938		2
1939		8
1940		1
1941		3
1942		2
1943		3
1944		6
1945		4
1946		4
1947		5
1948		5
1949		4
1950		4
1951		1
1952		3
1953		5
1954		5
1955		2
1956		4
1957		3
1958		3
1959		2
1960		3
1961		3
1962		4
1963		3
1964		2
1966		4
1967		3
1968		6
1969		6
1970		3
1971		3
1972		4
1973		1
1974		4
1975		4
1976		8
1977		2
1978		4
1979		1
1980		3
1981		2
1982		4
1983		4
1984		3
1985		3
1986		9
1987		4
1988		2
1989		1
1990		5
1991		3
1992		3
1993		7
1994		4
1995		2
1996		3
1997		8
1998		5
1999		2
2000		5
2001		3
2002		7
2003		6
2004		1
2005		4
2006		3
2007		4
2008		3
2009		5
2010		4
2011		1
2013		7
2014		6
2015		7
2016		5
2017		4
2018		8
2019		10
2020		5
2021		6
2022		6
2023		5
2024		4
2025		4
2026		5
2027		7
2028		2
2029		7
2030		4
2031		8
2032		5
2033		3
2035		4
2036		4
2037		2
2038		2
2039		6
2040		6
2041		4
2042		9
2043		8
2044		5
2045		3
2046		4
2047		3
2048		6
2049		6
2050		11
2051		3
2052		9
2053		9
2054		5
2055		5
2056		4
2057		5
2058		6
2059		6
2060		6
2061		4
2062		4
2063		6
2064		6
2065		11
2066		12
2067		1
2068		7
2069		8
2070		5
2071		3
2072		5
2073		1
2074		9
2075		6
2076		7
2077		7
2078		9
2079		12
2080		10
2081		7
2082		5
2083		9
2084		11
2085		1
2086		4
2087		5
2088		7
2089		11
2090		10
2091		6
2092		8
2093		6
2094		3
2095		7
2096		6
2097		13
2098		5
2099		9
2100		8
2101		9
2102		7
2103		7
2104		11
2105		10
2106		10
2107		18
2108		10
2109		7
2110		14
2111		6
2112		8
2113		10
2114		8
2115		8
2116		8
2117		9
2118		10
2119		4
2120		14
2121		8
2122		14
2123		10
2124		15
2125		11
2126		14
2127		9
2128		9
2129		9
2130		10
2131		6
2132		6
2133		14
2134		13
2135		11
2136		10
2137		6
2138		10
2139		7
2140		17
2141		12
2142		7
2143		10
2144		11
2145		12
2146		16
2147		9
2148		8
2149		14
2150		16
2151		10
2152		10
2153		14
2154		12
2155		7
2156		14
2157		15
2158		16
2159		7
2160		18
2161		12
2162		15
2163		9
2164		13
2165		15
2166		15
2167		14
2168		14
2169		11
2170		15
2171		14
2172		7
2173		15
2174		17
2175		11
2176		14
2177		13
2178		12
2179		11
2180		9
2181		21
2182		20
2183		16
2184		15
2185		11
2186		10
2187		21
2188		15
2189		18
2190		14
2191		19
2192		12
2193		14
2194		19
2195		14
2196		20
2197		14
2198		18
2199		12
2200		12
2201		16
2202		16
2203		12
2204		22
2205		20
2206		18
2207		19
2208		20
2209		12
2210		13
2211		19
2212		13
2213		19
2214		20
2215		18
2216		16
2217		22
2218		20
2219		19
2220		19
2221		19
2222		27
2223		21
2224		18
2225		19
2226		34
2227		25
2228		28
2229		28
2230		19
2231		19
2232		16
2233		22
2234		20
2235		25
2236		24
2237		25
2238		21
2239		31
2240		28
2241		25
2242		18
2243		22
2244		18
2245		22
2246		20
2247		15
2248		21
2249		25
2250		33
2251		26
2252		28
2253		24
2254		30
2255		25
2256		25
2257		25
2258		19
2259		25
2260		18
2261		22
2262		33
2263		29
2264		27
2265		21
2266		29
2267		27
2268		30
2269		20
2270		27
2271		46
2272		26
2273		30
2274		30
2275		28
2276		45
2277		33
2278		25
2279		34
2280		34
2281		33
2282		35
2283		30
2284		35
2285		37
2286		35
2287		43
2288		29
2289		39
2290		30
2291		38
2292		42
2293		32
2294		47
2295		42
2296		34
2297		30
2298		41
2299		32
2300		33
2301		36
2302		51
2303		44
2304		39
2305		36
2306		41
2307		42
2308		49
2309		33
2310		58
2311		40
2312		34
2313		40
2314		50
2315		45
2316		42
2317		29
2318		51
2319		42
2320		45
2321		52
2322		36
2323		58
2324		38
2325		54
2326		49
2327		44
2328		51
2329		57
2330		37
2331		56
2332		52
2333		49
2334		60
2335		47
2336		56
2337		53
2338		49
2339		47
2340		53
2341		53
2342		56
2343		61
2344		59
2345		43
2346		46
2347		61
2348		57
2349		52
2350		53
2351		64
2352		71
2353		49
2354		53
2355		53
2356		67
2357		61
2358		68
2359		55
2360		61
2361		59
2362		64
2363		62
2364		57
2365		66
2366		80
2367		60
2368		58
2369		62
2370		59
2371		69
2372		74
2373		86
2374		62
2375		79
2376		59
2377		69
2378		78
2379		67
2380		68
2381		79
2382		84
2383		67
2384		93
2385		64
2386		77
2387		77
2388		54
2389		84
2390		75
2391		59
2392		100
2393		76
2394		79
2395		83
2396		73
2397		76
2398		63
2399		87
2400		79
2401		68
2402		81
2403		70
2404		68
2405		87
2406		78
2407		92
2408		94
2409		82
2410		78
2411		80
2412		82
2413		91
2414		78
2415		90
2416		81
2417		90
2418		98
2419		89
2420		86
2421		88
2422		74
2423		87
2424		67
2425		89
2426		104
2427		94
2428		97
2429		88
2430		77
2431		84
2432		91
2433		83
2434		117
2435		94
2436		95
2437		100
2438		111
2439		84
2440		102
2441		87
2442		94
2443		114
2444		85
2445		87
2446		102
2447		101
2448		100
2449		113
2450		90
2451		89
2452		107
2453		84
2454		126
2455		97
2456		108
2457		95
2458		104
2459		109
2460		105
2461		103
2462		113
2463		124
2464		116
2465		86
2466		111
2467		118
2468		98
2469		131
2470		114
2471		103
2472		111
2473		120
2474		96
2475		112
2476		117
2477		113
2478		109
2479		116
2480		103
2481		86
2482		107
2483		97
2484		95
2485		112
2486		107
2487		86
2488		101
2489		92
2490		100
2491		93
2492		113
2493		97
2494		102
2495		112
2496		94
2497		91
2498		95
2499		95
2500		102
2501		107
2502		87
2503		76
2504		93
2505		83
2506		105
2507		92
2508		101
2509		97
2510		81
2511		95
2512		84
2513		102
2514		72
2515		70
2516		86
2517		69
2518		92
2519		81
2520		73
2521		77
2522		84
2523		82
2524		59
2525		77
2526		72
2527		80
2528		81
2529		73
2530		79
2531		73
2532		74
2533		81
2534		69
2535		68
2536		94
2537		69
2538		66
2539		66
2540		60
2541		70
2542		82
2543		53
2544		60
2545		60
2546		70
2547		57
2548		56
2549		66
2550		56
2551		48
2552		57
2553		49
2554		54
2555		53
2556		56
2557		63
2558		65
2559		42
2560		47
2561		51
2562		59
2563		49
2564		40
2565		33
2566		44
2567		50
2568		49
2569		42
2570		39
2571		47
2572		30
2573		30
2574		42
2575		34
2576		44
2577		30
2578		33
2579		38
2580		31
2581		36
2582		27
2583		29
2584		35
2585		24
2586		29
2587		26
2588		18
2589		27
2590		26
2591		27
2592		29
2593		27
2594		31
2595		26
2596		22
2597		16
2598		16
2599		13
2600		19
2601		26
2602		11
2603		15
2604		25
2605		17
2606		13
2607		15
2608		18
2609		15
2610		23
2611		12
2612		11
2613		12
2614		8
2615		6
2616		12
2617		14
2618		12
2619		10
2620		8
2621		3
2622		3
2623		6
2624		8
2625		5
2626		7
2627		9
2628		7
2629		4
2630		5
2631		11
2632		4
2633		3
2634		2
2635		7
2636		10
2638		2
2639		2
2640		4
2641		4
2642		2
2644		2
2645		1
2646		3
2647		2
2648		2
2649		2
2651		1
2652		4
2655		1
2657		1
2659		2
2660		1
2661		1
2665		2
2667		2
2668		1
2671		1
2672		1
2673		2
2674		2
2679		1
2693		1
2709		1
