Tamaños		Cantidades
1		19619505
2		5492411
3		3466995
4		2349471
5		1702757
6		1283520
7		1007694
8		811235
9		669347
10		559729
11		475061
12		408223
13		352672
14		308308
15		269955
16		238214
17		211697
18		188675
19		169356
20		152297
21		137174
22		124352
23		112695
24		102940
25		93710
26		85086
27		78538
28		71830
29		65785
30		60851
31		56052
32		51807
33		47735
34		44501
35		41213
36		37788
37		35330
38		32906
39		30736
40		28553
41		26353
42		24393
43		22685
44		21329
45		20193
46		18874
47		17613
48		16554
49		15543
50		14486
51		13582
52		12691
53		12111
54		11269
55		10644
56		9918
57		9303
58		8799
59		8246
60		7851
61		7166
62		6907
63		6560
64		6062
65		5758
66		5357
67		5117
68		5002
69		4721
70		4364
71		4091
72		3895
73		3643
74		3489
75		3240
76		3008
77		2984
78		2753
79		2522
80		2433
81		2414
82		2166
83		2121
84		2114
85		1866
86		1789
87		1634
88		1568
89		1592
90		1453
91		1367
92		1294
93		1216
94		1205
95		1110
96		1148
97		1017
98		900
99		879
100		870
101		842
102		729
103		746
104		699
105		644
106		635
107		592
108		557
109		535
110		516
111		494
112		443
113		446
114		410
115		405
116		375
117		368
118		319
119		297
120		300
121		294
122		252
123		270
124		249
125		244
126		253
127		251
128		200
129		214
130		193
131		194
132		174
133		163
134		149
135		171
136		143
137		151
138		146
139		124
140		102
141		110
142		95
143		119
144		100
145		96
146		83
147		84
148		85
149		74
150		72
151		69
152		64
153		77
154		68
155		67
156		50
157		49
158		60
159		63
160		45
161		36
162		44
163		40
164		29
165		41
166		28
167		38
168		39
169		28
170		35
171		18
172		22
173		30
174		16
175		32
176		16
177		26
178		19
179		23
180		13
181		26
182		14
183		12
184		17
185		10
186		6
187		12
188		7
189		6
190		12
191		16
192		18
193		10
194		10
195		5
196		9
197		10
198		4
199		5
200		5
201		7
202		7
203		5
204		6
205		6
206		4
207		7
208		2
209		6
210		11
211		2
212		6
213		3
214		3
215		4
216		2
217		3
218		4
219		1
220		4
221		1
222		2
224		4
225		2
226		2
227		2
228		5
229		2
230		5
231		2
232		1
233		3
234		1
235		1
237		2
238		1
242		2
243		1
244		4
246		1
247		2
250		1
251		1
253		1
254		1
255		3
256		1
257		1
258		2
260		1
262		2
264		1
268		1
269		1
281		1
283		1
284		1
294		1
295		1
296		1
305		1
366		1
