Tamaños		Cantidades
1		1632530
2		188656
3		86763
4		45218
5		25786
6		16066
7		10558
8		7303
9		5197
10		3844
11		2865
12		2241
13		1762
14		1416
15		1126
16		910
17		792
18		635
19		541
20		417
21		421
22		313
23		294
24		241
25		207
26		174
27		176
28		132
29		124
30		116
31		115
32		101
33		77
34		64
35		71
36		62
37		52
38		49
39		46
40		39
41		34
42		26
43		43
44		39
45		23
46		38
47		26
48		17
49		19
50		15
51		17
52		20
53		14
54		14
55		16
56		13
57		7
58		8
59		13
60		9
61		19
62		6
63		1
64		11
65		5
66		6
67		4
68		5
69		4
70		5
71		5
72		2
73		3
74		4
75		4
76		7
77		3
78		4
79		4
80		4
81		3
82		3
83		4
84		6
85		2
86		1
87		1
88		1
90		1
91		3
92		4
93		3
94		3
95		1
96		1
97		1
98		2
99		1
100		1
101		3
102		1
104		1
106		1
107		1
110		2
112		1
115		1
116		1
118		1
120		2
121		1
122		1
124		1
130		2
139		1
156		1
157		1
158		1
167		1
187		1
197		1
242		1
247		1
