Tamaños		Cantidades
1		7122213
2		1434369
3		839380
4		534899
5		368536
6		268071
7		203310
8		161311
9		129577
10		107335
11		90019
12		76494
13		66530
14		57705
15		51219
16		45329
17		40147
18		36491
19		32782
20		30051
21		27397
22		25070
23		22831
24		21196
25		19736
26		18432
27		17023
28		16027
29		14942
30		14049
31		12982
32		12246
33		11424
34		11045
35		10313
36		9953
37		9342
38		8955
39		8395
40		8020
41		7787
42		7450
43		7154
44		6689
45		6251
46		6243
47		5953
48		5777
49		5449
50		5411
51		5275
52		4814
53		4801
54		4470
55		4476
56		4203
57		4180
58		4059
59		3885
60		3767
61		3578
62		3572
63		3324
64		3263
65		3208
66		3132
67		3122
68		2940
69		2919
70		2757
71		2674
72		2616
73		2583
74		2495
75		2450
76		2474
77		2383
78		2298
79		2235
80		2094
81		2154
82		2121
83		2009
84		1943
85		1998
86		1871
87		1803
88		1860
89		1769
90		1722
91		1764
92		1640
93		1589
94		1622
95		1565
96		1542
97		1450
98		1494
99		1430
100		1434
101		1437
102		1317
103		1407
104		1290
105		1312
106		1340
107		1241
108		1252
109		1253
110		1187
111		1128
112		1146
113		1111
114		1080
115		1099
116		1083
117		1059
118		1045
119		1011
120		960
121		984
122		985
123		968
124		977
125		961
126		956
127		836
128		880
129		854
130		835
131		828
132		829
133		832
134		824
135		821
136		840
137		792
138		748
139		746
140		728
141		743
142		757
143		733
144		724
145		702
146		656
147		698
148		685
149		628
150		669
151		578
152		592
153		640
154		618
155		601
156		655
157		615
158		619
159		604
160		594
161		584
162		600
163		594
164		532
165		559
166		524
167		518
168		546
169		563
170		493
171		523
172		538
173		483
174		499
175		509
176		480
177		493
178		480
179		455
180		461
181		464
182		484
183		439
184		440
185		427
186		489
187		508
188		469
189		418
190		421
191		450
192		429
193		413
194		430
195		402
196		414
197		386
198		361
199		419
200		390
201		401
202		369
203		375
204		402
205		405
206		398
207		356
208		378
209		340
210		360
211		381
212		349
213		342
214		323
215		337
216		331
217		318
218		327
219		353
220		324
221		335
222		311
223		330
224		324
225		316
226		328
227		315
228		271
229		303
230		318
231		292
232		334
233		278
234		295
235		301
236		295
237		252
238		298
239		240
240		286
241		284
242		271
243		290
244		275
245		256
246		276
247		251
248		288
249		270
250		278
251		255
252		231
253		248
254		238
255		232
256		250
257		246
258		234
259		246
260		235
261		226
262		251
263		215
264		208
265		268
266		210
267		228
268		237
269		222
270		208
271		236
272		213
273		232
274		224
275		221
276		205
277		227
278		219
279		197
280		198
281		191
282		194
283		210
284		198
285		174
286		191
287		208
288		184
289		202
290		161
291		173
292		188
293		190
294		206
295		227
296		188
297		210
298		195
299		158
300		201
301		203
302		199
303		177
304		165
305		171
306		177
307		152
308		197
309		168
310		181
311		169
312		178
313		162
314		164
315		152
316		147
317		189
318		187
319		141
320		181
321		164
322		175
323		160
324		177
325		150
326		149
327		129
328		144
329		155
330		165
331		128
332		158
333		176
334		142
335		142
336		160
337		125
338		153
339		134
340		135
341		165
342		150
343		135
344		159
345		156
346		140
347		122
348		146
349		134
350		135
351		139
352		137
353		133
354		134
355		129
356		141
357		131
358		133
359		150
360		136
361		122
362		143
363		122
364		134
365		135
366		152
367		132
368		111
369		136
370		126
371		142
372		111
373		130
374		123
375		147
376		123
377		126
378		141
379		123
380		132
381		114
382		124
383		158
384		122
385		105
386		110
387		120
388		111
389		130
390		117
391		119
392		103
393		107
394		114
395		132
396		115
397		113
398		112
399		122
400		114
401		115
402		109
403		107
404		121
405		114
406		101
407		97
408		112
409		110
410		95
411		114
412		102
413		95
414		125
415		92
416		108
417		87
418		99
419		122
420		87
421		99
422		108
423		94
424		103
425		99
426		101
427		108
428		110
429		104
430		99
431		78
432		85
433		101
434		118
435		104
436		101
437		97
438		93
439		79
440		89
441		85
442		91
443		92
444		74
445		92
446		100
447		113
448		88
449		79
450		84
451		93
452		87
453		89
454		87
455		94
456		68
457		99
458		98
459		72
460		86
461		68
462		71
463		79
464		83
465		68
466		90
467		84
468		91
469		66
470		92
471		84
472		77
473		85
474		72
475		76
476		75
477		81
478		78
479		72
480		68
481		77
482		80
483		73
484		77
485		76
486		84
487		82
488		82
489		76
490		63
491		66
492		88
493		77
494		62
495		67
496		71
497		72
498		72
499		62
500		94
501		70
502		70
503		69
504		68
505		82
506		80
507		73
508		70
509		81
510		67
511		63
512		57
513		64
514		79
515		77
516		74
517		66
518		67
519		63
520		71
521		82
522		72
523		72
524		69
525		69
526		66
527		60
528		91
529		58
530		58
531		72
532		69
533		69
534		74
535		61
536		59
537		63
538		64
539		74
540		64
541		66
542		73
543		50
544		62
545		55
546		64
547		67
548		75
549		63
550		58
551		75
552		62
553		55
554		62
555		64
556		58
557		59
558		66
559		52
560		64
561		53
562		60
563		60
564		52
565		47
566		65
567		66
568		64
569		56
570		59
571		61
572		56
573		57
574		60
575		53
576		52
577		63
578		50
579		52
580		51
581		52
582		59
583		63
584		55
585		49
586		60
587		55
588		37
589		49
590		48
591		65
592		69
593		58
594		56
595		52
596		57
597		48
598		67
599		43
600		59
601		54
602		63
603		47
604		41
605		60
606		49
607		49
608		46
609		50
610		58
611		39
612		46
613		53
614		57
615		50
616		54
617		49
618		44
619		50
620		51
621		41
622		46
623		50
624		49
625		52
626		45
627		49
628		50
629		48
630		63
631		48
632		39
633		50
634		46
635		56
636		44
637		51
638		48
639		55
640		50
641		57
642		34
643		53
644		49
645		47
646		58
647		37
648		44
649		55
650		42
651		44
652		47
653		46
654		53
655		45
656		44
657		38
658		47
659		45
660		33
661		38
662		37
663		43
664		43
665		51
666		45
667		50
668		28
669		62
670		38
671		47
672		41
673		46
674		48
675		43
676		37
677		44
678		41
679		55
680		43
681		40
682		37
683		39
684		43
685		42
686		52
687		44
688		25
689		43
690		41
691		33
692		47
693		45
694		43
695		43
696		42
697		39
698		39
699		40
700		37
701		39
702		45
703		41
704		47
705		27
706		39
707		40
708		38
709		38
710		51
711		33
712		40
713		42
714		45
715		25
716		41
717		37
718		31
719		38
720		31
721		38
722		37
723		44
724		46
725		37
726		30
727		51
728		32
729		32
730		36
731		43
732		36
733		38
734		43
735		46
736		46
737		27
738		42
739		42
740		44
741		42
742		29
743		39
744		35
745		34
746		38
747		42
748		36
749		37
750		33
751		30
752		35
753		32
754		35
755		34
756		31
757		29
758		36
759		34
760		44
761		27
762		30
763		44
764		30
765		27
766		32
767		30
768		38
769		38
770		32
771		26
772		44
773		37
774		36
775		36
776		32
777		29
778		24
779		33
780		40
781		46
782		20
783		36
784		33
785		37
786		38
787		33
788		19
789		21
790		32
791		31
792		30
793		30
794		39
795		38
796		34
797		23
798		30
799		22
800		31
801		39
802		24
803		35
804		38
805		29
806		38
807		26
808		32
809		31
810		36
811		32
812		31
813		31
814		37
815		36
816		40
817		21
818		35
819		26
820		38
821		35
822		33
823		26
824		33
825		23
826		29
827		32
828		28
829		20
830		22
831		28
832		38
833		25
834		24
835		27
836		26
837		29
838		27
839		27
840		23
841		36
842		31
843		27
844		36
845		29
846		27
847		28
848		30
849		25
850		27
851		31
852		26
853		22
854		36
855		33
856		27
857		28
858		42
859		25
860		19
861		28
862		27
863		22
864		40
865		27
866		35
867		24
868		28
869		24
870		28
871		25
872		35
873		22
874		34
875		26
876		28
877		29
878		22
879		24
880		33
881		33
882		20
883		31
884		31
885		31
886		32
887		25
888		33
889		31
890		35
891		27
892		25
893		20
894		28
895		28
896		33
897		25
898		32
899		22
900		28
901		21
902		21
903		23
904		25
905		24
906		39
907		38
908		25
909		27
910		22
911		26
912		20
913		32
914		27
915		23
916		23
917		27
918		30
919		20
920		24
921		21
922		28
923		26
924		32
925		25
926		26
927		30
928		28
929		21
930		17
931		32
932		26
933		28
934		25
935		22
936		25
937		29
938		21
939		34
940		26
941		17
942		24
943		29
944		18
945		33
946		23
947		24
948		28
949		30
950		31
951		17
952		34
953		26
954		21
955		34
956		23
957		26
958		25
959		26
960		18
961		36
962		21
963		19
964		30
965		22
966		16
967		26
968		23
969		24
970		26
971		29
972		24
973		19
974		21
975		17
976		25
977		15
978		29
979		32
980		16
981		22
982		16
983		25
984		28
985		21
986		23
987		22
988		24
989		29
990		24
991		29
992		32
993		15
994		19
995		27
996		30
997		14
998		29
999		25
1000		22
1001		25
1002		20
1003		18
1004		21
1005		25
1006		23
1007		21
1008		22
1009		23
1010		23
1011		19
1012		26
1013		32
1014		21
1015		24
1016		15
1017		28
1018		19
1019		19
1020		15
1021		22
1022		14
1023		19
1024		21
1025		27
1026		21
1027		24
1028		21
1029		27
1030		21
1031		26
1032		16
1033		21
1034		25
1035		20
1036		18
1037		15
1038		21
1039		21
1040		19
1041		16
1042		13
1043		20
1044		21
1045		20
1046		24
1047		11
1048		16
1049		21
1050		26
1051		16
1052		17
1053		20
1054		14
1055		18
1056		27
1057		31
1058		26
1059		29
1060		23
1061		23
1062		21
1063		19
1064		29
1065		22
1066		21
1067		20
1068		23
1069		26
1070		17
1071		22
1072		22
1073		19
1074		21
1075		20
1076		15
1077		18
1078		17
1079		24
1080		18
1081		17
1082		19
1083		13
1084		25
1085		13
1086		21
1087		20
1088		17
1089		20
1090		13
1091		26
1092		17
1093		16
1094		25
1095		21
1096		22
1097		13
1098		18
1099		15
1100		24
1101		20
1102		31
1103		20
1104		15
1105		14
1106		21
1107		22
1108		20
1109		17
1110		24
1111		13
1112		18
1113		17
1114		17
1115		12
1116		12
1117		24
1118		14
1119		18
1120		13
1121		23
1122		19
1123		21
1124		30
1125		24
1126		25
1127		15
1128		14
1129		15
1130		13
1131		17
1132		18
1133		12
1134		20
1135		25
1136		15
1137		18
1138		18
1139		13
1140		27
1141		14
1142		15
1143		16
1144		21
1145		23
1146		16
1147		21
1148		17
1149		10
1150		16
1151		17
1152		16
1153		16
1154		18
1155		19
1156		15
1157		21
1158		13
1159		20
1160		10
1161		22
1162		13
1163		15
1164		19
1165		21
1166		7
1167		22
1168		16
1169		21
1170		17
1171		21
1172		20
1173		18
1174		16
1175		21
1176		13
1177		15
1178		22
1179		12
1180		22
1181		24
1182		14
1183		12
1184		20
1185		15
1186		11
1187		23
1188		17
1189		12
1190		12
1191		12
1192		12
1193		19
1194		17
1195		12
1196		15
1197		10
1198		13
1199		10
1200		21
1201		14
1202		15
1203		20
1204		21
1205		18
1206		15
1207		11
1208		13
1209		14
1210		13
1211		22
1212		14
1213		22
1214		15
1215		15
1216		19
1217		7
1218		17
1219		7
1220		19
1221		15
1222		22
1223		14
1224		18
1225		12
1226		16
1227		11
1228		15
1229		13
1230		17
1231		15
1232		15
1233		14
1234		14
1235		14
1236		16
1237		18
1238		17
1239		17
1240		17
1241		17
1242		13
1243		16
1244		9
1245		15
1246		16
1247		26
1248		15
1249		16
1250		25
1251		17
1252		12
1253		11
1254		10
1255		16
1256		16
1257		11
1258		13
1259		9
1260		15
1261		11
1262		23
1263		20
1264		16
1265		7
1266		14
1267		21
1268		21
1269		16
1270		14
1271		10
1272		14
1273		13
1274		23
1275		19
1276		13
1277		14
1278		16
1279		15
1280		20
1281		10
1282		12
1283		14
1284		14
1285		10
1286		18
1287		12
1288		16
1289		20
1290		17
1291		12
1292		17
1293		16
1294		17
1295		17
1296		8
1297		15
1298		15
1299		10
1300		14
1301		12
1302		14
1303		16
1304		9
1305		13
1306		11
1307		9
1308		22
1309		14
1310		15
1311		14
1312		17
1313		6
1314		9
1315		18
1316		15
1317		19
1318		10
1319		15
1320		15
1321		16
1322		17
1323		15
1324		17
1325		12
1326		14
1327		21
1328		16
1329		20
1330		20
1331		15
1332		15
1333		15
1334		12
1335		12
1336		23
1337		13
1338		23
1339		15
1340		21
1341		14
1342		11
1343		12
1344		17
1345		13
1346		11
1347		8
1348		9
1349		11
1350		15
1351		11
1352		14
1353		18
1354		16
1355		23
1356		15
1357		15
1358		11
1359		16
1360		7
1361		13
1362		10
1363		13
1364		22
1365		6
1366		10
1367		21
1368		13
1369		21
1370		6
1371		14
1372		8
1373		9
1374		15
1375		12
1376		15
1377		17
1378		10
1379		14
1380		10
1381		15
1382		10
1383		14
1384		15
1385		17
1386		14
1387		15
1388		17
1389		7
1390		18
1391		9
1392		7
1393		17
1394		14
1395		17
1396		10
1397		18
1398		12
1399		20
1400		19
1401		10
1402		19
1403		18
1404		17
1405		12
1406		11
1407		15
1408		11
1409		10
1410		7
1411		20
1412		16
1413		19
1414		10
1415		9
1416		15
1417		16
1418		13
1419		11
1420		13
1421		9
1422		13
1423		11
1424		11
1425		8
1426		6
1427		9
1428		9
1429		11
1430		10
1431		10
1432		14
1433		14
1434		9
1435		13
1436		17
1437		12
1438		10
1439		9
1440		9
1441		11
1442		11
1443		10
1444		11
1445		12
1446		20
1447		11
1448		17
1449		7
1450		10
1451		13
1452		19
1453		16
1454		8
1455		9
1456		15
1457		21
1458		15
1459		8
1460		13
1461		9
1462		7
1463		13
1464		15
1465		10
1466		10
1467		6
1468		8
1469		18
1470		4
1471		11
1472		13
1473		7
1474		13
1475		6
1476		9
1477		10
1478		11
1479		8
1480		9
1481		16
1482		11
1483		14
1484		8
1485		14
1486		10
1487		9
1488		15
1489		8
1490		9
1491		6
1492		20
1493		7
1494		9
1495		8
1496		9
1497		7
1498		10
1499		12
1500		12
1501		11
1502		13
1503		8
1504		16
1505		9
1506		11
1507		14
1508		8
1509		17
1510		8
1511		10
1512		8
1513		11
1514		10
1515		7
1516		10
1517		12
1518		13
1519		10
1520		11
1521		11
1522		7
1523		12
1524		16
1525		6
1526		12
1527		14
1528		12
1529		9
1530		7
1531		8
1532		13
1533		8
1534		10
1535		9
1536		14
1537		12
1538		5
1539		11
1540		16
1541		9
1542		14
1543		11
1544		11
1545		12
1546		13
1547		10
1548		13
1549		9
1550		6
1551		9
1552		6
1553		5
1554		7
1555		18
1556		12
1557		10
1558		16
1559		13
1560		12
1561		10
1562		7
1563		9
1564		12
1565		12
1566		13
1567		9
1568		10
1569		11
1570		8
1571		10
1572		12
1573		11
1574		18
1575		15
1576		15
1577		8
1578		13
1579		16
1580		16
1581		12
1582		15
1583		11
1584		13
1585		13
1586		10
1587		17
1588		9
1589		11
1590		6
1591		8
1592		10
1593		7
1594		15
1595		8
1596		9
1597		6
1598		5
1599		9
1600		9
1601		7
1602		12
1603		11
1604		11
1605		11
1606		18
1607		13
1608		6
1609		5
1610		14
1611		10
1612		8
1613		11
1614		8
1615		12
1616		5
1617		8
1618		11
1619		7
1620		13
1621		13
1622		2
1623		8
1624		9
1625		6
1626		16
1627		6
1628		17
1629		10
1630		6
1631		10
1632		6
1633		9
1634		5
1635		8
1636		10
1637		12
1638		3
1639		8
1640		11
1641		6
1642		9
1643		14
1644		8
1645		6
1646		6
1647		14
1648		8
1649		9
1650		10
1651		13
1652		5
1653		5
1654		11
1655		13
1656		7
1657		9
1658		8
1659		13
1660		11
1661		6
1662		12
1663		9
1664		9
1665		1
1666		8
1667		10
1668		9
1669		8
1670		11
1671		10
1672		8
1673		8
1674		7
1675		7
1676		13
1677		6
1678		12
1679		13
1680		9
1681		6
1682		12
1683		8
1684		11
1685		8
1686		8
1687		12
1688		6
1689		7
1690		5
1691		6
1692		4
1693		9
1694		10
1695		11
1696		9
1697		11
1698		16
1699		14
1700		10
1701		5
1702		6
1703		13
1704		14
1705		7
1706		12
1707		12
1708		8
1709		14
1710		8
1711		12
1712		9
1713		11
1714		10
1715		16
1716		9
1717		9
1718		8
1719		9
1720		11
1721		8
1722		12
1723		11
1724		11
1725		10
1726		7
1727		11
1728		10
1729		7
1730		5
1731		4
1732		7
1733		11
1734		5
1735		10
1736		4
1737		16
1738		8
1739		9
1740		3
1741		8
1742		5
1743		10
1744		6
1745		4
1746		7
1747		9
1748		7
1749		10
1750		11
1751		12
1752		6
1753		13
1754		6
1755		5
1756		17
1757		11
1758		8
1759		13
1760		12
1761		6
1762		9
1763		5
1764		7
1765		12
1766		11
1767		6
1768		16
1769		5
1770		7
1771		6
1772		7
1773		7
1774		15
1775		10
1776		8
1777		6
1778		5
1779		16
1780		12
1781		11
1782		12
1783		10
1784		5
1785		11
1786		11
1787		6
1788		15
1789		6
1790		11
1791		8
1792		14
1793		5
1794		4
1795		16
1796		6
1797		10
1798		9
1799		11
1800		5
1801		9
1802		3
1803		8
1804		6
1805		8
1806		9
1807		7
1808		8
1809		3
1810		12
1811		9
1812		6
1813		12
1814		6
1815		12
1816		7
1817		7
1818		8
1819		7
1820		6
1821		11
1822		8
1823		6
1824		16
1825		8
1826		14
1827		4
1828		8
1829		5
1830		6
1831		10
1832		6
1833		9
1834		7
1835		8
1836		10
1837		7
1838		9
1839		9
1840		9
1841		7
1842		8
1843		7
1844		8
1845		9
1846		8
1847		8
1848		9
1849		3
1850		13
1851		4
1852		5
1853		11
1854		9
1855		4
1856		10
1857		9
1858		15
1859		7
1860		8
1861		6
1862		10
1863		3
1864		6
1865		11
1866		5
1867		5
1868		8
1869		7
1870		8
1871		9
1872		10
1873		8
1874		7
1875		6
1876		9
1877		4
1878		10
1879		4
1880		2
1881		12
1882		9
1883		10
1884		9
1885		8
1886		9
1887		7
1888		6
1889		8
1890		5
1891		5
1892		5
1893		6
1894		5
1895		6
1896		8
1897		8
1898		8
1899		12
1900		12
1901		6
1902		9
1903		6
1904		2
1905		10
1906		5
1907		10
1908		5
1909		10
1910		10
1911		6
1912		9
1913		6
1914		10
1915		6
1916		6
1917		5
1918		9
1919		11
1920		13
1921		9
1922		10
1923		8
1924		11
1925		7
1926		11
1927		7
1928		5
1929		9
1930		4
1931		10
1932		4
1933		4
1934		4
1935		9
1936		9
1937		3
1938		10
1939		4
1940		13
1941		3
1942		7
1943		2
1944		9
1945		4
1946		4
1947		7
1948		4
1949		8
1950		5
1951		3
1952		7
1953		11
1954		8
1955		4
1956		12
1957		5
1958		10
1959		6
1960		10
1961		5
1962		9
1963		3
1964		4
1965		4
1966		7
1967		4
1968		8
1969		6
1970		10
1971		6
1972		8
1973		3
1974		7
1975		6
1976		6
1977		6
1978		5
1979		9
1980		10
1981		12
1982		1
1983		5
1984		6
1985		4
1986		6
1987		6
1988		14
1989		5
1990		1
1991		9
1992		7
1993		5
1994		2
1995		10
1996		11
1997		10
1998		3
1999		7
2000		5
2001		1
2002		7
2003		10
2004		6
2005		6
2006		6
2007		6
2008		6
2009		6
2010		4
2011		8
2012		10
2013		13
2014		5
2015		11
2016		7
2017		5
2018		2
2019		1
2020		4
2021		10
2022		8
2023		7
2024		9
2025		7
2026		8
2027		5
2028		8
2029		7
2030		6
2031		5
2032		3
2033		6
2034		12
2035		9
2036		6
2037		2
2038		4
2039		9
2040		11
2041		6
2042		7
2043		8
2044		10
2045		7
2046		5
2047		8
2048		10
2049		6
2050		7
2051		3
2052		8
2053		10
2054		4
2055		11
2056		10
2057		4
2058		4
2059		4
2060		5
2061		8
2062		9
2063		7
2064		3
2065		5
2066		6
2067		7
2068		7
2069		7
2070		8
2071		6
2072		11
2073		9
2074		8
2075		8
2076		9
2077		2
2078		2
2079		9
2080		7
2081		4
2082		8
2083		5
2084		11
2085		5
2086		5
2087		6
2088		8
2089		2
2090		4
2091		5
2092		3
2093		4
2094		5
2095		10
2096		4
2097		7
2098		5
2099		11
2100		5
2101		7
2102		4
2103		4
2104		3
2105		4
2106		3
2107		5
2108		6
2109		9
2110		11
2111		5
2112		5
2113		6
2114		8
2115		7
2116		7
2117		6
2118		7
2119		6
2120		7
2121		8
2122		6
2123		10
2124		4
2125		7
2126		8
2127		5
2128		8
2129		9
2130		12
2131		7
2132		7
2133		9
2134		6
2135		5
2136		3
2137		5
2138		4
2139		13
2140		2
2141		8
2142		7
2143		8
2144		8
2145		7
2146		2
2147		5
2148		4
2149		5
2150		10
2151		7
2152		4
2153		6
2154		8
2155		3
2156		9
2157		8
2158		3
2159		3
2160		5
2161		8
2162		1
2163		6
2164		2
2165		4
2166		3
2167		8
2168		5
2169		4
2170		12
2171		4
2172		7
2173		13
2174		13
2175		9
2176		1
2177		7
2178		6
2179		7
2180		6
2181		10
2182		9
2183		9
2184		7
2185		3
2186		5
2187		7
2188		6
2189		6
2190		3
2191		4
2192		7
2193		2
2194		5
2195		4
2196		3
2197		8
2198		7
2199		3
2200		2
2201		7
2202		7
2203		6
2204		4
2205		7
2206		10
2207		12
2208		7
2209		8
2210		5
2211		4
2212		6
2213		5
2214		11
2215		6
2216		8
2217		6
2218		1
2219		9
2220		8
2221		6
2222		5
2223		8
2224		1
2226		10
2227		6
2228		4
2229		3
2230		5
2231		3
2232		5
2233		3
2234		3
2235		9
2236		5
2237		6
2238		5
2239		9
2240		5
2241		6
2242		5
2243		8
2244		6
2245		4
2246		8
2247		3
2248		10
2249		5
2250		7
2251		5
2252		6
2253		7
2254		7
2255		6
2256		4
2257		3
2258		5
2259		3
2260		3
2261		3
2262		5
2263		9
2264		7
2265		3
2266		8
2267		6
2268		4
2269		10
2270		4
2271		5
2272		7
2273		7
2274		8
2275		3
2276		4
2277		9
2278		8
2279		5
2280		1
2281		8
2282		8
2283		10
2284		4
2285		6
2286		3
2287		3
2288		5
2289		5
2290		8
2291		5
2292		6
2293		8
2294		7
2295		3
2296		6
2297		1
2298		7
2299		7
2300		2
2301		8
2302		13
2303		7
2304		7
2305		8
2306		6
2307		4
2308		6
2309		5
2310		5
2311		4
2312		6
2313		5
2314		6
2315		6
2316		6
2317		5
2318		5
2319		6
2320		7
2321		10
2322		8
2323		6
2324		2
2325		9
2326		8
2327		4
2328		6
2329		9
2330		5
2331		7
2332		4
2333		7
2334		13
2335		7
2336		8
2337		9
2338		6
2339		6
2340		4
2341		5
2342		6
2343		2
2344		4
2345		4
2346		6
2347		1
2348		7
2349		6
2350		5
2351		8
2352		11
2353		6
2354		3
2355		3
2356		9
2357		5
2358		4
2359		1
2360		2
2361		9
2362		4
2363		3
2364		5
2365		2
2366		7
2367		7
2368		1
2369		8
2370		6
2371		3
2372		8
2373		8
2374		6
2375		6
2376		8
2377		4
2378		6
2379		9
2380		4
2381		6
2382		5
2383		3
2384		5
2385		5
2386		1
2387		2
2388		7
2389		7
2390		5
2391		8
2392		11
2393		1
2394		2
2395		6
2396		5
2397		5
2398		4
2399		5
2400		2
2401		7
2402		8
2403		5
2404		5
2405		5
2406		6
2407		9
2408		4
2409		4
2410		8
2411		2
2412		5
2413		7
2414		4
2415		6
2416		7
2417		8
2418		6
2419		3
2420		2
2421		5
2422		8
2423		10
2424		9
2425		6
2426		3
2427		2
2428		6
2429		2
2430		7
2431		6
2432		5
2433		4
2434		6
2435		2
2436		4
2437		5
2438		11
2439		6
2440		4
2441		6
2442		3
2443		5
2444		2
2445		6
2446		6
2447		3
2448		2
2449		4
2450		7
2451		6
2452		5
2453		6
2454		7
2455		4
2456		5
2457		6
2458		7
2459		3
2460		2
2461		9
2462		5
2463		4
2464		5
2465		6
2466		7
2467		5
2468		7
2469		6
2470		8
2471		5
2472		5
2473		3
2474		4
2475		7
2476		4
2477		4
2478		6
2479		4
2480		7
2481		7
2482		8
2483		6
2484		4
2485		4
2486		5
2487		3
2488		12
2489		9
2490		9
2491		3
2492		7
2493		6
2494		7
2495		2
2496		6
2497		6
2498		7
2499		6
2500		8
2501		5
2502		3
2503		5
2504		6
2505		6
2506		5
2507		6
2508		10
2509		2
2510		9
2511		6
2512		5
2513		4
2514		2
2515		11
2516		4
2517		4
2518		1
2519		6
2520		3
2521		3
2522		6
2523		2
2524		7
2525		4
2526		4
2527		7
2528		7
2529		2
2530		10
2531		2
2532		12
2533		2
2534		2
2535		5
2536		12
2537		5
2538		3
2539		8
2540		5
2541		6
2542		5
2543		7
2544		3
2545		6
2546		8
2547		7
2548		7
2549		3
2550		6
2551		5
2552		7
2553		8
2554		5
2555		5
2556		6
2557		5
2558		2
2559		5
2560		7
2561		3
2562		5
2563		9
2564		5
2565		3
2566		5
2567		7
2568		5
2569		7
2570		12
2571		4
2572		2
2573		4
2574		4
2575		4
2576		5
2577		4
2578		6
2579		5
2580		8
2581		7
2582		3
2583		6
2584		5
2585		5
2586		1
2587		8
2588		5
2589		7
2590		6
2592		4
2593		5
2594		4
2595		7
2596		3
2597		5
2598		8
2599		1
2600		3
2601		4
2602		7
2603		4
2604		2
2605		2
2606		4
2607		9
2608		2
2609		4
2610		1
2611		3
2612		5
2613		6
2614		3
2615		2
2616		4
2617		4
2618		5
2619		6
2620		4
2621		4
2622		1
2623		6
2624		3
2625		3
2626		3
2627		3
2628		7
2629		4
2630		5
2631		3
2632		4
2633		3
2634		7
2635		8
2636		4
2637		7
2638		6
2639		6
2640		5
2641		5
2642		6
2643		2
2644		4
2645		6
2646		2
2647		6
2648		5
2649		5
2650		7
2651		3
2652		6
2653		4
2654		5
2655		8
2656		4
2657		1
2658		7
2659		6
2660		7
2661		6
2662		3
2663		5
2664		7
2665		6
2666		4
2667		4
2668		4
2669		1
2670		7
2671		5
2672		5
2673		4
2674		1
2675		4
2676		8
2677		1
2678		9
2679		4
2680		2
2681		3
2682		1
2683		7
2684		5
2685		3
2686		4
2687		5
2688		9
2689		6
2690		5
2691		6
2692		4
2693		4
2694		4
2695		4
2696		2
2697		5
2698		5
2699		3
2700		9
2701		5
2702		1
2703		3
2704		5
2705		5
2706		4
2707		1
2708		4
2709		6
2710		1
2711		5
2712		5
2713		2
2714		2
2715		4
2716		3
2717		6
2718		2
2719		4
2720		4
2721		1
2722		2
2723		1
2725		5
2726		5
2727		6
2728		6
2729		4
2730		2
2731		1
2732		6
2733		3
2734		4
2735		2
2736		7
2737		3
2738		1
2739		6
2740		5
2741		4
2742		5
2743		3
2744		6
2745		5
2746		3
2747		5
2748		8
2749		7
2750		4
2751		4
2752		8
2753		5
2754		6
2755		5
2756		5
2757		5
2758		3
2759		6
2760		4
2761		4
2762		5
2763		2
2764		6
2765		1
2766		8
2767		2
2768		2
2769		4
2770		7
2772		4
2773		1
2774		3
2775		7
2776		6
2777		2
2778		2
2779		2
2780		5
2781		1
2782		4
2783		3
2784		4
2785		4
2786		2
2787		2
2788		4
2789		5
2790		5
2791		7
2792		2
2794		7
2795		1
2796		2
2797		5
2798		1
2799		2
2800		5
2801		7
2802		4
2803		1
2804		4
2805		7
2806		8
2807		4
2808		1
2809		5
2810		3
2811		4
2812		4
2813		2
2814		2
2815		3
2816		1
2817		5
2818		5
2819		4
2820		9
2821		1
2822		2
2823		3
2824		2
2825		3
2826		5
2827		6
2828		4
2829		4
2830		4
2831		10
2832		7
2833		3
2834		5
2835		8
2836		4
2837		6
2838		1
2839		5
2840		5
2841		3
2842		6
2843		3
2844		3
2845		5
2846		1
2847		3
2849		5
2850		3
2851		6
2852		2
2853		5
2854		2
2855		5
2856		6
2857		5
2858		2
2859		4
2860		2
2861		2
2862		2
2863		4
2864		3
2865		2
2866		7
2867		6
2868		2
2869		1
2870		3
2871		4
2872		1
2873		4
2874		6
2875		5
2876		4
2877		5
2878		4
2879		9
2880		2
2881		3
2882		2
2883		5
2884		5
2885		8
2886		3
2887		4
2888		2
2889		4
2890		4
2891		7
2892		4
2893		6
2894		6
2895		3
2896		7
2897		7
2898		2
2900		4
2901		4
2902		3
2903		3
2904		5
2905		6
2906		3
2907		3
2908		5
2909		2
2910		6
2911		2
2912		6
2913		6
2914		6
2915		8
2916		8
2917		5
2918		4
2919		2
2920		3
2921		4
2922		6
2923		5
2924		4
2925		5
2926		2
2927		3
2928		3
2929		5
2930		7
2931		1
2932		4
2933		2
2934		3
2935		3
2936		6
2937		5
2938		3
2939		6
2940		3
2941		3
2942		3
2943		3
2944		4
2945		2
2946		6
2947		3
2948		1
2949		6
2950		4
2951		3
2952		4
2953		2
2954		6
2955		1
2956		3
2957		4
2958		2
2959		7
2960		6
2961		5
2962		2
2963		5
2964		3
2965		4
2966		4
2967		6
2968		2
2969		2
2970		3
2971		4
2972		2
2973		3
2974		3
2975		2
2976		4
2977		1
2978		2
2979		2
2980		3
2981		7
2982		2
2983		2
2984		1
2985		8
2986		2
2987		1
2988		4
2989		4
2990		1
2991		6
2992		2
2993		4
2994		4
2995		4
2996		4
2997		2
2998		2
2999		6
3000		4
3001		3
3002		5
3003		3
3004		3
3005		5
3006		3
3007		5
3008		3
3009		3
3010		4
3011		4
3012		5
3013		2
3014		6
3015		3
3016		4
3017		4
3018		2
3019		1
3020		7
3021		5
3022		4
3023		1
3024		4
3025		7
3026		1
3027		4
3028		2
3029		5
3030		5
3031		3
3032		3
3033		10
3034		6
3035		3
3036		6
3037		12
3038		1
3039		5
3040		3
3041		3
3042		3
3043		4
3044		4
3045		3
3046		2
3047		3
3048		4
3049		4
3050		7
3051		4
3052		2
3053		4
3054		2
3055		2
3056		3
3057		6
3058		5
3059		4
3060		3
3061		3
3062		6
3063		6
3064		4
3065		7
3067		3
3068		5
3069		1
3070		7
3071		1
3072		4
3073		5
3074		2
3075		1
3076		5
3077		8
3078		5
3079		4
3080		6
3081		4
3082		4
3083		3
3084		4
3085		3
3086		3
3087		8
3088		9
3089		2
3090		2
3091		5
3092		6
3094		5
3095		2
3096		1
3097		4
3098		2
3099		2
3100		1
3101		5
3102		5
3103		5
3104		1
3105		2
3106		8
3107		4
3108		4
3109		8
3110		4
3111		4
3112		1
3113		3
3114		1
3115		2
3116		1
3117		6
3118		1
3119		2
3120		3
3121		2
3122		4
3123		2
3124		8
3125		1
3126		1
3127		5
3128		3
3129		2
3130		3
3131		2
3132		3
3133		1
3135		3
3136		3
3137		5
3138		5
3139		2
3140		6
3141		2
3142		5
3143		3
3144		7
3145		6
3146		6
3147		3
3148		4
3149		4
3150		8
3151		3
3152		4
3153		1
3154		1
3155		6
3156		6
3157		6
3158		3
3159		6
3160		4
3161		4
3162		2
3163		6
3164		3
3165		2
3167		4
3168		1
3169		7
3170		4
3171		3
3172		4
3174		3
3175		4
3176		4
3177		4
3178		6
3179		5
3180		4
3181		2
3182		7
3183		4
3184		3
3185		3
3186		2
3187		2
3188		3
3189		3
3190		4
3191		4
3192		2
3193		3
3194		6
3195		5
3196		2
3197		4
3198		1
3199		1
3200		3
3201		4
3202		8
3203		3
3204		2
3205		2
3206		1
3208		5
3209		2
3210		3
3211		4
3212		6
3213		4
3214		9
3215		1
3216		3
3217		8
3218		2
3219		3
3220		5
3222		3
3223		3
3224		7
3225		5
3226		6
3227		4
3228		3
3229		2
3230		6
3231		4
3232		1
3233		3
3234		3
3235		5
3236		2
3237		5
3238		4
3239		4
3240		4
3241		4
3242		1
3243		7
3244		3
3245		6
3246		2
3247		6
3248		3
3249		6
3250		3
3251		1
3252		2
3253		1
3254		1
3255		4
3256		2
3257		2
3258		3
3259		7
3260		1
3261		3
3262		3
3263		4
3264		4
3265		2
3266		2
3267		4
3268		6
3269		3
3270		1
3271		2
3272		3
3273		1
3274		5
3275		4
3276		3
3277		1
3279		4
3280		2
3281		3
3282		2
3283		4
3284		5
3285		3
3286		5
3287		5
3288		5
3289		6
3290		2
3291		5
3292		2
3293		2
3294		5
3295		1
3296		5
3297		3
3298		4
3299		3
3300		5
3301		5
3302		2
3303		1
3304		4
3306		2
3307		2
3308		1
3309		4
3310		5
3311		3
3312		7
3313		5
3314		1
3315		1
3316		2
3317		1
3318		6
3319		6
3320		5
3321		3
3322		5
3323		3
3324		5
3325		8
3326		1
3327		4
3328		1
3329		5
3331		1
3333		4
3334		6
3335		7
3336		3
3337		3
3338		3
3339		1
3340		4
3341		2
3342		3
3343		3
3344		2
3345		4
3346		5
3347		1
3348		3
3349		5
3350		3
3351		3
3352		4
3353		4
3354		2
3355		2
3356		6
3357		5
3358		1
3359		1
3360		7
3361		4
3362		4
3363		6
3364		2
3365		4
3366		4
3367		2
3368		6
3369		2
3370		3
3374		3
3375		1
3376		3
3377		2
3378		4
3379		5
3380		4
3381		5
3382		3
3383		2
3385		7
3386		2
3387		8
3388		2
3389		1
3390		2
3391		4
3393		5
3394		5
3395		1
3396		2
3397		3
3398		2
3399		3
3400		4
3401		4
3402		3
3403		4
3405		4
3406		5
3407		4
3408		3
3409		5
3410		3
3411		2
3412		4
3413		2
3414		2
3415		3
3416		3
3417		8
3418		2
3420		3
3421		3
3422		3
3423		5
3424		4
3425		4
3426		3
3427		6
3428		2
3429		3
3430		6
3432		1
3433		3
3434		4
3435		3
3436		1
3437		1
3438		8
3439		6
3440		5
3441		4
3442		3
3443		5
3444		6
3445		1
3447		5
3448		1
3449		3
3450		3
3451		2
3452		3
3453		3
3455		2
3456		7
3457		1
3458		2
3459		1
3460		6
3461		2
3462		3
3463		1
3464		3
3465		3
3466		3
3467		1
3468		5
3469		2
3470		2
3471		4
3472		4
3473		2
3474		4
3475		3
3476		1
3478		4
3479		4
3480		1
3481		3
3482		6
3483		4
3484		2
3485		3
3486		2
3487		6
3488		3
3489		4
3490		3
3492		4
3493		3
3494		1
3495		2
3496		3
3497		3
3498		3
3499		2
3500		1
3501		3
3502		5
3503		2
3504		3
3505		3
3506		4
3507		2
3508		1
3509		1
3510		2
3511		3
3512		1
3513		5
3514		4
3515		8
3516		2
3517		1
3518		4
3519		2
3520		3
3521		2
3522		4
3523		1
3524		3
3526		2
3527		4
3528		3
3529		5
3531		2
3532		4
3533		4
3534		2
3535		3
3536		3
3537		4
3538		2
3539		2
3540		1
3541		4
3542		5
3543		7
3544		2
3545		3
3546		3
3547		3
3548		1
3549		6
3550		4
3551		2
3552		3
3553		2
3554		1
3555		2
3556		8
3557		4
3558		3
3559		2
3560		6
3561		4
3562		4
3563		3
3564		4
3565		4
3567		1
3568		6
3569		5
3570		4
3571		7
3572		3
3573		2
3574		4
3575		1
3576		4
3577		5
3578		3
3579		3
3580		2
3581		3
3582		4
3583		5
3584		1
3585		2
3586		4
3587		1
3588		3
3589		3
3590		4
3591		2
3593		2
3594		1
3595		3
3596		3
3597		2
3598		4
3600		3
3601		3
3602		1
3603		3
3604		3
3605		2
3606		4
3607		1
3608		2
3609		2
3610		1
3611		3
3613		1
3614		4
3616		3
3617		6
3618		6
3619		2
3620		3
3621		4
3622		2
3623		2
3624		3
3625		2
3626		2
3627		1
3628		2
3629		5
3630		2
3631		1
3632		1
3633		4
3634		3
3635		3
3636		1
3637		4
3638		5
3639		5
3640		4
3641		5
3642		2
3643		1
3644		6
3645		3
3646		7
3647		3
3648		3
3649		3
3650		2
3651		2
3652		5
3653		3
3654		2
3655		3
3656		4
3657		5
3659		7
3660		5
3661		1
3662		1
3663		1
3664		1
3665		5
3666		3
3667		3
3668		5
3669		3
3670		3
3671		1
3672		4
3673		1
3674		2
3675		1
3676		1
3677		5
3678		3
3679		3
3680		5
3681		1
3682		1
3683		3
3684		1
3685		3
3687		6
3688		5
3689		3
3691		2
3692		2
3693		4
3694		4
3695		2
3696		2
3697		3
3698		2
3699		1
3700		2
3701		2
3702		3
3703		6
3704		5
3705		2
3707		3
3708		1
3710		2
3711		2
3712		2
3713		2
3714		3
3715		3
3716		2
3717		2
3718		1
3719		2
3720		2
3721		2
3723		6
3724		3
3725		2
3726		3
3727		3
3728		3
3729		3
3730		5
3732		2
3733		2
3735		6
3736		3
3738		3
3739		1
3740		3
3741		1
3742		3
3743		4
3744		5
3745		2
3746		1
3747		6
3748		1
3749		4
3750		5
3751		3
3752		4
3753		3
3754		4
3755		1
3756		2
3757		4
3758		5
3759		2
3760		2
3761		1
3762		3
3763		7
3764		2
3765		4
3766		2
3767		1
3768		1
3769		4
3770		4
3771		9
3772		2
3773		2
3774		6
3775		3
3776		5
3777		3
3778		3
3780		5
3781		3
3782		2
3783		1
3784		4
3785		5
3786		3
3787		1
3788		2
3790		5
3791		1
3792		7
3793		3
3794		4
3796		4
3797		3
3798		2
3799		2
3800		6
3801		5
3802		3
3803		3
3804		7
3805		5
3806		2
3807		7
3808		1
3809		2
3810		1
3811		4
3812		2
3813		1
3814		1
3815		1
3816		2
3817		1
3818		2
3819		3
3821		5
3822		4
3823		3
3824		5
3825		4
3826		4
3827		1
3828		6
3829		2
3830		1
3831		1
3832		1
3833		1
3834		2
3835		1
3836		4
3837		4
3838		3
3839		2
3840		4
3841		4
3843		1
3844		1
3845		3
3846		5
3847		2
3848		2
3849		3
3850		2
3851		1
3852		3
3853		6
3854		2
3855		2
3856		3
3857		2
3859		3
3860		3
3861		2
3862		1
3863		3
3864		4
3865		3
3866		6
3867		1
3868		3
3870		1
3871		3
3872		2
3873		3
3874		2
3875		1
3876		2
3877		2
3878		4
3879		2
3880		1
3881		7
3882		2
3883		5
3884		3
3886		4
3887		4
3888		1
3889		1
3890		2
3891		4
3892		5
3893		4
3894		4
3895		4
3896		2
3897		3
3898		2
3899		4
3900		6
3901		2
3902		3
3903		2
3904		4
3905		2
3906		3
3907		2
3908		1
3909		2
3910		4
3911		2
3912		1
3913		5
3914		1
3915		2
3916		2
3917		2
3918		1
3919		3
3920		3
3921		2
3922		6
3924		1
3925		1
3926		4
3927		5
3928		4
3929		6
3930		2
3931		3
3932		2
3933		4
3934		6
3936		2
3937		3
3938		2
3939		4
3940		5
3941		2
3942		2
3943		2
3944		4
3945		2
3946		3
3947		2
3948		1
3949		3
3950		2
3951		1
3952		2
3954		7
3955		1
3957		2
3958		3
3959		5
3960		3
3961		1
3962		1
3963		1
3965		4
3966		3
3967		2
3968		3
3969		3
3970		3
3971		3
3972		2
3974		3
3975		2
3976		5
3977		2
3978		3
3979		1
3980		2
3981		1
3982		3
3983		2
3984		3
3985		1
3986		3
3987		4
3988		2
3989		2
3990		2
3991		2
3992		7
3995		5
3996		3
3997		3
3998		4
3999		4
4000		3
4001		8
4003		2
4004		2
4005		3
4006		3
4008		3
4009		3
4010		4
4011		1
4012		1
4013		6
4014		2
4015		1
4016		2
4017		2
4018		4
4019		2
4020		4
4021		3
4022		2
4023		1
4024		3
4025		8
4026		4
4027		1
4028		2
4029		4
4030		5
4031		2
4033		4
4034		2
4035		3
4036		1
4037		1
4038		3
4039		3
4040		1
4041		2
4042		2
4043		3
4044		1
4045		1
4046		1
4048		3
4049		3
4050		3
4051		3
4052		3
4053		2
4054		2
4055		2
4056		2
4058		2
4059		2
4060		5
4061		5
4062		3
4063		2
4064		1
4065		3
4066		1
4067		1
4068		1
4069		4
4070		6
4071		2
4072		3
4073		1
4074		2
4075		3
4076		1
4077		2
4078		3
4079		1
4080		6
4081		3
4082		2
4083		1
4084		4
4085		4
4086		3
4087		2
4088		1
4089		4
4090		1
4091		1
4092		2
4094		3
4095		2
4096		1
4097		2
4098		2
4099		2
4100		2
4101		4
4102		2
4103		2
4104		2
4105		6
4106		5
4107		4
4108		5
4109		2
4112		2
4113		2
4115		1
4116		5
4117		2
4119		3
4121		2
4122		3
4123		2
4125		3
4126		5
4127		4
4128		1
4130		2
4131		1
4132		5
4133		2
4134		1
4136		3
4137		5
4138		2
4139		4
4141		1
4142		3
4143		4
4144		3
4145		4
4146		5
4147		1
4148		1
4149		4
4150		3
4151		1
4152		1
4153		1
4154		4
4155		5
4156		1
4157		3
4158		2
4159		2
4160		2
4161		2
4162		1
4163		1
4164		2
4166		3
4167		2
4168		3
4169		2
4170		4
4171		3
4172		3
4173		5
4174		5
4177		2
4178		2
4179		2
4180		4
4181		3
4182		2
4183		2
4184		2
4185		4
4186		2
4187		5
4188		4
4189		1
4190		2
4191		4
4192		3
4193		2
4194		3
4195		2
4197		2
4200		1
4201		1
4202		3
4203		4
4204		2
4205		4
4206		4
4207		3
4208		4
4209		1
4210		7
4211		1
4212		2
4213		4
4214		4
4215		1
4216		1
4217		2
4218		3
4219		6
4220		2
4221		1
4222		4
4223		2
4224		3
4225		2
4226		2
4227		3
4228		4
4230		1
4231		2
4232		3
4233		2
4234		5
4235		2
4236		5
4237		1
4238		1
4239		1
4240		1
4241		6
4242		2
4243		2
4244		2
4245		2
4246		2
4247		5
4248		1
4250		5
4251		1
4252		1
4253		2
4254		3
4255		2
4256		1
4257		5
4258		2
4259		1
4260		1
4261		3
4262		5
4263		3
4264		3
4265		3
4267		2
4268		7
4269		6
4271		5
4272		3
4273		3
4274		2
4275		4
4276		3
4278		5
4279		3
4280		3
4281		1
4282		3
4283		1
4284		1
4285		4
4286		2
4287		2
4288		1
4289		1
4290		1
4291		7
4292		1
4294		2
4295		5
4296		3
4297		5
4298		3
4299		2
4300		1
4302		2
4303		2
4304		3
4305		3
4306		2
4307		2
4308		2
4309		4
4310		3
4311		4
4312		3
4313		1
4314		3
4315		3
4316		1
4317		1
4318		3
4319		3
4320		3
4321		4
4322		3
4323		3
4324		5
4325		3
4326		5
4327		4
4328		3
4329		3
4330		3
4332		2
4333		2
4334		2
4335		2
4336		1
4337		3
4338		2
4339		1
4340		2
4341		1
4342		2
4343		3
4344		4
4345		2
4348		4
4349		1
4350		4
4351		3
4352		4
4353		3
4355		3
4356		1
4357		1
4358		4
4359		1
4360		2
4361		2
4362		1
4363		4
4365		2
4366		6
4367		1
4368		2
4369		2
4370		3
4371		2
4372		4
4373		4
4374		4
4375		5
4376		3
4377		1
4378		1
4379		2
4380		1
4381		4
4382		5
4383		2
4384		4
4385		2
4386		2
4389		6
4390		4
4391		4
4392		4
4394		2
4395		2
4396		1
4397		1
4398		2
4399		2
4400		1
4401		4
4402		2
4403		2
4404		2
4406		1
4409		1
4410		1
4411		5
4412		3
4413		2
4414		1
4415		3
4416		1
4417		3
4418		4
4420		2
4421		3
4422		3
4423		2
4424		4
4425		3
4426		2
4427		3
4428		1
4429		3
4430		2
4431		4
4432		2
4433		1
4435		3
4436		4
4437		2
4438		1
4439		1
4440		4
4441		1
4442		6
4443		2
4445		4
4446		3
4447		1
4448		2
4449		1
4450		4
4452		3
4453		6
4454		4
4455		2
4456		2
4457		2
4458		1
4459		3
4460		2
4461		3
4462		3
4463		3
4464		3
4465		2
4466		1
4467		3
4468		1
4469		2
4470		3
4471		5
4472		2
4473		3
4474		2
4475		1
4476		1
4477		1
4479		2
4480		1
4481		1
4482		1
4483		5
4484		3
4485		4
4486		5
4488		4
4489		3
4490		1
4491		5
4492		2
4493		1
4494		2
4495		2
4496		2
4497		5
4498		3
4499		2
4500		1
4501		4
4502		1
4503		1
4504		1
4505		2
4506		2
4507		2
4508		1
4509		1
4510		2
4511		2
4512		2
4513		4
4514		3
4515		2
4516		1
4517		1
4518		1
4519		1
4520		4
4521		3
4522		2
4523		1
4524		2
4525		3
4526		1
4528		2
4529		2
4530		2
4531		4
4532		1
4533		1
4534		1
4535		3
4536		3
4537		1
4538		2
4539		1
4540		1
4542		2
4543		2
4545		6
4546		1
4548		3
4549		1
4550		5
4551		5
4552		1
4553		1
4555		2
4556		1
4557		2
4558		2
4559		3
4560		4
4561		4
4562		1
4563		1
4564		3
4565		1
4566		3
4568		2
4569		2
4570		1
4571		2
4572		3
4573		1
4574		2
4575		4
4576		4
4577		1
4578		7
4579		2
4580		3
4581		2
4582		2
4583		3
4584		3
4585		1
4586		4
4587		2
4588		1
4589		1
4590		1
4591		2
4592		5
4593		2
4594		2
4595		2
4597		1
4598		1
4599		4
4600		5
4601		4
4602		3
4603		2
4604		4
4605		2
4606		4
4608		3
4609		3
4611		4
4612		2
4613		4
4614		2
4615		1
4616		2
4617		1
4618		2
4619		4
4620		3
4621		2
4622		2
4624		2
4625		1
4626		1
4627		2
4628		2
4629		2
4630		2
4632		1
4633		2
4634		1
4635		1
4636		2
4637		2
4638		2
4639		3
4641		1
4642		2
4643		2
4644		3
4645		2
4647		1
4648		2
4649		1
4650		2
4651		1
4652		3
4653		6
4654		3
4655		1
4656		1
4657		2
4658		1
4660		2
4661		2
4663		4
4664		1
4665		4
4666		1
4667		4
4668		4
4670		2
4672		3
4673		2
4674		4
4675		2
4676		2
4677		1
4678		2
4679		3
4680		2
4681		2
4682		1
4683		1
4684		2
4685		3
4686		1
4687		1
4690		4
4692		1
4694		2
4696		1
4697		2
4698		3
4700		2
4701		2
4702		1
4703		3
4704		1
4705		3
4706		2
4707		2
4708		3
4709		1
4710		2
4711		2
4712		2
4713		3
4715		1
4716		2
4717		1
4720		3
4721		5
4722		3
4723		3
4724		2
4725		1
4726		3
4727		2
4729		2
4731		1
4732		2
4733		1
4735		2
4736		4
4737		1
4738		4
4739		1
4740		6
4741		4
4742		3
4743		2
4744		4
4745		2
4746		3
4748		1
4749		4
4750		2
4751		5
4752		1
4753		1
4754		3
4755		1
4756		5
4757		1
4758		3
4759		1
4760		1
4761		2
4762		4
4763		1
4764		3
4765		2
4766		5
4767		1
4768		3
4769		3
4770		3
4771		3
4772		3
4773		1
4774		2
4777		6
4778		2
4779		3
4780		1
4781		3
4782		1
4783		2
4784		2
4785		2
4786		2
4787		3
4789		1
4790		2
4791		1
4793		1
4794		1
4795		1
4796		2
4797		3
4798		4
4799		1
4800		2
4801		2
4802		4
4803		1
4804		2
4805		1
4806		1
4807		1
4809		2
4810		1
4811		1
4812		2
4813		1
4814		2
4815		1
4816		2
4817		1
4818		3
4819		1
4820		1
4822		2
4823		3
4824		4
4825		3
4826		4
4827		2
4828		3
4829		1
4831		3
4832		3
4834		1
4836		2
4837		4
4839		1
4840		2
4841		1
4842		2
4843		1
4845		1
4846		1
4847		1
4848		3
4849		2
4850		2
4851		2
4852		1
4853		1
4854		1
4855		1
4856		2
4857		2
4858		1
4859		2
4860		2
4861		4
4862		2
4863		1
4864		6
4865		3
4866		2
4867		2
4868		1
4869		1
4870		2
4871		5
4872		1
4873		4
4874		2
4876		4
4877		1
4878		1
4879		2
4880		3
4882		4
4883		2
4884		3
4885		1
4887		2
4889		1
4890		2
4891		3
4892		4
4893		3
4894		1
4895		3
4896		1
4897		2
4898		3
4899		2
4900		2
4901		3
4902		2
4904		2
4905		1
4906		1
4907		2
4909		3
4910		1
4911		3
4912		2
4914		3
4915		2
4916		3
4917		1
4918		2
4919		3
4922		1
4923		2
4924		2
4925		1
4926		1
4927		1
4931		1
4932		3
4934		3
4935		3
4936		2
4937		2
4938		1
4939		3
4940		2
4941		1
4942		1
4944		2
4945		1
4946		3
4947		2
4948		2
4949		4
4950		1
4952		1
4953		1
4955		2
4956		4
4959		2
4960		2
4961		2
4962		3
4964		3
4965		1
4967		4
4968		2
4969		5
4970		3
4971		3
4972		3
4973		1
4975		2
4977		1
4978		1
4979		1
4980		1
4983		2
4984		6
4986		3
4988		1
4989		1
4990		2
4991		2
4992		3
4993		2
4994		2
4995		1
4998		2
5000		1
5001		2
5002		1
5003		2
5004		2
5005		7
5006		3
5007		3
5008		4
5009		3
5010		3
5011		1
5013		2
5014		3
5015		1
5016		3
5017		1
5018		1
5019		1
5022		3
5023		1
5024		3
5025		2
5026		2
5027		1
5028		1
5030		2
5032		4
5033		1
5034		4
5035		1
5036		1
5038		3
5039		2
5042		1
5043		4
5045		2
5048		4
5049		2
5050		1
5051		1
5052		2
5053		2
5056		3
5057		1
5059		1
5060		4
5061		1
5062		1
5063		1
5064		2
5065		1
5066		3
5067		2
5069		1
5070		3
5072		1
5074		2
5075		1
5079		4
5082		1
5083		1
5084		2
5085		1
5089		2
5090		2
5091		2
5093		1
5094		1
5095		4
5096		2
5097		2
5098		5
5099		1
5100		2
5103		1
5104		2
5105		2
5106		1
5107		1
5108		3
5109		2
5110		1
5111		2
5112		3
5114		1
5115		1
5116		3
5117		3
5119		2
5122		4
5123		1
5124		1
5125		1
5126		3
5127		1
5128		1
5131		2
5132		1
5133		4
5135		1
5136		1
5137		1
5138		1
5139		1
5140		1
5141		4
5142		1
5144		2
5146		1
5148		1
5149		1
5150		5
5151		1
5152		1
5153		1
5154		2
5157		2
5158		2
5159		2
5160		3
5161		3
5162		1
5165		1
5166		3
5167		2
5169		4
5170		3
5172		1
5173		1
5174		3
5178		1
5179		1
5180		2
5181		1
5182		3
5183		2
5184		1
5185		2
5187		3
5188		1
5190		1
5191		3
5192		1
5193		1
5194		3
5195		1
5198		1
5199		2
5201		1
5203		1
5204		3
5205		3
5206		1
5207		2
5209		1
5210		1
5211		2
5212		2
5214		3
5215		4
5216		2
5217		1
5218		1
5219		1
5220		3
5222		1
5223		2
5225		2
5226		3
5227		1
5228		1
5229		2
5232		2
5233		1
5234		1
5235		1
5237		3
5239		1
5240		1
5241		1
5242		3
5244		1
5245		1
5246		3
5247		4
5248		1
5249		1
5250		3
5251		3
5252		1
5254		1
5255		2
5257		3
5258		1
5259		1
5260		4
5261		3
5262		1
5263		2
5264		2
5266		1
5267		2
5268		2
5269		2
5270		4
5271		1
5272		1
5273		1
5274		2
5275		1
5276		1
5277		2
5278		2
5279		4
5280		3
5283		1
5284		2
5285		1
5286		2
5287		2
5289		1
5290		1
5293		1
5294		1
5295		2
5296		3
5298		2
5299		1
5300		2
5301		2
5302		4
5303		1
5304		2
5305		1
5307		3
5308		1
5309		1
5310		1
5313		3
5315		1
5316		1
5317		2
5318		2
5319		1
5320		1
5321		3
5322		1
5323		3
5324		1
5325		3
5326		5
5327		2
5328		2
5329		2
5330		2
5332		4
5333		1
5334		1
5335		1
5336		4
5338		2
5339		1
5340		2
5342		1
5344		1
5345		1
5346		1
5347		3
5348		1
5349		1
5350		1
5351		2
5352		1
5353		1
5354		1
5355		3
5357		1
5360		1
5361		1
5362		2
5365		1
5367		1
5368		2
5369		1
5370		1
5372		2
5373		1
5374		1
5375		1
5376		1
5377		3
5378		3
5379		1
5380		2
5383		3
5384		1
5385		2
5386		2
5388		1
5390		1
5391		1
5392		1
5393		1
5394		1
5396		1
5397		1
5398		3
5399		5
5400		3
5401		2
5402		1
5403		1
5404		1
5405		2
5406		1
5409		2
5410		1
5412		2
5414		1
5415		1
5416		3
5418		2
5419		1
5420		4
5422		1
5427		2
5428		4
5430		1
5431		2
5432		2
5435		2
5437		1
5438		2
5439		2
5441		1
5443		1
5444		1
5445		1
5446		2
5447		1
5448		1
5450		1
5452		2
5453		2
5454		1
5456		1
5457		2
5459		1
5460		3
5461		2
5462		3
5463		1
5464		1
5465		2
5466		1
5467		2
5468		2
5469		1
5470		2
5471		1
5472		2
5474		1
5475		1
5476		3
5477		2
5478		2
5479		2
5480		1
5481		1
5482		1
5484		5
5485		2
5486		2
5488		1
5489		1
5490		2
5493		2
5494		1
5495		1
5497		2
5499		3
5500		2
5501		2
5502		1
5504		1
5505		1
5506		2
5511		2
5512		1
5513		2
5514		2
5517		1
5518		2
5519		1
5520		2
5522		1
5525		1
5526		2
5530		1
5531		1
5532		1
5533		2
5534		1
5535		1
5536		1
5537		3
5538		1
5539		1
5542		3
5545		1
5547		1
5548		1
5550		1
5551		1
5552		2
5554		1
5555		1
5556		1
5557		1
5560		3
5561		1
5563		2
5566		1
5567		1
5569		1
5571		1
5572		4
5574		2
5576		2
5577		1
5578		2
5581		3
5582		1
5584		1
5586		2
5587		1
5588		4
5590		1
5591		1
5592		1
5593		1
5594		1
5595		1
5596		2
5597		3
5598		2
5599		2
5603		2
5604		1
5607		2
5611		2
5612		1
5613		2
5614		2
5615		1
5616		1
5618		1
5620		1
5621		1
5622		2
5624		1
5625		2
5626		1
5627		2
5628		2
5630		1
5632		1
5633		2
5637		1
5640		1
5641		1
5642		2
5645		2
5652		2
5653		1
5654		1
5655		1
5657		2
5659		1
5660		1
5663		2
5665		1
5666		1
5667		2
5669		1
5670		3
5673		1
5675		1
5676		1
5677		1
5678		1
5679		1
5680		1
5683		2
5684		2
5686		2
5687		1
5690		1
5691		1
5692		3
5693		3
5697		1
5700		2
5702		2
5704		1
5707		1
5708		3
5709		1
5711		1
5713		1
5714		3
5715		3
5719		1
5720		3
5723		3
5724		1
5725		1
5728		1
5730		1
5732		1
5733		1
5735		1
5736		1
5737		1
5738		2
5742		2
5744		1
5745		1
5748		3
5750		2
5753		3
5754		1
5755		2
5756		1
5757		2
5758		1
5760		1
5762		3
5763		4
5764		3
5766		2
5767		1
5769		1
5771		2
5773		2
5779		1
5781		2
5784		1
5786		2
5787		1
5791		1
5792		1
5793		1
5795		1
5796		1
5797		1
5800		1
5801		1
5802		1
5803		1
5805		2
5810		1
5811		1
5813		1
5814		1
5815		1
5816		1
5817		2
5818		1
5819		1
5820		6
5821		1
5822		1
5824		1
5825		2
5826		1
5831		1
5833		2
5835		1
5836		1
5837		1
5839		2
5842		2
5843		2
5847		1
5848		3
5849		1
5854		1
5858		1
5859		1
5860		1
5865		2
5866		1
5868		1
5870		3
5873		1
5875		1
5876		3
5878		1
5879		1
5880		2
5881		1
5884		1
5888		1
5890		2
5891		2
5892		1
5893		1
5894		1
5895		1
5898		3
5899		1
5900		2
5901		1
5904		3
5905		1
5906		1
5909		3
5911		1
5914		1
5915		1
5919		2
5920		1
5922		1
5925		1
5926		1
5927		1
5928		1
5932		1
5933		1
5936		1
5941		1
5943		1
5947		1
5948		3
5949		1
5952		2
5953		2
5954		2
5959		1
5966		1
5967		1
5968		2
5970		1
5971		2
5972		1
5977		1
5978		1
5981		1
5982		1
5986		1
5988		2
5989		1
5990		1
5993		2
5994		1
5996		1
5999		1
6000		2
6004		1
6007		1
6009		2
6011		2
6014		1
6019		2
6021		1
6024		2
6026		2
6029		1
6030		1
6036		3
6038		1
6040		2
6041		3
6042		1
6048		2
6049		1
6053		2
6054		1
6056		2
6057		1
6058		1
6060		1
6070		1
6071		1
6074		1
6079		1
6080		2
6081		2
6082		1
6086		1
6087		1
6090		1
6091		1
6092		2
6093		1
6094		1
6096		1
6098		2
6107		1
6113		1
6115		2
6116		2
6117		1
6118		2
6124		1
6128		2
6130		1
6131		1
6132		1
6133		1
6144		1
6145		1
6149		1
6150		1
6152		1
6154		1
6156		2
6157		1
6159		1
6160		1
6161		1
6163		1
6164		1
6165		1
6166		1
6168		2
6172		1
6173		1
6174		1
6176		2
6179		2
6180		2
6181		1
6182		1
6186		1
6187		1
6189		1
6191		1
6195		2
6200		1
6201		2
6202		1
6206		1
6207		1
6212		3
6214		1
6215		1
6216		1
6218		1
6221		2
6222		3
6227		2
6236		1
6240		2
6243		1
6249		2
6252		2
6260		1
6263		2
6264		1
6265		1
6267		1
6268		1
6269		1
6273		1
6276		1
6277		1
6279		1
6285		1
6290		1
6291		1
6292		1
6302		1
6305		1
6311		1
6313		1
6314		1
6315		1
6317		1
6320		2
6321		2
6322		1
6325		1
6327		1
6329		2
6330		1
6340		1
6343		1
6346		1
6353		1
6357		1
6359		1
6360		1
6365		1
6368		1
6371		1
6372		1
6373		1
6374		1
6375		1
6376		2
6379		1
6385		1
6386		2
6388		1
6389		1
6393		1
6396		1
6397		1
6400		1
6407		1
6409		2
6412		1
6413		1
6414		1
6418		1
6420		2
6422		1
6427		1
6431		1
6433		1
6439		1
6442		1
6445		1
6448		1
6453		1
6458		1
6460		1
6464		1
6465		1
6468		1
6473		1
6474		1
6477		1
6486		1
6488		1
6489		1
6491		1
6499		1
6500		1
6502		1
6504		1
6511		1
6517		1
6518		1
6521		1
6523		1
6524		1
6525		1
6530		1
6532		1
6534		1
6536		1
6547		1
6548		1
6551		1
6563		1
6574		1
6575		1
6581		1
6582		1
6584		1
6592		1
6593		1
6599		1
6606		2
6610		1
6611		1
6624		1
6630		1
6632		1
6634		1
6636		1
6642		2
6646		1
6648		1
6650		1
6663		1
6684		1
6686		1
6692		1
6706		1
6707		1
6713		2
6717		1
6719		1
6721		1
6750		1
6751		1
6753		1
6758		1
6768		1
6773		1
6786		1
6790		1
6798		1
6802		1
6803		1
6809		1
6820		1
6828		1
6855		1
6858		1
6859		1
6869		1
6882		1
6902		1
6919		1
6922		1
6928		1
6934		1
6936		1
6937		1
6947		1
6954		1
6966		1
6969		1
6983		1
6984		2
7025		1
7029		1
7043		1
7045		1
7048		1
7069		1
7095		1
7096		1
7100		1
7140		1
7162		1
7199		1
7264		1
7277		1
7279		1
7320		1
7672		1
