Tamaños		Cantidades
1		25310430
2		7449452
3		4586873
4		3029642
5		2127828
6		1556438
7		1178008
8		914146
9		723023
10		581800
11		472797
12		388721
13		323530
14		269706
15		227122
16		191838
17		162722
18		139845
19		119327
20		101903
21		88510
22		76005
23		66379
24		57555
25		50367
26		43928
27		38267
28		33601
29		29510
30		25842
31		22508
32		19739
33		17822
34		15424
35		13609
36		12094
37		10426
38		9382
39		8312
40		7597
41		6577
42		5808
43		5218
44		4732
45		4079
46		3678
47		3361
48		2953
49		2660
50		2316
51		2048
52		1884
53		1706
54		1540
55		1433
56		1219
57		1023
58		949
59		877
60		737
61		698
62		631
63		568
64		487
65		461
66		430
67		389
68		344
69		286
70		246
71		274
72		226
73		208
74		157
75		135
76		145
77		138
78		119
79		93
80		94
81		81
82		81
83		73
84		63
85		57
86		52
87		46
88		40
89		50
90		31
91		28
92		30
93		28
94		25
95		14
96		15
97		15
98		13
99		14
100		8
101		6
102		5
103		8
104		6
105		7
106		9
107		4
108		6
109		2
110		2
111		3
112		4
113		7
114		4
115		4
116		4
117		4
118		2
119		4
120		1
121		1
122		2
123		3
124		1
125		1
127		2
128		1
129		2
131		1
132		1
133		2
138		1
140		1
156		1
