Tamaños		Cantidades
1		8325682
2		1775743
3		1062773
4		686976
5		481371
6		354299
7		273436
8		218960
9		178351
10		149075
11		125703
12		107882
13		94913
14		82922
15		73391
16		65580
17		59035
18		53602
19		49052
20		43940
21		40691
22		37044
23		34605
24		32021
25		29763
26		28190
27		26060
28		24364
29		23077
30		21752
31		20484
32		19249
33		18104
34		17408
35		16361
36		15630
37		14979
38		14205
39		13603
40		13131
41		12636
42		12005
43		11507
44		11055
45		10491
46		10275
47		9862
48		9503
49		9147
50		8844
51		8517
52		8202
53		8038
54		7624
55		7487
56		7162
57		6936
58		6879
59		6688
60		6403
61		6217
62		6013
63		5929
64		5756
65		5689
66		5351
67		5307
68		5121
69		4878
70		4894
71		4784
72		4633
73		4528
74		4468
75		4369
76		4309
77		4129
78		3967
79		3995
80		3848
81		3797
82		3677
83		3633
84		3559
85		3454
86		3503
87		3337
88		3326
89		3132
90		3200
91		3035
92		3121
93		2948
94		2877
95		2887
96		2860
97		2798
98		2701
99		2642
100		2589
101		2586
102		2552
103		2418
104		2482
105		2456
106		2379
107		2300
108		2296
109		2230
110		2272
111		2186
112		2177
113		2135
114		2051
115		2110
116		2065
117		1899
118		1943
119		1941
120		1831
121		1823
122		1847
123		1814
124		1784
125		1738
126		1763
127		1728
128		1697
129		1667
130		1679
131		1675
132		1674
133		1535
134		1593
135		1536
136		1512
137		1514
138		1501
139		1414
140		1456
141		1443
142		1403
143		1384
144		1418
145		1406
146		1395
147		1353
148		1323
149		1328
150		1308
151		1236
152		1291
153		1262
154		1242
155		1185
156		1223
157		1222
158		1149
159		1180
160		1108
161		1102
162		1192
163		1091
164		1100
165		1095
166		1119
167		1027
168		1044
169		1073
170		1023
171		1006
172		1072
173		1064
174		1020
175		1051
176		919
177		967
178		932
179		1001
180		872
181		974
182		933
183		954
184		857
185		852
186		955
187		894
188		845
189		919
190		857
191		871
192		835
193		845
194		804
195		837
196		764
197		754
198		827
199		786
200		793
201		804
202		831
203		766
204		775
205		766
206		733
207		762
208		758
209		752
210		728
211		735
212		722
213		709
214		692
215		670
216		709
217		669
218		742
219		675
220		691
221		641
222		676
223		623
224		667
225		616
226		629
227		596
228		671
229		609
230		593
231		587
232		591
233		627
234		583
235		553
236		577
237		589
238		609
239		578
240		537
241		594
242		551
243		566
244		584
245		594
246		533
247		554
248		540
249		562
250		554
251		546
252		532
253		551
254		554
255		488
256		517
257		502
258		515
259		517
260		480
261		491
262		476
263		538
264		502
265		522
266		458
267		494
268		470
269		457
270		475
271		444
272		441
273		437
274		467
275		470
276		449
277		482
278		460
279		435
280		453
281		441
282		457
283		412
284		463
285		436
286		405
287		449
288		459
289		403
290		410
291		429
292		435
293		406
294		387
295		393
296		411
297		410
298		373
299		365
300		411
301		414
302		386
303		386
304		364
305		407
306		395
307		381
308		367
309		420
310		400
311		394
312		388
313		379
314		327
315		333
316		348
317		347
318		357
319		357
320		373
321		356
322		335
323		322
324		351
325		346
326		339
327		353
328		337
329		358
330		356
331		331
332		352
333		320
334		368
335		317
336		331
337		325
338		315
339		315
340		334
341		301
342		317
343		302
344		318
345		249
346		308
347		337
348		324
349		318
350		329
351		294
352		293
353		336
354		294
355		272
356		291
357		302
358		277
359		321
360		301
361		280
362		269
363		287
364		266
365		279
366		272
367		283
368		298
369		267
370		294
371		282
372		271
373		267
374		275
375		291
376		289
377		261
378		261
379		276
380		243
381		282
382		271
383		255
384		231
385		252
386		238
387		247
388		252
389		256
390		249
391		245
392		253
393		265
394		239
395		226
396		223
397		244
398		245
399		239
400		260
401		260
402		222
403		229
404		240
405		249
406		230
407		252
408		221
409		240
410		222
411		241
412		263
413		255
414		254
415		224
416		244
417		219
418		214
419		233
420		228
421		217
422		213
423		229
424		216
425		218
426		194
427		221
428		225
429		238
430		229
431		201
432		210
433		198
434		204
435		197
436		231
437		208
438		240
439		217
440		206
441		219
442		226
443		200
444		238
445		222
446		194
447		188
448		178
449		202
450		194
451		184
452		187
453		188
454		200
455		205
456		208
457		190
458		161
459		204
460		193
461		188
462		198
463		181
464		197
465		183
466		151
467		199
468		166
469		180
470		182
471		179
472		181
473		208
474		176
475		186
476		196
477		186
478		168
479		179
480		153
481		169
482		188
483		201
484		181
485		198
486		197
487		197
488		165
489		162
490		167
491		181
492		150
493		171
494		178
495		147
496		152
497		169
498		175
499		167
500		174
501		154
502		164
503		175
504		142
505		183
506		153
507		170
508		159
509		161
510		164
511		168
512		163
513		150
514		177
515		154
516		160
517		156
518		155
519		171
520		160
521		151
522		144
523		156
524		184
525		144
526		147
527		155
528		153
529		133
530		139
531		157
532		148
533		185
534		152
535		156
536		145
537		158
538		147
539		126
540		160
541		147
542		131
543		146
544		134
545		123
546		149
547		145
548		132
549		128
550		173
551		134
552		139
553		150
554		161
555		117
556		126
557		122
558		140
559		178
560		120
561		157
562		161
563		132
564		115
565		145
566		160
567		124
568		137
569		114
570		120
571		131
572		121
573		133
574		149
575		119
576		124
577		135
578		111
579		141
580		132
581		123
582		124
583		122
584		118
585		133
586		119
587		118
588		133
589		138
590		132
591		130
592		129
593		132
594		110
595		116
596		124
597		120
598		122
599		117
600		129
601		114
602		132
603		134
604		118
605		125
606		114
607		138
608		102
609		111
610		143
611		120
612		128
613		109
614		108
615		119
616		119
617		113
618		132
619		109
620		109
621		121
622		121
623		126
624		116
625		118
626		89
627		125
628		122
629		105
630		123
631		108
632		104
633		107
634		94
635		117
636		118
637		120
638		131
639		100
640		103
641		107
642		103
643		101
644		136
645		107
646		118
647		97
648		104
649		128
650		110
651		123
652		108
653		105
654		107
655		103
656		98
657		97
658		99
659		98
660		96
661		103
662		88
663		125
664		115
665		117
666		99
667		103
668		101
669		113
670		97
671		103
672		99
673		96
674		109
675		95
676		92
677		104
678		91
679		109
680		103
681		92
682		94
683		126
684		107
685		102
686		109
687		89
688		102
689		96
690		95
691		97
692		112
693		78
694		89
695		84
696		96
697		75
698		95
699		79
700		74
701		105
702		79
703		81
704		94
705		116
706		94
707		86
708		91
709		87
710		105
711		108
712		95
713		99
714		93
715		108
716		96
717		99
718		101
719		78
720		94
721		106
722		89
723		106
724		81
725		86
726		84
727		95
728		85
729		86
730		70
731		78
732		91
733		94
734		98
735		82
736		83
737		98
738		78
739		87
740		93
741		81
742		74
743		86
744		88
745		85
746		86
747		80
748		78
749		83
750		89
751		99
752		74
753		82
754		65
755		83
756		74
757		84
758		75
759		77
760		62
761		113
762		85
763		80
764		66
765		76
766		87
767		83
768		75
769		75
770		85
771		83
772		84
773		75
774		82
775		85
776		70
777		84
778		78
779		76
780		70
781		77
782		92
783		79
784		83
785		86
786		61
787		75
788		75
789		71
790		74
791		76
792		65
793		72
794		69
795		83
796		69
797		90
798		63
799		79
800		79
801		64
802		87
803		77
804		61
805		77
806		86
807		72
808		61
809		80
810		71
811		71
812		77
813		61
814		57
815		84
816		65
817		77
818		63
819		69
820		80
821		57
822		79
823		72
824		70
825		67
826		62
827		73
828		83
829		75
830		67
831		63
832		67
833		83
834		74
835		73
836		72
837		76
838		60
839		63
840		73
841		69
842		61
843		65
844		71
845		56
846		78
847		65
848		74
849		68
850		70
851		55
852		63
853		74
854		70
855		63
856		59
857		76
858		69
859		64
860		69
861		67
862		71
863		65
864		73
865		74
866		62
867		56
868		70
869		65
870		63
871		74
872		65
873		73
874		60
875		67
876		57
877		52
878		48
879		61
880		57
881		69
882		65
883		63
884		58
885		68
886		68
887		55
888		57
889		51
890		67
891		64
892		52
893		76
894		63
895		56
896		64
897		71
898		63
899		64
900		60
901		72
902		61
903		57
904		55
905		61
906		55
907		56
908		55
909		49
910		67
911		45
912		50
913		64
914		49
915		64
916		67
917		56
918		69
919		54
920		58
921		60
922		65
923		62
924		66
925		61
926		56
927		59
928		47
929		64
930		66
931		66
932		48
933		59
934		61
935		53
936		53
937		73
938		44
939		43
940		53
941		58
942		64
943		56
944		54
945		50
946		54
947		56
948		62
949		55
950		56
951		72
952		53
953		59
954		56
955		58
956		50
957		55
958		55
959		46
960		46
961		73
962		62
963		58
964		55
965		56
966		64
967		40
968		57
969		60
970		49
971		41
972		38
973		76
974		56
975		52
976		59
977		53
978		59
979		40
980		65
981		54
982		53
983		46
984		62
985		57
986		53
987		55
988		42
989		45
990		52
991		61
992		61
993		57
994		60
995		45
996		47
997		62
998		51
999		40
1000		56
1001		49
1002		47
1003		55
1004		56
1005		46
1006		55
1007		44
1008		49
1009		45
1010		41
1011		42
1012		49
1013		54
1014		47
1015		51
1016		52
1017		42
1018		37
1019		55
1020		47
1021		56
1022		47
1023		34
1024		49
1025		55
1026		46
1027		57
1028		55
1029		42
1030		49
1031		39
1032		45
1033		47
1034		50
1035		52
1036		52
1037		37
1038		50
1039		45
1040		50
1041		50
1042		40
1043		49
1044		61
1045		44
1046		41
1047		43
1048		44
1049		46
1050		53
1051		42
1052		51
1053		40
1054		47
1055		49
1056		42
1057		50
1058		50
1059		40
1060		42
1061		43
1062		37
1063		33
1064		40
1065		58
1066		39
1067		42
1068		44
1069		54
1070		57
1071		44
1072		47
1073		50
1074		44
1075		47
1076		37
1077		43
1078		53
1079		53
1080		36
1081		34
1082		32
1083		24
1084		47
1085		51
1086		48
1087		51
1088		55
1089		44
1090		43
1091		44
1092		46
1093		39
1094		46
1095		38
1096		51
1097		36
1098		47
1099		34
1100		48
1101		36
1102		41
1103		44
1104		48
1105		34
1106		38
1107		33
1108		48
1109		57
1110		44
1111		44
1112		39
1113		44
1114		40
1115		42
1116		40
1117		43
1118		38
1119		48
1120		40
1121		36
1122		48
1123		36
1124		26
1125		45
1126		32
1127		40
1128		42
1129		34
1130		35
1131		48
1132		30
1133		45
1134		28
1135		32
1136		45
1137		38
1138		27
1139		42
1140		48
1141		44
1142		38
1143		39
1144		34
1145		51
1146		38
1147		47
1148		43
1149		44
1150		44
1151		44
1152		46
1153		45
1154		31
1155		47
1156		30
1157		43
1158		45
1159		36
1160		41
1161		34
1162		41
1163		25
1164		33
1165		38
1166		39
1167		36
1168		40
1169		32
1170		39
1171		39
1172		39
1173		44
1174		34
1175		33
1176		44
1177		28
1178		37
1179		35
1180		34
1181		43
1182		39
1183		49
1184		39
1185		36
1186		35
1187		37
1188		52
1189		46
1190		44
1191		42
1192		38
1193		29
1194		36
1195		25
1196		43
1197		39
1198		41
1199		27
1200		31
1201		37
1202		33
1203		40
1204		38
1205		38
1206		36
1207		25
1208		43
1209		37
1210		31
1211		33
1212		35
1213		38
1214		30
1215		32
1216		28
1217		40
1218		46
1219		28
1220		25
1221		38
1222		30
1223		35
1224		28
1225		34
1226		31
1227		39
1228		35
1229		34
1230		28
1231		33
1232		34
1233		38
1234		29
1235		32
1236		40
1237		27
1238		38
1239		25
1240		38
1241		34
1242		37
1243		46
1244		35
1245		35
1246		35
1247		43
1248		29
1249		39
1250		35
1251		42
1252		32
1253		37
1254		37
1255		28
1256		32
1257		35
1258		26
1259		35
1260		34
1261		36
1262		33
1263		45
1264		20
1265		38
1266		36
1267		32
1268		31
1269		37
1270		32
1271		25
1272		18
1273		27
1274		34
1275		26
1276		30
1277		30
1278		41
1279		34
1280		39
1281		35
1282		15
1283		31
1284		47
1285		37
1286		30
1287		30
1288		30
1289		30
1290		37
1291		39
1292		27
1293		33
1294		28
1295		42
1296		23
1297		31
1298		34
1299		32
1300		34
1301		29
1302		32
1303		42
1304		25
1305		29
1306		28
1307		31
1308		37
1309		30
1310		34
1311		30
1312		27
1313		42
1314		30
1315		29
1316		33
1317		38
1318		38
1319		25
1320		41
1321		26
1322		34
1323		39
1324		26
1325		27
1326		28
1327		28
1328		30
1329		22
1330		34
1331		36
1332		35
1333		33
1334		39
1335		30
1336		27
1337		27
1338		34
1339		31
1340		37
1341		25
1342		23
1343		40
1344		26
1345		35
1346		35
1347		38
1348		26
1349		28
1350		31
1351		24
1352		18
1353		33
1354		29
1355		22
1356		36
1357		31
1358		22
1359		23
1360		25
1361		25
1362		22
1363		21
1364		44
1365		36
1366		31
1367		34
1368		19
1369		38
1370		30
1371		27
1372		24
1373		25
1374		34
1375		31
1376		29
1377		29
1378		19
1379		43
1380		31
1381		33
1382		24
1383		30
1384		26
1385		35
1386		34
1387		26
1388		26
1389		31
1390		28
1391		32
1392		27
1393		30
1394		26
1395		25
1396		22
1397		22
1398		27
1399		26
1400		29
1401		38
1402		33
1403		35
1404		35
1405		33
1406		24
1407		44
1408		31
1409		29
1410		30
1411		24
1412		29
1413		26
1414		28
1415		37
1416		28
1417		30
1418		25
1419		28
1420		21
1421		25
1422		18
1423		26
1424		29
1425		26
1426		25
1427		36
1428		29
1429		30
1430		23
1431		27
1432		23
1433		22
1434		31
1435		27
1436		20
1437		23
1438		24
1439		35
1440		32
1441		16
1442		31
1443		22
1444		27
1445		21
1446		25
1447		18
1448		29
1449		30
1450		26
1451		29
1452		23
1453		25
1454		22
1455		23
1456		24
1457		25
1458		26
1459		20
1460		35
1461		29
1462		21
1463		18
1464		26
1465		25
1466		21
1467		26
1468		19
1469		27
1470		22
1471		23
1472		25
1473		31
1474		18
1475		23
1476		27
1477		28
1478		26
1479		28
1480		28
1481		22
1482		33
1483		32
1484		22
1485		28
1486		22
1487		23
1488		18
1489		20
1490		24
1491		28
1492		34
1493		18
1494		24
1495		24
1496		26
1497		20
1498		27
1499		26
1500		27
1501		26
1502		31
1503		24
1504		27
1505		25
1506		23
1507		26
1508		23
1509		21
1510		27
1511		25
1512		23
1513		30
1514		27
1515		20
1516		20
1517		28
1518		29
1519		20
1520		27
1521		21
1522		28
1523		24
1524		26
1525		19
1526		20
1527		36
1528		17
1529		26
1530		27
1531		32
1532		28
1533		25
1534		20
1535		22
1536		14
1537		27
1538		26
1539		24
1540		27
1541		25
1542		23
1543		27
1544		20
1545		20
1546		19
1547		22
1548		20
1549		22
1550		33
1551		19
1552		19
1553		24
1554		22
1555		23
1556		25
1557		24
1558		22
1559		27
1560		29
1561		22
1562		27
1563		20
1564		19
1565		25
1566		23
1567		26
1568		27
1569		25
1570		27
1571		14
1572		28
1573		27
1574		20
1575		18
1576		15
1577		25
1578		20
1579		21
1580		23
1581		22
1582		19
1583		20
1584		22
1585		20
1586		31
1587		23
1588		18
1589		23
1590		15
1591		27
1592		14
1593		24
1594		28
1595		21
1596		20
1597		26
1598		20
1599		23
1600		27
1601		24
1602		20
1603		22
1604		14
1605		32
1606		19
1607		22
1608		15
1609		13
1610		17
1611		19
1612		19
1613		14
1614		21
1615		22
1616		22
1617		18
1618		19
1619		21
1620		25
1621		16
1622		23
1623		23
1624		27
1625		23
1626		17
1627		25
1628		17
1629		26
1630		24
1631		25
1632		24
1633		21
1634		14
1635		24
1636		9
1637		14
1638		26
1639		15
1640		25
1641		26
1642		20
1643		15
1644		25
1645		15
1646		17
1647		14
1648		18
1649		29
1650		26
1651		25
1652		23
1653		31
1654		25
1655		23
1656		17
1657		34
1658		19
1659		28
1660		19
1661		20
1662		16
1663		18
1664		14
1665		19
1666		20
1667		20
1668		24
1669		11
1670		20
1671		17
1672		21
1673		20
1674		14
1675		21
1676		26
1677		17
1678		25
1679		23
1680		15
1681		20
1682		18
1683		16
1684		23
1685		19
1686		20
1687		21
1688		18
1689		26
1690		19
1691		21
1692		20
1693		14
1694		21
1695		22
1696		19
1697		19
1698		20
1699		17
1700		14
1701		20
1702		20
1703		22
1704		27
1705		22
1706		13
1707		15
1708		18
1709		16
1710		19
1711		20
1712		17
1713		15
1714		28
1715		19
1716		25
1717		16
1718		18
1719		23
1720		19
1721		21
1722		16
1723		11
1724		19
1725		17
1726		15
1727		19
1728		25
1729		19
1730		15
1731		31
1732		18
1733		19
1734		20
1735		13
1736		20
1737		23
1738		22
1739		18
1740		21
1741		24
1742		22
1743		28
1744		21
1745		27
1746		17
1747		19
1748		18
1749		15
1750		15
1751		17
1752		14
1753		19
1754		26
1755		22
1756		13
1757		19
1758		17
1759		13
1760		9
1761		12
1762		16
1763		16
1764		22
1765		17
1766		27
1767		14
1768		15
1769		12
1770		14
1771		20
1772		13
1773		14
1774		17
1775		17
1776		30
1777		13
1778		15
1779		21
1780		9
1781		16
1782		19
1783		14
1784		11
1785		16
1786		18
1787		21
1788		11
1789		15
1790		15
1791		10
1792		9
1793		17
1794		26
1795		20
1796		24
1797		17
1798		15
1799		17
1800		18
1801		10
1802		21
1803		20
1804		21
1805		11
1806		28
1807		11
1808		25
1809		22
1810		16
1811		14
1812		16
1813		15
1814		23
1815		15
1816		13
1817		24
1818		16
1819		23
1820		16
1821		16
1822		18
1823		14
1824		27
1825		13
1826		14
1827		18
1828		24
1829		16
1830		16
1831		6
1832		18
1833		14
1834		12
1835		13
1836		17
1837		16
1838		22
1839		15
1840		19
1841		18
1842		19
1843		16
1844		18
1845		17
1846		21
1847		15
1848		20
1849		19
1850		18
1851		13
1852		16
1853		18
1854		20
1855		19
1856		19
1857		18
1858		19
1859		21
1860		16
1861		21
1862		18
1863		18
1864		16
1865		17
1866		23
1867		16
1868		23
1869		20
1870		15
1871		18
1872		13
1873		10
1874		14
1875		12
1876		26
1877		21
1878		19
1879		16
1880		17
1881		13
1882		14
1883		9
1884		21
1885		16
1886		15
1887		21
1888		15
1889		14
1890		16
1891		21
1892		12
1893		10
1894		19
1895		15
1896		17
1897		16
1898		19
1899		10
1900		23
1901		15
1902		15
1903		16
1904		14
1905		13
1906		17
1907		23
1908		12
1909		9
1910		15
1911		18
1912		6
1913		11
1914		15
1915		16
1916		16
1917		9
1918		14
1919		16
1920		15
1921		15
1922		14
1923		23
1924		22
1925		10
1926		15
1927		18
1928		19
1929		10
1930		18
1931		20
1932		18
1933		15
1934		11
1935		14
1936		14
1937		16
1938		10
1939		20
1940		15
1941		13
1942		19
1943		14
1944		11
1945		10
1946		13
1947		15
1948		13
1949		17
1950		14
1951		15
1952		17
1953		10
1954		14
1955		13
1956		13
1957		20
1958		11
1959		12
1960		19
1961		9
1962		25
1963		21
1964		14
1965		14
1966		10
1967		18
1968		17
1969		13
1970		18
1971		17
1972		17
1973		16
1974		14
1975		13
1976		15
1977		15
1978		9
1979		13
1980		14
1981		12
1982		12
1983		14
1984		11
1985		12
1986		18
1987		13
1988		21
1989		14
1990		17
1991		13
1992		12
1993		10
1994		10
1995		8
1996		12
1997		13
1998		12
1999		8
2000		9
2001		10
2002		17
2003		21
2004		9
2005		16
2006		22
2007		13
2008		16
2009		15
2010		13
2011		19
2012		11
2013		20
2014		15
2015		21
2016		19
2017		11
2018		19
2019		18
2020		13
2021		20
2022		13
2023		16
2024		14
2025		8
2026		9
2027		10
2028		23
2029		18
2030		20
2031		9
2032		13
2033		11
2034		10
2035		7
2036		7
2037		14
2038		11
2039		19
2040		15
2041		10
2042		11
2043		7
2044		5
2045		13
2046		17
2047		11
2048		18
2049		15
2050		19
2051		12
2052		22
2053		24
2054		18
2055		8
2056		19
2057		14
2058		17
2059		9
2060		13
2061		7
2062		19
2063		13
2064		11
2065		14
2066		24
2067		15
2068		18
2069		14
2070		13
2071		17
2072		14
2073		6
2074		13
2075		23
2076		12
2077		16
2078		17
2079		16
2080		17
2081		7
2082		20
2083		11
2084		8
2085		7
2086		10
2087		8
2088		14
2089		17
2090		13
2091		11
2092		14
2093		12
2094		9
2095		7
2096		17
2097		13
2098		14
2099		11
2100		12
2101		18
2102		13
2103		10
2104		12
2105		12
2106		14
2107		8
2108		11
2109		10
2110		9
2111		13
2112		15
2113		10
2114		15
2115		13
2116		9
2117		10
2118		16
2119		15
2120		14
2121		8
2122		12
2123		12
2124		12
2125		9
2126		11
2127		6
2128		13
2129		16
2130		14
2131		7
2132		14
2133		14
2134		15
2135		11
2136		14
2137		7
2138		14
2139		8
2140		15
2141		9
2142		10
2143		16
2144		9
2145		15
2146		6
2147		9
2148		11
2149		10
2150		15
2151		19
2152		18
2153		7
2154		17
2155		17
2156		9
2157		18
2158		7
2159		9
2160		13
2161		18
2162		6
2163		14
2164		8
2165		16
2166		15
2167		14
2168		11
2169		9
2170		12
2171		9
2172		15
2173		14
2174		7
2175		15
2176		19
2177		11
2178		15
2179		12
2180		15
2181		19
2182		9
2183		14
2184		15
2185		14
2186		14
2187		4
2188		14
2189		10
2190		10
2191		9
2192		20
2193		10
2194		17
2195		15
2196		13
2197		12
2198		17
2199		15
2200		12
2201		10
2202		7
2203		12
2204		11
2205		17
2206		13
2207		7
2208		4
2209		9
2210		9
2211		8
2212		9
2213		11
2214		18
2215		11
2216		15
2217		8
2218		9
2219		12
2220		14
2221		11
2222		14
2223		11
2224		12
2225		12
2226		15
2227		17
2228		16
2229		13
2230		17
2231		16
2232		5
2233		16
2234		12
2235		14
2236		11
2237		11
2238		8
2239		11
2240		11
2241		10
2242		16
2243		12
2244		15
2245		5
2246		10
2247		11
2248		11
2249		5
2250		14
2251		8
2252		5
2253		11
2254		8
2255		13
2256		12
2257		10
2258		10
2259		16
2260		12
2261		6
2262		12
2263		10
2264		11
2265		11
2266		10
2267		17
2268		19
2269		7
2270		9
2271		7
2272		9
2273		8
2274		5
2275		12
2276		10
2277		10
2278		10
2279		15
2280		5
2281		9
2282		10
2283		11
2284		15
2285		8
2286		5
2287		10
2288		5
2289		12
2290		16
2291		9
2292		6
2293		14
2294		4
2295		10
2296		6
2297		9
2298		6
2299		8
2300		12
2301		6
2302		9
2303		10
2304		18
2305		11
2306		13
2307		9
2308		8
2309		9
2310		12
2311		10
2312		8
2313		8
2314		10
2315		8
2316		7
2317		12
2318		17
2319		12
2320		15
2321		8
2322		10
2323		11
2324		12
2325		7
2326		5
2327		3
2328		17
2329		8
2330		10
2331		8
2332		6
2333		10
2334		5
2335		15
2336		11
2337		5
2338		12
2339		12
2340		11
2341		7
2342		5
2343		7
2344		3
2345		4
2346		10
2347		11
2348		12
2349		10
2350		10
2351		11
2352		6
2353		8
2354		8
2355		10
2356		3
2357		5
2358		6
2359		6
2360		9
2361		10
2362		5
2363		4
2364		8
2365		18
2366		8
2367		6
2368		7
2369		7
2370		10
2371		9
2372		7
2373		12
2374		12
2375		11
2376		6
2377		12
2378		8
2379		5
2380		5
2381		6
2382		8
2383		14
2384		8
2385		12
2386		8
2387		11
2388		11
2389		9
2390		8
2391		6
2392		12
2393		6
2394		13
2395		7
2396		7
2397		9
2398		11
2399		13
2400		7
2401		7
2402		7
2403		4
2404		9
2405		13
2406		5
2407		7
2408		10
2409		7
2410		10
2411		13
2412		15
2413		8
2414		7
2415		16
2416		5
2417		6
2418		8
2419		14
2420		8
2421		15
2422		8
2423		13
2424		9
2425		7
2426		10
2427		7
2428		12
2429		10
2430		7
2431		13
2432		8
2433		11
2434		12
2435		7
2436		12
2437		9
2438		5
2439		7
2440		15
2441		12
2442		13
2443		7
2444		9
2445		7
2446		4
2447		4
2448		9
2449		4
2450		9
2451		11
2452		7
2453		10
2454		3
2455		8
2456		6
2457		8
2458		9
2459		7
2460		12
2461		7
2462		7
2463		10
2464		7
2465		10
2466		6
2467		9
2468		7
2469		6
2470		15
2471		6
2472		13
2473		8
2474		8
2475		3
2476		7
2477		10
2478		10
2479		14
2480		10
2481		11
2482		13
2483		10
2484		14
2485		6
2486		6
2487		9
2488		9
2489		10
2490		17
2491		6
2492		9
2493		6
2494		3
2495		11
2496		5
2497		9
2498		7
2499		6
2500		6
2501		14
2502		8
2503		7
2504		8
2505		5
2506		6
2507		8
2508		11
2509		12
2510		13
2511		14
2512		8
2513		8
2514		11
2515		8
2516		11
2517		3
2518		10
2519		6
2521		7
2522		12
2523		7
2524		4
2525		8
2526		7
2527		9
2528		9
2529		12
2530		5
2531		7
2532		7
2533		9
2534		7
2535		5
2536		7
2537		11
2538		9
2539		16
2540		16
2541		11
2542		12
2543		4
2544		9
2545		12
2546		12
2547		7
2548		11
2549		7
2550		7
2551		7
2552		3
2553		5
2554		5
2555		9
2556		8
2557		5
2558		14
2559		4
2560		9
2561		10
2562		7
2563		9
2564		2
2565		10
2566		5
2567		7
2568		12
2569		11
2570		6
2571		2
2572		8
2573		9
2574		11
2575		5
2576		8
2577		17
2578		6
2579		7
2580		3
2581		7
2582		6
2583		8
2584		13
2585		7
2586		7
2587		4
2588		10
2589		5
2590		6
2591		10
2592		4
2593		9
2594		3
2595		6
2596		10
2597		6
2598		3
2599		6
2600		5
2601		6
2602		9
2603		10
2604		7
2605		11
2606		2
2607		6
2608		10
2609		6
2610		12
2611		4
2612		11
2613		11
2614		4
2615		12
2616		5
2617		7
2618		10
2619		11
2620		6
2621		9
2622		11
2623		11
2624		3
2625		10
2626		5
2627		10
2628		5
2629		6
2630		10
2631		6
2632		6
2633		13
2634		8
2635		10
2636		7
2637		4
2638		5
2639		2
2640		7
2641		5
2642		7
2643		7
2644		5
2645		5
2646		7
2647		7
2648		8
2649		11
2650		7
2651		5
2652		5
2653		12
2654		9
2655		9
2656		7
2657		9
2658		5
2659		4
2660		4
2661		15
2662		9
2663		3
2664		8
2665		5
2666		5
2667		7
2668		8
2669		5
2670		5
2671		5
2672		7
2673		11
2674		10
2675		7
2676		9
2677		6
2678		9
2679		7
2680		7
2681		11
2682		3
2683		5
2684		7
2685		4
2686		6
2687		9
2688		9
2689		4
2690		3
2691		10
2692		11
2693		5
2694		8
2695		9
2696		6
2697		8
2698		5
2699		8
2700		4
2701		9
2702		8
2703		4
2704		3
2705		13
2706		2
2707		8
2708		5
2709		8
2710		9
2711		11
2712		7
2713		3
2714		5
2715		11
2716		3
2717		9
2718		13
2719		11
2720		10
2721		4
2722		3
2723		10
2724		7
2725		8
2726		6
2727		6
2728		10
2729		8
2730		9
2731		4
2732		9
2733		8
2734		8
2735		5
2736		10
2737		7
2738		9
2739		7
2740		10
2741		6
2742		7
2743		4
2744		6
2745		10
2746		5
2747		5
2748		6
2749		4
2750		5
2751		12
2752		7
2753		7
2754		15
2755		9
2756		7
2757		9
2758		10
2759		14
2760		12
2761		7
2762		5
2763		8
2764		11
2765		7
2766		3
2767		8
2768		6
2769		5
2770		5
2771		3
2772		6
2773		4
2774		3
2775		6
2776		5
2777		2
2778		7
2779		8
2780		4
2781		6
2782		5
2783		10
2784		12
2785		11
2786		10
2787		5
2788		3
2789		4
2790		4
2791		4
2792		9
2793		8
2794		11
2795		7
2796		10
2797		4
2798		7
2799		9
2800		6
2801		6
2802		4
2803		7
2804		5
2805		7
2806		8
2807		8
2808		6
2809		6
2810		3
2811		6
2812		6
2813		9
2814		8
2815		7
2816		5
2817		1
2818		11
2819		9
2820		4
2821		8
2822		6
2823		9
2824		7
2825		2
2826		4
2827		1
2828		5
2829		10
2830		6
2831		7
2832		8
2833		10
2834		4
2835		6
2836		6
2837		6
2838		1
2839		9
2840		5
2841		7
2842		9
2843		11
2844		5
2845		8
2846		4
2847		6
2848		3
2849		3
2850		5
2851		7
2852		4
2853		9
2854		7
2855		11
2856		5
2857		3
2858		12
2859		7
2860		6
2861		3
2862		8
2863		6
2864		6
2865		6
2866		8
2867		4
2868		4
2869		5
2870		2
2871		8
2872		6
2873		5
2874		5
2875		6
2876		9
2877		7
2878		5
2879		1
2880		10
2881		7
2882		6
2883		6
2884		4
2885		5
2886		10
2887		7
2888		5
2889		6
2890		6
2891		9
2892		11
2893		6
2894		9
2895		7
2896		4
2897		4
2898		2
2899		5
2900		5
2901		11
2902		5
2903		11
2904		7
2905		3
2906		4
2907		7
2908		7
2909		4
2910		4
2911		6
2912		6
2913		3
2914		5
2915		6
2916		7
2917		8
2918		2
2919		5
2920		11
2921		7
2922		7
2923		3
2924		6
2925		7
2926		1
2927		10
2928		4
2929		4
2930		5
2931		2
2932		5
2933		7
2934		5
2935		9
2936		8
2937		5
2938		6
2939		9
2940		4
2941		7
2942		8
2943		2
2944		6
2945		5
2946		4
2947		6
2948		6
2949		6
2950		7
2951		7
2952		1
2953		2
2954		7
2955		6
2956		8
2957		3
2958		3
2959		6
2960		5
2961		7
2962		7
2963		5
2964		4
2965		4
2966		11
2967		7
2968		3
2969		7
2970		4
2971		7
2972		6
2973		5
2974		8
2975		6
2976		3
2977		3
2978		6
2979		9
2980		6
2981		5
2982		6
2983		2
2984		4
2985		5
2986		3
2987		5
2988		1
2989		4
2990		6
2991		3
2992		4
2993		6
2994		7
2995		6
2996		5
2997		6
2998		8
2999		6
3000		4
3001		4
3002		5
3003		9
3004		5
3005		9
3006		7
3007		3
3008		4
3009		7
3010		4
3011		10
3012		2
3013		8
3014		3
3015		1
3016		6
3017		6
3018		4
3019		7
3020		6
3021		11
3022		2
3023		4
3024		3
3025		8
3026		7
3027		10
3028		7
3029		4
3030		1
3031		4
3032		6
3033		4
3034		10
3035		7
3036		3
3037		3
3038		9
3039		10
3040		7
3041		3
3042		8
3043		4
3044		5
3045		1
3046		8
3047		9
3048		6
3049		3
3050		7
3051		2
3052		3
3053		6
3054		3
3055		9
3056		5
3057		6
3058		7
3059		4
3060		4
3061		8
3062		6
3063		4
3065		4
3066		5
3067		5
3068		5
3069		10
3070		9
3071		5
3072		5
3073		6
3074		1
3075		5
3076		6
3078		4
3079		6
3080		6
3081		3
3082		3
3083		3
3084		4
3085		3
3086		7
3087		5
3088		3
3089		8
3090		8
3091		4
3092		6
3093		7
3094		4
3095		4
3096		3
3097		3
3098		4
3099		5
3100		4
3101		4
3102		7
3103		4
3104		1
3105		6
3106		4
3107		1
3108		5
3109		4
3110		7
3111		7
3112		5
3113		8
3114		7
3115		4
3116		6
3117		6
3118		3
3119		3
3120		3
3121		4
3122		6
3123		7
3124		6
3125		8
3126		1
3127		5
3128		3
3129		6
3130		3
3131		6
3132		2
3133		7
3134		6
3135		6
3136		5
3137		4
3138		3
3139		4
3140		4
3141		10
3142		4
3143		5
3144		5
3145		2
3146		11
3147		4
3148		5
3149		3
3150		4
3151		7
3152		3
3153		4
3154		2
3155		2
3156		6
3157		2
3158		3
3159		6
3160		2
3161		4
3162		2
3163		6
3164		4
3165		4
3166		8
3167		2
3168		3
3169		2
3170		3
3171		2
3172		5
3173		4
3174		2
3175		5
3176		4
3177		4
3178		8
3179		2
3180		10
3181		5
3182		5
3183		6
3184		6
3185		4
3186		6
3187		3
3188		10
3189		3
3190		7
3191		2
3192		4
3193		11
3194		3
3195		3
3196		8
3197		6
3198		3
3199		10
3200		1
3201		5
3202		10
3203		5
3204		3
3205		2
3206		6
3207		7
3208		3
3209		8
3210		2
3211		6
3212		3
3213		5
3214		4
3215		1
3216		9
3217		3
3218		6
3219		3
3220		4
3221		9
3222		6
3223		8
3224		4
3225		6
3226		5
3227		6
3228		2
3229		3
3230		6
3231		5
3232		5
3233		5
3234		2
3235		4
3236		5
3237		2
3238		3
3239		3
3240		3
3241		4
3242		3
3243		6
3244		3
3245		1
3246		4
3247		1
3248		6
3249		3
3250		6
3251		7
3252		6
3253		3
3254		4
3255		3
3256		3
3257		5
3258		3
3259		3
3260		5
3261		5
3262		8
3263		5
3264		5
3265		6
3266		4
3267		7
3268		3
3269		3
3270		3
3271		6
3272		8
3273		6
3274		2
3275		5
3276		5
3277		3
3278		3
3279		4
3280		4
3281		5
3282		8
3283		8
3284		3
3285		5
3286		8
3287		4
3288		3
3289		4
3290		1
3291		7
3292		7
3293		3
3294		2
3295		7
3296		5
3297		4
3298		3
3299		4
3300		7
3301		8
3302		5
3303		5
3304		1
3305		5
3306		2
3307		5
3308		3
3309		6
3310		1
3311		2
3312		5
3313		3
3314		8
3315		4
3316		2
3317		5
3318		5
3319		2
3320		3
3321		1
3322		1
3323		2
3324		8
3325		4
3326		5
3327		10
3328		4
3329		1
3330		7
3331		4
3332		5
3333		5
3334		4
3335		5
3336		1
3337		5
3338		4
3339		4
3340		3
3341		4
3342		7
3343		2
3344		4
3345		3
3346		5
3347		5
3348		7
3349		2
3350		5
3352		6
3353		3
3354		4
3355		5
3356		2
3357		3
3358		3
3359		3
3360		4
3361		4
3362		1
3363		1
3364		4
3365		3
3366		2
3367		3
3368		7
3369		3
3370		5
3371		2
3372		1
3373		5
3374		6
3375		2
3376		4
3378		6
3379		5
3380		8
3381		4
3382		2
3383		1
3384		5
3385		3
3386		7
3387		3
3388		1
3389		2
3390		4
3391		4
3393		5
3394		1
3396		8
3397		5
3398		2
3399		2
3400		2
3401		4
3402		5
3403		2
3404		1
3406		3
3407		3
3408		6
3409		4
3410		3
3411		3
3412		1
3413		3
3414		2
3415		4
3416		2
3417		6
3418		1
3419		2
3420		2
3421		6
3422		5
3423		2
3424		6
3425		3
3426		4
3427		1
3428		5
3429		3
3430		2
3431		1
3432		3
3433		4
3434		9
3435		2
3436		3
3437		1
3438		1
3439		1
3441		10
3442		5
3443		1
3444		7
3445		4
3446		1
3447		1
3448		6
3449		1
3450		5
3452		7
3453		7
3454		2
3455		4
3456		5
3457		2
3458		3
3459		3
3460		1
3461		3
3462		6
3463		8
3464		2
3465		2
3466		3
3467		5
3468		3
3469		1
3470		3
3471		1
3472		4
3473		3
3474		2
3475		5
3476		1
3477		5
3478		7
3479		6
3480		3
3481		7
3482		2
3483		3
3484		6
3485		5
3486		5
3487		2
3488		2
3489		3
3490		3
3491		2
3492		3
3493		2
3494		2
3495		2
3496		2
3497		4
3499		5
3500		1
3501		4
3502		6
3503		1
3504		2
3505		4
3506		3
3507		3
3508		2
3509		8
3510		6
3512		10
3513		2
3514		3
3515		6
3516		1
3517		1
3518		2
3519		7
3520		4
3521		2
3522		1
3523		4
3524		2
3525		3
3526		2
3527		1
3528		1
3529		5
3530		1
3531		2
3532		5
3533		4
3534		2
3535		4
3536		3
3537		1
3538		8
3539		4
3540		2
3541		6
3542		7
3543		4
3544		4
3545		3
3546		3
3547		5
3548		2
3549		4
3550		1
3551		2
3552		3
3554		5
3555		3
3556		3
3557		3
3558		2
3559		5
3560		5
3561		1
3562		5
3563		2
3564		2
3565		2
3566		2
3567		3
3568		2
3569		3
3570		5
3571		3
3572		2
3573		4
3574		2
3575		2
3576		3
3577		2
3578		5
3579		2
3580		4
3581		3
3582		1
3583		2
3584		1
3585		3
3587		2
3588		2
3589		3
3590		5
3591		2
3592		6
3593		2
3594		2
3595		1
3596		5
3597		4
3598		8
3599		1
3600		5
3601		1
3602		4
3603		3
3604		2
3605		5
3606		3
3607		4
3608		1
3609		3
3610		4
3611		2
3612		3
3613		6
3614		3
3615		2
3616		4
3617		5
3618		2
3619		4
3620		2
3621		5
3622		1
3623		5
3624		4
3626		1
3627		2
3628		3
3629		2
3630		6
3631		2
3632		3
3633		2
3634		2
3635		5
3636		4
3637		1
3638		5
3639		3
3640		3
3641		3
3642		2
3643		3
3644		3
3645		3
3646		5
3647		7
3649		4
3650		3
3651		2
3652		4
3653		3
3654		1
3655		4
3656		1
3657		2
3658		4
3659		5
3660		4
3661		3
3662		4
3663		3
3664		2
3665		2
3666		3
3667		1
3668		2
3669		5
3670		3
3671		4
3673		1
3674		3
3675		5
3676		2
3677		1
3678		5
3679		3
3680		3
3681		2
3683		2
3684		5
3685		3
3686		2
3687		1
3688		7
3689		4
3690		1
3691		2
3692		1
3693		3
3695		2
3696		3
3697		4
3698		6
3699		2
3700		2
3701		1
3702		3
3704		4
3705		2
3706		4
3707		2
3708		1
3709		3
3710		4
3711		2
3712		3
3713		3
3714		5
3715		3
3716		4
3717		3
3718		2
3719		7
3720		1
3721		2
3722		2
3724		3
3725		3
3726		1
3727		2
3728		1
3729		2
3730		6
3731		1
3732		1
3734		2
3735		3
3736		1
3737		1
3738		2
3739		3
3740		1
3741		3
3742		6
3743		5
3744		2
3745		5
3746		3
3747		2
3748		6
3750		3
3751		2
3752		4
3753		4
3754		5
3755		5
3756		3
3757		1
3758		4
3759		1
3761		5
3762		3
3764		5
3765		3
3766		2
3767		3
3768		3
3769		2
3770		3
3771		3
3772		1
3773		5
3774		4
3775		2
3776		3
3777		5
3778		3
3779		2
3781		2
3783		3
3784		6
3785		1
3786		5
3787		4
3788		3
3789		4
3791		3
3792		2
3794		3
3795		1
3796		3
3797		3
3798		5
3799		1
3800		1
3801		8
3802		3
3803		2
3804		1
3805		3
3806		1
3807		2
3808		6
3809		2
3810		1
3811		2
3812		2
3813		3
3814		8
3815		1
3816		3
3817		4
3818		3
3819		2
3820		4
3821		2
3822		2
3823		3
3824		2
3825		2
3826		1
3827		1
3828		4
3829		5
3830		6
3832		2
3833		4
3834		1
3836		1
3838		3
3839		2
3840		4
3841		6
3842		5
3843		5
3844		2
3845		1
3847		6
3848		3
3850		4
3851		4
3852		3
3853		3
3854		1
3856		1
3857		1
3858		2
3859		3
3860		1
3861		3
3862		1
3863		4
3864		2
3865		3
3866		5
3867		1
3868		6
3871		2
3872		2
3873		2
3874		3
3875		1
3876		4
3877		2
3878		3
3879		3
3880		1
3881		4
3882		3
3883		1
3884		2
3885		3
3886		3
3887		4
3888		2
3889		2
3890		1
3891		1
3892		2
3893		1
3894		2
3895		1
3897		1
3898		3
3899		2
3900		1
3901		1
3902		2
3904		5
3905		2
3906		2
3908		1
3909		2
3911		1
3913		4
3914		1
3915		3
3916		3
3917		3
3918		2
3919		3
3920		3
3922		1
3923		3
3924		6
3925		3
3926		3
3927		3
3928		2
3929		2
3930		4
3931		1
3932		1
3933		2
3934		5
3935		2
3936		2
3937		1
3938		5
3939		1
3940		2
3941		3
3942		2
3943		1
3944		1
3945		1
3946		4
3947		1
3948		3
3949		3
3950		3
3951		3
3952		2
3953		2
3954		3
3956		2
3957		3
3958		2
3959		3
3960		2
3961		3
3962		1
3963		5
3964		3
3965		2
3966		1
3967		2
3968		3
3969		1
3971		1
3972		2
3973		2
3974		2
3975		2
3976		2
3977		4
3978		3
3979		1
3980		3
3981		1
3982		2
3983		2
3984		1
3985		2
3986		2
3987		2
3988		1
3989		3
3990		2
3991		4
3992		2
3994		1
3995		2
3996		1
3997		4
3998		1
3999		1
4001		4
4002		3
4003		1
4004		2
4006		2
4007		1
4008		1
4009		5
4010		2
4011		2
4013		1
4014		3
4015		1
4016		2
4017		1
4019		3
4021		1
4022		2
4023		2
4025		2
4026		3
4027		1
4028		3
4029		1
4030		1
4032		1
4033		2
4036		1
4037		1
4038		3
4039		1
4040		1
4041		2
4042		4
4043		1
4044		7
4045		2
4046		1
4047		1
4048		2
4049		3
4051		3
4052		5
4053		1
4054		1
4055		1
4056		2
4057		1
4059		2
4060		2
4061		3
4062		3
4063		3
4064		3
4065		1
4066		2
4067		1
4068		1
4069		1
4070		2
4071		2
4073		3
4074		2
4075		2
4076		3
4078		3
4079		2
4080		1
4082		2
4083		1
4085		3
4086		1
4087		1
4088		4
4089		2
4091		2
4092		1
4093		1
4094		1
4095		1
4096		1
4097		5
4098		2
4099		1
4100		2
4102		2
4103		2
4104		1
4106		1
4107		1
4111		2
4112		1
4113		1
4114		2
4115		1
4116		1
4117		2
4120		1
4121		2
4122		1
4123		1
4124		1
4125		3
4126		2
4127		3
4128		2
4129		1
4130		4
4132		1
4133		3
4135		4
4136		3
4138		1
4139		2
4140		2
4141		1
4142		2
4143		1
4144		2
4145		1
4146		3
4147		2
4148		4
4149		1
4150		1
4151		2
4152		1
4153		2
4154		3
4156		2
4157		1
4158		1
4159		2
4160		1
4161		2
4162		1
4163		1
4164		1
4165		2
4166		3
4167		2
4169		3
4171		1
4172		2
4173		2
4174		2
4175		2
4176		2
4177		1
4179		1
4180		3
4181		1
4183		1
4184		2
4185		1
4186		1
4187		1
4188		1
4189		1
4190		4
4191		4
4193		4
4195		1
4196		2
4198		1
4200		1
4201		1
4202		4
4203		1
4204		2
4205		1
4206		2
4208		1
4209		1
4210		2
4211		1
4212		2
4213		2
4214		1
4215		3
4216		1
4217		5
4218		3
4219		1
4220		2
4221		2
4223		2
4224		1
4225		2
4226		1
4227		1
4230		1
4232		1
4233		1
4234		2
4235		2
4237		2
4239		1
4240		1
4241		3
4242		1
4243		4
4244		3
4245		2
4246		1
4247		6
4249		2
4250		4
4252		3
4253		1
4254		3
4255		1
4256		5
4257		2
4258		2
4259		1
4260		2
4261		2
4263		1
4264		2
4265		1
4266		1
4267		3
4268		2
4269		3
4271		2
4272		3
4273		3
4274		2
4275		1
4277		2
4278		2
4279		1
4280		3
4282		3
4283		1
4284		2
4286		1
4288		2
4289		1
4290		1
4291		2
4292		1
4293		1
4294		1
4296		1
4297		2
4299		1
4300		1
4301		1
4303		2
4304		1
4305		1
4306		2
4310		4
4311		2
4313		3
4314		1
4315		1
4317		1
4318		1
4319		2
4320		2
4321		1
4322		2
4324		1
4327		2
4331		2
4333		1
4334		4
4335		2
4337		3
4338		4
4339		3
4341		2
4342		2
4343		2
4344		1
4348		2
4349		1
4350		2
4351		4
4353		1
4355		2
4357		1
4358		3
4359		2
4360		1
4362		4
4364		1
4365		1
4366		1
4367		1
4368		1
4370		1
4371		2
4372		1
4374		4
4375		2
4376		2
4378		4
4379		1
4380		2
4381		1
4382		3
4383		4
4384		3
4385		2
4386		1
4387		1
4389		1
4390		3
4392		1
4393		2
4394		2
4395		2
4396		2
4398		1
4400		2
4401		1
4402		1
4403		1
4404		1
4405		2
4409		1
4410		1
4413		1
4414		1
4415		4
4416		1
4422		3
4428		1
4429		3
4430		2
4431		1
4433		2
4434		1
4435		1
4436		1
4437		1
4438		1
4441		1
4442		1
4443		3
4444		1
4446		2
4447		2
4448		2
4449		1
4450		1
4451		3
4452		2
4455		2
4458		1
4460		1
4461		1
4464		2
4465		2
4466		1
4467		2
4470		2
4472		4
4473		4
4474		1
4475		1
4476		3
4477		1
4478		1
4479		2
4480		2
4481		1
4484		2
4485		2
4488		1
4489		2
4490		1
4492		4
4493		2
4494		2
4495		1
4496		1
4497		1
4498		2
4500		1
4501		1
4502		4
4504		1
4505		1
4506		3
4508		2
4510		2
4513		1
4514		1
4516		1
4517		1
4518		2
4520		2
4522		1
4524		1
4525		1
4527		2
4528		1
4529		1
4531		2
4533		1
4534		2
4536		1
4538		2
4540		1
4541		1
4542		2
4543		2
4545		1
4546		1
4547		2
4548		1
4549		1
4551		1
4552		2
4553		1
4554		1
4558		3
4561		1
4568		3
4571		1
4581		3
4582		1
4583		1
4584		2
4585		2
4586		1
4587		2
4589		2
4592		1
4593		1
4595		2
4596		1
4597		1
4598		1
4603		2
4604		4
4605		1
4606		1
4607		3
4609		2
4610		1
4612		1
4615		1
4618		3
4619		1
4620		3
4622		1
4624		1
4625		1
4626		2
4627		1
4630		2
4633		1
4638		2
4640		1
4641		1
4642		1
4647		1
4648		2
4655		1
4657		1
4660		1
4662		1
4664		2
4665		3
4667		1
4670		1
4671		3
4672		3
4674		1
4677		2
4678		2
4679		1
4680		1
4682		2
4683		1
4684		1
4685		1
4689		1
4692		1
4694		1
4695		1
4696		2
4697		1
4700		1
4701		2
4702		1
4706		1
4707		1
4709		3
4712		1
4714		1
4715		2
4718		1
4719		1
4720		2
4721		1
4724		1
4726		2
4727		1
4728		1
4732		1
4733		1
4738		1
4741		1
4742		1
4743		2
4745		1
4746		1
4747		3
4748		1
4750		2
4754		1
4756		1
4760		1
4763		3
4764		1
4765		1
4766		1
4767		2
4768		2
4770		3
4771		1
4773		1
4776		1
4777		1
4778		2
4784		1
4785		1
4788		1
4792		2
4793		1
4794		1
4796		2
4800		1
4808		1
4809		1
4810		2
4813		1
4820		1
4821		1
4824		1
4826		1
4827		1
4831		1
4832		1
4833		1
4834		1
4835		1
4837		1
4838		1
4839		1
4840		1
4842		1
4844		3
4848		2
4849		1
4850		1
4856		1
4866		1
4868		1
4869		2
4872		1
4875		1
4876		1
4879		1
4880		1
4882		1
4883		2
4889		1
4890		1
4891		1
4892		2
4894		1
4896		2
4898		1
4899		1
4905		1
4908		1
4910		2
4912		1
4913		1
4914		1
4917		1
4918		1
4919		1
4932		1
4933		3
4938		3
4939		1
4944		1
4952		1
4953		1
4954		1
4955		1
4960		1
4964		1
4965		1
4966		2
4967		2
4968		1
4973		1
4974		1
4975		2
4985		3
4986		2
4987		2
4989		1
4997		1
4999		1
5002		2
5003		2
5005		1
5010		1
5011		1
5014		1
5015		1
5016		1
5018		1
5019		1
5022		1
5024		1
5026		1
5029		1
5032		1
5033		1
5034		2
5036		1
5037		3
5038		1
5043		1
5046		1
5048		1
5050		1
5055		1
5058		1
5059		1
5060		1
5070		1
5076		1
5077		2
5081		1
5084		1
5087		1
5091		1
5095		2
5099		1
5102		1
5107		1
5122		2
5124		1
5125		1
5126		1
5128		1
5130		1
5133		1
5138		2
5139		1
5140		1
5144		1
5147		1
5151		1
5152		1
5157		1
5168		1
5169		1
5170		1
5172		2
5174		1
5178		1
5181		1
5184		1
5187		1
5193		1
5197		1
5203		2
5206		1
5211		1
5215		1
5216		1
5219		1
5227		2
5229		1
5232		2
5237		1
5242		1
5245		2
5253		1
5256		1
5257		1
5259		1
5261		1
5269		1
5272		1
5278		1
5279		1
5285		1
5287		1
5291		1
5292		1
5303		2
5309		1
5324		1
5325		1
5326		1
5332		1
5347		1
5349		1
5353		1
5357		1
5361		1
5368		1
5371		1
5373		1
5400		1
5414		1
5417		2
5420		1
5428		1
5435		1
5442		1
5447		1
5465		1
5474		1
5475		1
5478		1
5482		1
5483		1
5484		1
5487		1
5492		1
5518		1
5521		1
5524		1
5536		1
5542		1
5546		1
5559		1
5566		1
5569		1
5581		1
5582		1
5585		2
5588		1
5596		1
5608		1
5610		1
5612		1
5613		1
5620		1
5630		1
5642		1
5644		1
5656		1
5657		1
5699		1
5703		1
5713		1
5726		1
5732		2
5757		2
5775		1
5788		1
5789		1
5802		1
5817		1
5826		1
5842		1
5879		1
5901		1
5937		1
5948		1
6091		1
6182		1
6200		1
6230		1
6262		1
6266		1
6273		1
6383		1
