Tamaños		Cantidades
1		15972678
2		4224228
3		2666579
4		1815195
5		1319659
6		1003991
7		793722
8		647183
9		537899
10		456130
11		391788
12		339476
13		298492
14		264110
15		234850
16		210366
17		190415
18		172118
19		157014
20		143408
21		130931
22		121112
23		110842
24		102909
25		95535
26		89222
27		83083
28		77674
29		72392
30		67460
31		63843
32		59512
33		56218
34		52696
35		50379
36		47292
37		44649
38		42122
39		40366
40		37991
41		35560
42		34197
43		32488
44		30973
45		29493
46		28047
47		26989
48		25535
49		24416
50		23205
51		22374
52		21624
53		20489
54		19404
55		18770
56		17948
57		17255
58		16596
59		15875
60		15204
61		14664
62		13880
63		13522
64		12734
65		12441
66		12044
67		11445
68		10978
69		10509
70		10093
71		9842
72		9474
73		9179
74		8779
75		8460
76		8120
77		7756
78		7617
79		7340
80		7104
81		6890
82		6644
83		6471
84		6204
85		6020
86		5766
87		5694
88		5355
89		5214
90		4949
91		4994
92		4714
93		4613
94		4408
95		4260
96		4118
97		4036
98		3973
99		3714
100		3645
101		3496
102		3438
103		3427
104		3327
105		3158
106		2941
107		2915
108		2900
109		2781
110		2674
111		2661
112		2439
113		2492
114		2399
115		2323
116		2186
117		2090
118		2072
119		2085
120		1858
121		1883
122		1888
123		1771
124		1684
125		1743
126		1619
127		1586
128		1499
129		1563
130		1457
131		1410
132		1414
133		1348
134		1319
135		1305
136		1220
137		1287
138		1207
139		1188
140		1110
141		1068
142		1026
143		1000
144		984
145		989
146		957
147		891
148		876
149		868
150		797
151		774
152		792
153		787
154		715
155		722
156		659
157		677
158		662
159		637
160		607
161		622
162		578
163		578
164		517
165		525
166		509
167		516
168		512
169		502
170		481
171		507
172		451
173		435
174		446
175		465
176		412
177		434
178		370
179		382
180		375
181		397
182		343
183		361
184		364
185		350
186		362
187		305
188		308
189		298
190		274
191		301
192		282
193		292
194		265
195		228
196		259
197		271
198		233
199		227
200		228
201		210
202		228
203		201
204		193
205		207
206		196
207		212
208		169
209		188
210		156
211		162
212		187
213		159
214		152
215		135
216		146
217		155
218		147
219		129
220		150
221		107
222		134
223		117
224		127
225		107
226		128
227		115
228		120
229		123
230		114
231		120
232		90
233		111
234		107
235		87
236		111
237		87
238		102
239		72
240		82
241		72
242		100
243		73
244		68
245		78
246		63
247		62
248		53
249		51
250		66
251		65
252		62
253		69
254		57
255		61
256		48
257		58
258		55
259		60
260		55
261		36
262		49
263		59
264		39
265		51
266		49
267		37
268		47
269		43
270		35
271		51
272		40
273		37
274		30
275		39
276		27
277		29
278		42
279		36
280		30
281		33
282		26
283		23
284		25
285		41
286		34
287		32
288		35
289		24
290		28
291		27
292		32
293		20
294		34
295		20
296		26
297		15
298		19
299		19
300		19
301		20
302		28
303		22
304		29
305		11
306		23
307		21
308		19
309		21
310		16
311		19
312		17
313		10
314		10
315		7
316		12
317		6
318		14
319		14
320		11
321		15
322		11
323		11
324		6
325		14
326		12
327		9
328		8
329		13
330		12
331		15
332		8
333		10
334		10
335		10
336		8
337		4
338		10
339		8
340		11
341		5
342		10
343		5
344		7
345		8
346		8
347		7
348		3
349		6
350		4
351		9
352		8
353		9
354		9
355		4
356		3
357		4
358		4
359		3
360		5
361		1
362		3
363		8
364		3
365		4
366		3
367		5
369		1
370		3
371		3
372		1
373		2
374		4
375		4
376		4
377		6
378		2
379		1
380		3
381		5
382		2
383		2
384		4
387		2
388		2
391		2
392		6
394		5
395		3
396		2
397		1
398		3
399		1
400		2
403		5
404		3
405		2
406		1
407		2
408		1
409		2
411		4
412		1
413		1
414		1
415		1
416		5
417		3
418		1
419		2
420		2
421		4
422		1
423		3
424		1
425		2
428		1
429		3
430		5
431		1
435		2
437		2
438		1
440		1
443		1
444		2
445		1
447		1
449		1
452		1
453		1
456		1
457		1
458		3
459		1
465		1
471		1
472		1
473		1
474		1
477		1
478		2
481		1
493		1
496		2
497		1
522		1
531		1
565		1
572		1
590		1
732		1
