Tamaños		Cantidades
1		12630173
2		3104710
3		1934328
4		1299534
5		939789
6		711843
7		561837
8		456847
9		380127
10		322550
11		277411
12		241686
13		213418
14		189796
15		168848
16		152300
17		138240
18		126014
19		114985
20		105857
21		97932
22		90529
23		84435
24		78695
25		73367
26		68905
27		64373
28		60931
29		57365
30		54063
31		51326
32		48281
33		46344
34		43858
35		41416
36		39471
37		38158
38		36174
39		34425
40		32771
41		31483
42		30297
43		29243
44		28052
45		26881
46		25977
47		25062
48		23993
49		23140
50		22491
51		21389
52		20782
53		20030
54		19550
55		18736
56		18180
57		17552
58		17310
59		16412
60		15721
61		15451
62		15088
63		14481
64		14109
65		13637
66		13577
67		13211
68		12682
69		12173
70		11893
71		11739
72		11419
73		11001
74		10744
75		10465
76		10352
77		9761
78		9760
79		9637
80		9371
81		8975
82		8754
83		8706
84		8499
85		8217
86		8149
87		7830
88		7714
89		7321
90		7408
91		7166
92		7077
93		7013
94		6757
95		6634
96		6425
97		6417
98		6171
99		5979
100		6118
101		5876
102		5663
103		5650
104		5452
105		5425
106		5202
107		5133
108		4996
109		4919
110		4735
111		4744
112		4687
113		4664
114		4451
115		4380
116		4329
117		4191
118		4122
119		4000
120		4032
121		3975
122		3859
123		3772
124		3634
125		3662
126		3593
127		3495
128		3491
129		3343
130		3352
131		3132
132		3384
133		3206
134		3186
135		3042
136		3004
137		2998
138		2945
139		2912
140		2924
141		2824
142		2675
143		2556
144		2594
145		2656
146		2583
147		2487
148		2449
149		2437
150		2342
151		2392
152		2260
153		2242
154		2334
155		2191
156		2267
157		2092
158		2102
159		2094
160		2107
161		2065
162		2011
163		1979
164		1966
165		1994
166		1862
167		1888
168		1823
169		1784
170		1747
171		1655
172		1675
173		1652
174		1694
175		1641
176		1578
177		1545
178		1617
179		1559
180		1543
181		1508
182		1419
183		1499
184		1377
185		1416
186		1445
187		1409
188		1366
189		1346
190		1318
191		1280
192		1281
193		1225
194		1289
195		1266
196		1190
197		1201
198		1170
199		1159
200		1159
201		1068
202		1102
203		1122
204		1076
205		1108
206		1069
207		1082
208		1044
209		1006
210		1035
211		954
212		1013
213		1023
214		980
215		972
216		913
217		941
218		935
219		915
220		896
221		871
222		868
223		821
224		857
225		816
226		835
227		811
228		797
229		789
230		806
231		775
232		756
233		775
234		696
235		740
236		691
237		727
238		732
239		722
240		647
241		685
242		632
243		660
244		645
245		648
246		654
247		668
248		658
249		578
250		588
251		580
252		598
253		551
254		582
255		586
256		594
257		560
258		536
259		547
260		464
261		513
262		566
263		531
264		496
265		551
266		534
267		529
268		469
269		541
270		454
271		451
272		492
273		478
274		437
275		422
276		474
277		427
278		453
279		438
280		419
281		434
282		439
283		430
284		446
285		406
286		393
287		407
288		373
289		436
290		415
291		358
292		367
293		390
294		402
295		385
296		357
297		345
298		351
299		371
300		317
301		353
302		330
303		336
304		366
305		305
306		299
307		325
308		304
309		344
310		314
311		282
312		335
313		286
314		287
315		319
316		302
317		285
318		314
319		290
320		281
321		249
322		251
323		270
324		267
325		259
326		263
327		250
328		268
329		255
330		272
331		235
332		228
333		230
334		249
335		229
336		228
337		260
338		247
339		225
340		225
341		214
342		198
343		212
344		251
345		203
346		180
347		203
348		211
349		178
350		215
351		205
352		196
353		184
354		169
355		203
356		185
357		193
358		172
359		169
360		177
361		177
362		165
363		164
364		154
365		165
366		171
367		184
368		159
369		174
370		167
371		176
372		143
373		157
374		151
375		140
376		131
377		160
378		153
379		148
380		158
381		170
382		131
383		141
384		148
385		124
386		130
387		145
388		155
389		124
390		119
391		120
392		124
393		106
394		138
395		119
396		108
397		118
398		133
399		122
400		127
401		123
402		121
403		114
404		135
405		99
406		122
407		111
408		116
409		111
410		112
411		123
412		111
413		111
414		115
415		101
416		100
417		108
418		87
419		100
420		96
421		87
422		89
423		90
424		86
425		92
426		89
427		82
428		84
429		106
430		92
431		97
432		77
433		98
434		83
435		84
436		93
437		69
438		91
439		82
440		87
441		84
442		72
443		72
444		76
445		62
446		83
447		72
448		66
449		85
450		90
451		83
452		63
453		78
454		53
455		73
456		76
457		61
458		78
459		81
460		74
461		61
462		65
463		63
464		79
465		63
466		72
467		55
468		58
469		52
470		59
471		49
472		64
473		54
474		64
475		64
476		60
477		54
478		60
479		61
480		51
481		48
482		51
483		43
484		47
485		49
486		52
487		63
488		41
489		50
490		45
491		43
492		54
493		47
494		36
495		49
496		55
497		49
498		37
499		43
500		37
501		45
502		36
503		49
504		38
505		40
506		42
507		41
508		35
509		50
510		39
511		35
512		48
513		39
514		41
515		31
516		40
517		30
518		38
519		28
520		34
521		34
522		34
523		33
524		25
525		32
526		46
527		32
528		36
529		29
530		23
531		25
532		34
533		31
534		30
535		32
536		49
537		38
538		31
539		34
540		28
541		25
542		28
543		26
544		24
545		27
546		35
547		34
548		27
549		18
550		24
551		29
552		32
553		28
554		24
555		22
556		23
557		37
558		34
559		26
560		23
561		27
562		22
563		25
564		20
565		20
566		27
567		23
568		22
569		25
570		29
571		15
572		10
573		17
574		26
575		24
576		29
577		23
578		19
579		23
580		18
581		25
582		34
583		21
584		22
585		27
586		22
587		27
588		19
589		23
590		17
591		19
592		22
593		17
594		25
595		17
596		18
597		21
598		13
599		17
600		15
601		19
602		19
603		18
604		12
605		19
606		14
607		22
608		13
609		20
610		11
611		16
612		15
613		21
614		12
615		15
616		19
617		16
618		23
619		10
620		13
621		12
622		10
623		18
624		10
625		11
626		15
627		14
628		12
629		15
630		16
631		17
632		22
633		19
634		13
635		16
636		10
637		18
638		11
639		17
640		13
641		15
642		11
643		11
644		11
645		12
646		13
647		8
648		10
649		14
650		9
651		17
652		10
653		11
654		17
655		11
656		9
657		9
658		18
659		12
660		23
661		14
662		6
663		9
664		11
665		13
666		8
667		6
668		4
669		6
670		2
671		7
672		8
673		6
674		8
675		7
676		12
677		10
678		8
679		6
680		7
681		8
682		9
683		10
684		13
685		11
686		7
687		5
688		13
689		8
690		13
691		5
692		9
693		6
694		9
695		9
696		9
697		6
698		6
699		12
700		7
701		10
702		10
703		8
704		5
705		8
706		12
707		6
708		7
709		9
710		8
711		5
712		8
713		11
714		10
715		8
716		5
717		9
718		9
719		7
720		6
721		7
722		7
723		2
724		10
725		6
726		6
727		8
728		7
729		5
730		3
731		10
732		4
733		4
734		6
735		3
736		11
737		3
738		4
739		3
740		4
741		7
742		6
743		5
744		3
745		3
746		2
747		4
748		8
749		8
750		8
751		8
752		5
753		5
754		4
755		7
756		10
757		5
758		6
760		3
761		6
762		5
763		4
764		6
765		3
766		2
767		2
768		7
769		2
770		2
771		2
772		8
773		7
774		1
775		1
776		2
777		2
778		3
779		2
780		7
781		4
782		7
783		7
784		4
785		4
786		2
787		3
788		2
789		3
790		3
791		1
792		9
793		4
794		2
795		5
796		4
797		1
798		4
799		5
800		2
801		4
802		3
803		3
804		3
805		1
806		4
807		2
808		2
810		4
811		3
812		3
815		4
816		3
817		2
818		6
819		2
820		6
821		2
822		1
823		4
824		4
825		2
826		1
827		1
828		1
829		1
831		2
832		4
833		5
834		5
835		5
836		1
837		5
838		1
839		1
841		3
843		1
844		1
845		2
846		2
847		3
848		1
849		2
850		2
851		2
852		3
853		1
854		4
855		1
856		2
857		6
858		3
861		2
862		2
863		1
864		2
867		3
868		3
870		4
872		4
873		3
875		1
876		2
879		1
880		4
881		2
882		2
883		2
885		7
886		1
887		4
888		1
889		2
890		3
891		1
892		2
893		1
894		1
895		1
897		1
898		2
899		1
900		1
901		1
902		1
905		4
906		2
907		4
908		1
909		1
910		3
911		2
912		1
915		1
916		4
917		3
918		2
919		1
920		3
921		1
922		1
923		4
924		1
925		1
926		1
928		3
930		1
931		1
934		1
935		2
936		3
937		2
938		2
939		1
940		1
941		1
943		1
944		1
951		3
953		2
954		1
955		1
957		1
958		1
959		1
960		2
961		2
962		2
964		1
965		1
967		3
968		4
970		3
973		2
974		1
975		1
976		2
977		1
984		3
985		1
987		2
988		1
989		2
990		2
991		2
996		2
1000		1
1003		1
1004		1
1005		1
1006		1
1008		1
1010		1
1011		1
1012		1
1016		1
1018		1
1019		1
1021		1
1025		1
1029		2
1031		1
1035		2
1036		2
1040		1
1042		1
1043		2
1050		1
1051		1
1056		1
1059		1
1071		1
1072		1
1073		1
1074		1
1078		1
1079		2
1085		1
1095		1
1101		2
1104		2
1109		1
1112		1
1116		1
1121		1
1122		1
1142		1
1148		1
1169		1
1174		1
1178		1
1180		1
1191		1
1194		1
1197		1
1205		1
1206		1
1213		1
1215		1
1217		1
1226		2
1258		1
1269		1
1340		1
1374		1
1402		1
1464		1
1493		1
1516		1
