Tamaños		Cantidades
1		2693732
2		376137
3		189840
4		105659
5		64493
6		42032
7		28979
8		21264
9		15611
10		12011
11		9281
12		7585
13		6183
14		5012
15		4152
16		3608
17		2990
18		2561
19		2143
20		1857
21		1663
22		1458
23		1250
24		1147
25		1001
26		899
27		814
28		724
29		669
30		620
31		503
32		498
33		431
34		443
35		362
36		336
37		316
38		268
39		266
40		233
41		229
42		203
43		199
44		199
45		157
46		183
47		149
48		138
49		136
50		120
51		116
52		116
53		93
54		93
55		111
56		74
57		78
58		64
59		66
60		76
61		57
62		71
63		76
64		81
65		57
66		49
67		61
68		59
69		40
70		37
71		35
72		37
73		33
74		30
75		39
76		29
77		42
78		33
79		30
80		35
81		25
82		29
83		23
84		25
85		15
86		23
87		35
88		17
89		15
90		14
91		18
92		21
93		16
94		14
95		10
96		9
97		8
98		13
99		6
100		7
101		15
102		12
103		10
104		10
105		10
106		7
107		10
108		4
109		7
110		7
111		4
112		5
113		3
114		4
115		12
116		9
117		4
118		7
119		8
120		4
121		5
122		8
123		7
124		3
125		6
126		5
127		4
128		3
129		7
130		6
131		6
132		3
133		1
134		3
135		3
136		3
137		2
138		7
139		3
140		2
141		7
142		4
143		2
144		4
145		3
146		4
147		2
148		4
149		6
150		6
151		6
152		6
153		2
154		4
155		1
156		3
157		3
159		1
160		3
161		1
162		1
164		4
165		3
166		5
167		2
169		1
170		1
171		3
172		1
173		1
174		2
175		1
176		2
177		2
178		1
179		2
180		2
181		3
182		1
183		1
184		1
186		3
188		3
190		1
192		2
193		2
196		1
197		2
198		3
199		1
200		5
201		2
203		2
204		1
207		2
208		1
210		2
211		2
214		1
215		2
216		1
220		1
221		1
222		1
226		1
229		1
230		1
235		1
236		1
237		1
238		2
239		1
240		1
241		1
243		2
244		2
245		1
249		3
255		1
262		1
265		1
273		1
282		1
284		1
286		1
290		1
291		1
302		1
305		2
307		1
315		1
317		1
322		1
343		1
362		1
389		1
391		2
431		1
434		1
495		1
499		1
