Tamaños		Cantidades
1		1229193
2		127380
3		56010
4		28137
5		15372
6		9120
7		5792
8		3900
9		2793
10		1973
11		1509
12		1134
13		818
14		676
15		538
16		440
17		355
18		303
19		225
20		189
21		177
22		134
23		130
24		112
25		102
26		64
27		74
28		64
29		62
30		46
31		43
32		36
33		33
34		29
35		26
36		27
37		15
38		17
39		11
40		19
41		14
42		28
43		14
44		9
45		8
46		15
47		6
48		8
49		10
50		4
51		7
52		6
53		6
54		3
55		3
56		3
57		3
58		3
59		4
60		4
61		3
62		2
65		2
66		4
68		1
69		4
70		1
71		1
74		1
75		1
77		2
78		1
80		4
81		1
82		1
83		2
86		1
88		1
89		1
90		1
91		1
92		1
93		1
95		1
96		1
99		1
102		1
110		1
115		1
119		1
126		1
141		1
172		1
