Tamaños		Cantidades
1		9660244
2		2170543
3		1316759
4		870287
5		617129
6		459149
7		357743
8		287735
9		236837
10		199390
11		170220
12		147378
13		128022
14		114256
15		101557
16		90917
17		82536
18		74537
19		68313
20		62627
21		57817
22		54032
23		49847
24		46085
25		43485
26		40683
27		38183
28		35814
29		33678
30		31988
31		30055
32		28648
33		27132
34		25726
35		24670
36		23420
37		22348
38		21295
39		20465
40		19647
41		18788
42		17987
43		17206
44		16842
45		16220
46		15447
47		14962
48		14351
49		13854
50		13428
51		13044
52		12543
53		12209
54		11825
55		11521
56		11090
57		10756
58		10293
59		10158
60		9845
61		9629
62		9231
63		9005
64		8918
65		8567
66		8240
67		8163
68		8129
69		7732
70		7385
71		7467
72		7211
73		7169
74		6954
75		6842
76		6552
77		6634
78		6369
79		6145
80		5996
81		5874
82		5829
83		5696
84		5505
85		5392
86		5323
87		5289
88		5186
89		5060
90		4972
91		4705
92		4814
93		4703
94		4583
95		4389
96		4400
97		4334
98		4406
99		4207
100		4060
101		4096
102		3925
103		3943
104		3800
105		3802
106		3717
107		3699
108		3552
109		3508
110		3519
111		3458
112		3366
113		3452
114		3335
115		3208
116		3200
117		3080
118		3152
119		3020
120		3035
121		2955
122		2946
123		2891
124		2806
125		2782
126		2800
127		2835
128		2778
129		2623
130		2631
131		2544
132		2563
133		2477
134		2454
135		2411
136		2487
137		2367
138		2407
139		2312
140		2342
141		2345
142		2202
143		2322
144		2284
145		2186
146		2177
147		2128
148		2066
149		2108
150		2079
151		2055
152		2054
153		1959
154		1863
155		1920
156		1941
157		1842
158		1887
159		1848
160		1873
161		1807
162		1825
163		1759
164		1792
165		1775
166		1733
167		1780
168		1688
169		1692
170		1649
171		1683
172		1586
173		1532
174		1542
175		1580
176		1564
177		1518
178		1450
179		1505
180		1464
181		1543
182		1444
183		1411
184		1440
185		1499
186		1417
187		1378
188		1403
189		1327
190		1370
191		1376
192		1353
193		1350
194		1315
195		1346
196		1287
197		1273
198		1305
199		1214
200		1159
201		1216
202		1153
203		1225
204		1159
205		1202
206		1171
207		1187
208		1140
209		1133
210		1105
211		1080
212		1086
213		1130
214		1080
215		1080
216		1083
217		1118
218		1061
219		1096
220		1050
221		1002
222		1009
223		1017
224		971
225		1045
226		1007
227		987
228		986
229		955
230		988
231		918
232		937
233		929
234		884
235		982
236		957
237		964
238		920
239		903
240		908
241		894
242		878
243		887
244		863
245		830
246		867
247		873
248		864
249		845
250		814
251		851
252		824
253		798
254		815
255		782
256		825
257		814
258		780
259		771
260		726
261		734
262		792
263		775
264		730
265		744
266		732
267		735
268		716
269		694
270		725
271		729
272		722
273		705
274		694
275		697
276		740
277		664
278		698
279		684
280		676
281		632
282		685
283		676
284		653
285		605
286		682
287		650
288		622
289		628
290		654
291		646
292		646
293		645
294		614
295		605
296		613
297		580
298		650
299		578
300		582
301		594
302		633
303		554
304		588
305		569
306		596
307		562
308		581
309		597
310		568
311		560
312		504
313		527
314		576
315		564
316		524
317		491
318		541
319		526
320		529
321		519
322		489
323		523
324		529
325		525
326		477
327		533
328		496
329		523
330		469
331		486
332		494
333		504
334		474
335		528
336		492
337		476
338		491
339		477
340		455
341		477
342		486
343		428
344		434
345		446
346		473
347		464
348		458
349		464
350		466
351		448
352		421
353		451
354		451
355		431
356		439
357		395
358		440
359		464
360		432
361		440
362		393
363		400
364		417
365		388
366		382
367		363
368		365
369		398
370		376
371		428
372		426
373		375
374		406
375		349
376		406
377		417
378		385
379		397
380		372
381		371
382		374
383		340
384		392
385		350
386		375
387		382
388		382
389		346
390		367
391		365
392		377
393		376
394		331
395		345
396		350
397		346
398		318
399		329
400		333
401		349
402		346
403		338
404		355
405		318
406		323
407		383
408		337
409		347
410		322
411		328
412		311
413		342
414		323
415		317
416		314
417		311
418		330
419		289
420		316
421		291
422		318
423		299
424		323
425		314
426		286
427		287
428		291
429		310
430		301
431		293
432		285
433		303
434		288
435		281
436		284
437		308
438		291
439		287
440		311
441		288
442		289
443		294
444		266
445		289
446		283
447		269
448		285
449		286
450		247
451		270
452		302
453		270
454		285
455		259
456		275
457		249
458		275
459		291
460		252
461		272
462		289
463		270
464		279
465		254
466		252
467		274
468		247
469		270
470		275
471		224
472		222
473		277
474		254
475		272
476		264
477		250
478		245
479		226
480		240
481		242
482		233
483		261
484		233
485		249
486		241
487		244
488		233
489		209
490		240
491		212
492		230
493		232
494		221
495		226
496		230
497		237
498		236
499		210
500		227
501		214
502		223
503		209
504		188
505		224
506		208
507		262
508		179
509		200
510		222
511		227
512		227
513		189
514		203
515		191
516		219
517		196
518		183
519		206
520		205
521		203
522		184
523		206
524		215
525		222
526		192
527		191
528		194
529		196
530		210
531		195
532		187
533		198
534		211
535		207
536		171
537		174
538		173
539		181
540		183
541		208
542		175
543		183
544		184
545		189
546		209
547		173
548		190
549		157
550		173
551		190
552		197
553		174
554		181
555		175
556		170
557		188
558		157
559		155
560		174
561		177
562		156
563		180
564		167
565		189
566		174
567		188
568		161
569		185
570		165
571		160
572		156
573		160
574		136
575		154
576		131
577		183
578		168
579		157
580		167
581		173
582		151
583		142
584		174
585		171
586		159
587		155
588		190
589		144
590		127
591		172
592		143
593		141
594		138
595		155
596		162
597		129
598		130
599		155
600		162
601		140
602		157
603		174
604		137
605		148
606		130
607		135
608		137
609		155
610		140
611		141
612		134
613		158
614		140
615		139
616		132
617		139
618		162
619		127
620		158
621		153
622		122
623		143
624		145
625		141
626		131
627		131
628		130
629		133
630		137
631		135
632		146
633		112
634		138
635		138
636		110
637		128
638		129
639		143
640		127
641		154
642		133
643		134
644		127
645		144
646		125
647		129
648		107
649		167
650		144
651		123
652		121
653		120
654		129
655		110
656		117
657		126
658		122
659		120
660		139
661		132
662		140
663		132
664		116
665		111
666		138
667		122
668		120
669		124
670		136
671		105
672		127
673		105
674		100
675		110
676		102
677		117
678		120
679		120
680		101
681		118
682		115
683		114
684		120
685		123
686		86
687		99
688		115
689		114
690		113
691		94
692		92
693		118
694		124
695		98
696		88
697		111
698		121
699		93
700		113
701		97
702		109
703		115
704		104
705		107
706		105
707		125
708		94
709		96
710		103
711		102
712		106
713		97
714		106
715		96
716		95
717		92
718		99
719		103
720		106
721		96
722		93
723		88
724		98
725		110
726		94
727		118
728		98
729		77
730		93
731		109
732		103
733		108
734		98
735		81
736		92
737		85
738		92
739		100
740		87
741		96
742		92
743		103
744		98
745		94
746		78
747		95
748		79
749		92
750		95
751		86
752		88
753		92
754		99
755		85
756		104
757		79
758		99
759		93
760		99
761		90
762		75
763		102
764		88
765		73
766		91
767		75
768		91
769		83
770		88
771		86
772		86
773		77
774		83
775		104
776		94
777		97
778		100
779		97
780		76
781		87
782		84
783		81
784		90
785		72
786		61
787		69
788		89
789		84
790		61
791		69
792		77
793		78
794		79
795		83
796		79
797		81
798		74
799		73
800		67
801		80
802		87
803		86
804		78
805		81
806		84
807		80
808		80
809		77
810		91
811		72
812		72
813		77
814		70
815		80
816		78
817		71
818		79
819		56
820		88
821		69
822		76
823		78
824		59
825		78
826		88
827		78
828		79
829		61
830		74
831		58
832		76
833		48
834		77
835		66
836		80
837		77
838		67
839		64
840		75
841		60
842		51
843		57
844		63
845		56
846		57
847		75
848		71
849		72
850		71
851		73
852		66
853		54
854		62
855		70
856		76
857		71
858		72
859		75
860		58
861		70
862		54
863		62
864		65
865		62
866		56
867		64
868		71
869		73
870		74
871		55
872		79
873		60
874		64
875		45
876		70
877		58
878		68
879		59
880		57
881		76
882		56
883		63
884		75
885		77
886		51
887		59
888		65
889		48
890		63
891		66
892		45
893		54
894		62
895		54
896		62
897		68
898		58
899		55
900		59
901		59
902		71
903		59
904		49
905		66
906		61
907		61
908		54
909		60
910		58
911		55
912		68
913		56
914		33
915		53
916		49
917		54
918		63
919		67
920		62
921		58
922		61
923		64
924		54
925		51
926		54
927		51
928		58
929		63
930		57
931		53
932		35
933		48
934		54
935		59
936		58
937		52
938		53
939		50
940		34
941		41
942		48
943		54
944		45
945		58
946		44
947		54
948		44
949		49
950		48
951		48
952		48
953		54
954		54
955		53
956		57
957		46
958		45
959		56
960		43
961		34
962		48
963		36
964		54
965		52
966		47
967		56
968		38
969		44
970		40
971		48
972		41
973		62
974		44
975		31
976		49
977		40
978		53
979		43
980		45
981		52
982		45
983		47
984		41
985		45
986		36
987		42
988		55
989		37
990		43
991		46
992		61
993		42
994		32
995		47
996		53
997		41
998		43
999		50
1000		36
1001		36
1002		45
1003		43
1004		46
1005		45
1006		47
1007		38
1008		44
1009		46
1010		44
1011		46
1012		30
1013		37
1014		46
1015		51
1016		44
1017		41
1018		36
1019		42
1020		45
1021		36
1022		47
1023		44
1024		42
1025		39
1026		42
1027		46
1028		43
1029		42
1030		48
1031		41
1032		41
1033		45
1034		39
1035		50
1036		39
1037		39
1038		37
1039		33
1040		35
1041		41
1042		46
1043		37
1044		40
1045		30
1046		34
1047		35
1048		48
1049		43
1050		44
1051		48
1052		37
1053		39
1054		37
1055		33
1056		30
1057		34
1058		37
1059		36
1060		41
1061		44
1062		35
1063		32
1064		43
1065		30
1066		38
1067		37
1068		47
1069		39
1070		37
1071		44
1072		42
1073		42
1074		34
1075		32
1076		45
1077		38
1078		40
1079		38
1080		29
1081		37
1082		25
1083		31
1084		36
1085		38
1086		43
1087		49
1088		39
1089		33
1090		38
1091		40
1092		35
1093		30
1094		30
1095		37
1096		39
1097		37
1098		42
1099		47
1100		37
1101		42
1102		38
1103		32
1104		29
1105		32
1106		34
1107		28
1108		34
1109		33
1110		39
1111		33
1112		40
1113		31
1114		18
1115		35
1116		33
1117		30
1118		35
1119		33
1120		46
1121		30
1122		39
1123		31
1124		33
1125		28
1126		28
1127		35
1128		31
1129		37
1130		31
1131		31
1132		32
1133		32
1134		37
1135		32
1136		33
1137		40
1138		37
1139		34
1140		28
1141		38
1142		31
1143		33
1144		30
1145		31
1146		26
1147		27
1148		36
1149		29
1150		33
1151		43
1152		25
1153		25
1154		30
1155		29
1156		27
1157		38
1158		35
1159		30
1160		33
1161		38
1162		42
1163		25
1164		36
1165		31
1166		36
1167		18
1168		36
1169		21
1170		32
1171		35
1172		26
1173		29
1174		26
1175		33
1176		43
1177		23
1178		19
1179		33
1180		23
1181		24
1182		33
1183		34
1184		28
1185		34
1186		25
1187		19
1188		32
1189		31
1190		29
1191		22
1192		31
1193		35
1194		24
1195		26
1196		33
1197		21
1198		28
1199		26
1200		23
1201		30
1202		32
1203		27
1204		20
1205		26
1206		27
1207		20
1208		30
1209		31
1210		21
1211		24
1212		31
1213		28
1214		33
1215		22
1216		19
1217		25
1218		22
1219		26
1220		26
1221		17
1222		28
1223		21
1224		26
1225		22
1226		26
1227		17
1228		18
1229		17
1230		18
1231		19
1232		21
1233		20
1234		18
1235		26
1236		25
1237		28
1238		29
1239		31
1240		28
1241		27
1242		14
1243		18
1244		15
1245		24
1246		15
1247		17
1248		25
1249		31
1250		31
1251		35
1252		28
1253		23
1254		20
1255		28
1256		27
1257		17
1258		27
1259		21
1260		18
1261		18
1262		26
1263		25
1264		17
1265		22
1266		27
1267		31
1268		24
1269		26
1270		29
1271		21
1272		20
1273		30
1274		15
1275		19
1276		28
1277		17
1278		29
1279		18
1280		21
1281		15
1282		24
1283		25
1284		16
1285		18
1286		19
1287		18
1288		21
1289		25
1290		23
1291		27
1292		24
1293		22
1294		29
1295		23
1296		23
1297		31
1298		29
1299		17
1300		21
1301		22
1302		20
1303		13
1304		22
1305		19
1306		17
1307		21
1308		24
1309		22
1310		27
1311		18
1312		18
1313		18
1314		18
1315		24
1316		19
1317		31
1318		21
1319		18
1320		16
1321		24
1322		16
1323		18
1324		21
1325		26
1326		16
1327		20
1328		19
1329		13
1330		20
1331		21
1332		21
1333		18
1334		19
1335		15
1336		19
1337		17
1338		15
1339		22
1340		17
1341		24
1342		12
1343		21
1344		21
1345		14
1346		21
1347		17
1348		23
1349		21
1350		18
1351		15
1352		17
1353		17
1354		17
1355		16
1356		13
1357		22
1358		13
1359		16
1360		28
1361		25
1362		19
1363		16
1364		14
1365		20
1366		21
1367		16
1368		16
1369		19
1370		25
1371		20
1372		14
1373		17
1374		21
1375		19
1376		21
1377		15
1378		11
1379		20
1380		26
1381		11
1382		26
1383		18
1384		11
1385		24
1386		22
1387		13
1388		22
1389		21
1390		18
1391		22
1392		14
1393		19
1394		19
1395		18
1396		21
1397		25
1398		13
1399		16
1400		17
1401		13
1402		19
1403		15
1404		18
1405		18
1406		22
1407		18
1408		16
1409		18
1410		12
1411		15
1412		10
1413		15
1414		25
1415		13
1416		17
1417		20
1418		9
1419		17
1420		13
1421		17
1422		18
1423		14
1424		25
1425		17
1426		16
1427		18
1428		13
1429		14
1430		21
1431		16
1432		21
1433		19
1434		15
1435		20
1436		16
1437		13
1438		18
1439		8
1440		12
1441		20
1442		13
1443		20
1444		11
1445		19
1446		21
1447		22
1448		23
1449		9
1450		13
1451		19
1452		17
1453		16
1454		21
1455		13
1456		17
1457		14
1458		22
1459		20
1460		15
1461		15
1462		15
1463		16
1464		12
1465		20
1466		14
1467		17
1468		17
1469		24
1470		9
1471		14
1472		17
1473		13
1474		19
1475		12
1476		12
1477		16
1478		18
1479		15
1480		15
1481		13
1482		18
1483		15
1484		13
1485		18
1486		12
1487		10
1488		12
1489		17
1490		14
1491		15
1492		13
1493		11
1494		17
1495		14
1496		6
1497		15
1498		15
1499		21
1500		15
1501		16
1502		11
1503		19
1504		13
1505		11
1506		19
1507		11
1508		11
1509		15
1510		16
1511		13
1512		8
1513		21
1514		4
1515		13
1516		20
1517		8
1518		17
1519		13
1520		9
1521		12
1522		11
1523		11
1524		12
1525		18
1526		12
1527		9
1528		6
1529		11
1530		11
1531		10
1532		14
1533		13
1534		11
1535		10
1536		15
1537		10
1538		14
1539		12
1540		9
1541		7
1542		15
1543		7
1544		20
1545		13
1546		12
1547		11
1548		10
1549		15
1550		9
1551		11
1552		14
1553		14
1554		12
1555		12
1556		8
1557		8
1558		8
1559		18
1560		13
1561		10
1562		10
1563		10
1564		15
1565		11
1566		13
1567		13
1568		8
1569		9
1570		9
1571		11
1572		12
1573		13
1574		18
1575		7
1576		9
1577		5
1578		6
1579		9
1580		11
1581		11
1582		15
1583		7
1584		8
1585		9
1586		8
1587		11
1588		14
1589		13
1590		17
1591		7
1592		11
1593		6
1594		9
1595		8
1596		6
1597		10
1598		11
1599		9
1600		9
1601		12
1602		7
1603		13
1604		12
1605		14
1606		12
1607		17
1608		7
1609		13
1610		15
1611		14
1612		6
1613		12
1614		11
1615		8
1616		12
1617		7
1618		8
1619		7
1620		13
1621		12
1622		15
1623		15
1624		9
1625		15
1626		15
1627		15
1628		16
1629		9
1630		12
1631		11
1632		15
1633		7
1634		10
1635		16
1636		13
1637		10
1638		13
1639		9
1640		15
1641		18
1642		15
1643		8
1644		9
1645		6
1646		8
1647		8
1648		12
1649		9
1650		7
1651		6
1652		7
1653		11
1654		6
1655		11
1656		14
1657		8
1658		10
1659		10
1660		12
1661		11
1662		14
1663		10
1664		8
1665		12
1666		11
1667		10
1668		4
1669		6
1670		11
1671		10
1672		10
1673		9
1674		9
1675		12
1676		6
1677		11
1678		9
1679		8
1680		11
1681		8
1682		7
1683		9
1684		6
1685		12
1686		10
1687		9
1688		6
1689		10
1690		8
1691		8
1692		12
1693		12
1694		10
1695		9
1696		8
1697		12
1698		9
1699		8
1700		4
1701		10
1702		2
1703		5
1704		7
1705		9
1706		6
1707		7
1708		4
1709		9
1710		11
1711		9
1712		15
1713		9
1714		4
1715		11
1716		6
1717		6
1718		10
1719		14
1720		6
1721		12
1722		11
1723		6
1724		11
1725		12
1726		11
1727		8
1728		7
1729		7
1730		10
1731		9
1732		12
1733		7
1734		11
1735		7
1736		10
1737		6
1738		10
1739		7
1740		13
1741		6
1742		12
1743		4
1744		6
1745		6
1746		5
1747		5
1748		5
1749		14
1750		10
1751		9
1752		7
1753		7
1754		8
1755		7
1756		6
1757		9
1758		10
1759		7
1760		7
1761		8
1762		5
1763		6
1764		12
1765		9
1766		10
1767		4
1768		4
1769		9
1770		6
1771		8
1772		6
1773		8
1774		8
1775		5
1776		13
1777		8
1778		9
1779		5
1780		10
1781		5
1782		7
1783		6
1784		5
1785		5
1786		8
1787		9
1788		7
1789		6
1790		8
1791		6
1792		4
1793		5
1794		4
1795		6
1796		9
1797		5
1798		11
1799		10
1800		10
1801		7
1802		7
1803		6
1804		4
1805		6
1806		2
1807		7
1808		4
1809		6
1810		7
1811		9
1812		5
1813		1
1814		6
1815		6
1816		10
1817		6
1818		12
1819		9
1820		10
1821		7
1822		2
1823		5
1824		4
1825		9
1826		9
1827		5
1828		10
1829		3
1830		6
1831		5
1832		7
1833		5
1834		5
1835		7
1836		11
1837		9
1838		6
1839		6
1840		3
1841		5
1842		6
1843		2
1844		7
1845		4
1846		7
1847		6
1848		6
1849		6
1850		2
1851		4
1852		6
1853		9
1854		11
1855		8
1856		5
1857		9
1858		7
1859		2
1860		3
1861		10
1862		4
1863		10
1864		5
1865		8
1866		6
1867		3
1868		7
1869		10
1870		6
1871		6
1872		5
1873		7
1874		5
1875		3
1876		9
1877		7
1878		7
1879		6
1880		6
1881		7
1882		6
1883		5
1884		4
1885		6
1886		7
1887		4
1888		5
1889		6
1890		5
1891		2
1892		8
1893		2
1894		1
1895		5
1896		5
1897		6
1898		5
1899		7
1900		7
1901		8
1902		6
1903		6
1904		10
1905		2
1906		8
1907		3
1908		7
1909		8
1910		4
1911		5
1912		5
1913		2
1914		3
1915		6
1916		7
1917		4
1918		3
1919		10
1920		6
1921		3
1922		7
1923		5
1924		5
1925		9
1926		5
1927		4
1928		10
1929		7
1930		6
1931		7
1932		8
1933		5
1934		8
1935		6
1936		7
1937		3
1938		3
1939		4
1940		6
1941		5
1942		6
1943		5
1944		3
1945		4
1946		2
1947		3
1948		7
1949		8
1950		2
1951		7
1952		4
1953		6
1954		8
1955		6
1956		5
1957		5
1958		7
1959		4
1960		5
1961		7
1962		2
1963		4
1964		3
1965		2
1966		5
1967		5
1968		7
1969		3
1970		2
1971		2
1972		4
1973		6
1974		3
1975		5
1976		8
1977		4
1978		7
1979		6
1980		3
1981		2
1982		7
1983		6
1984		3
1985		6
1986		4
1988		1
1989		9
1990		3
1991		7
1992		4
1993		2
1994		3
1995		3
1996		3
1997		1
1998		5
1999		6
2000		7
2001		3
2002		6
2004		2
2005		3
2007		9
2008		5
2009		4
2010		4
2011		3
2012		6
2013		8
2014		7
2015		5
2016		10
2017		4
2018		5
2019		3
2020		4
2021		6
2022		11
2023		4
2024		1
2025		5
2026		8
2027		6
2028		4
2029		6
2030		6
2031		2
2032		1
2033		1
2034		6
2035		4
2036		6
2037		2
2038		5
2039		7
2040		2
2041		2
2043		5
2044		3
2045		1
2046		1
2047		3
2048		3
2049		4
2050		8
2051		4
2052		5
2053		4
2054		1
2055		9
2056		2
2057		6
2058		3
2059		1
2060		4
2061		2
2062		2
2063		3
2064		2
2066		3
2067		2
2068		5
2069		3
2070		2
2071		5
2072		1
2073		2
2074		2
2075		5
2076		4
2077		4
2078		6
2079		1
2080		5
2081		3
2082		3
2083		5
2084		1
2085		4
2086		4
2087		6
2088		1
2089		3
2090		2
2091		4
2092		1
2093		7
2094		8
2095		5
2096		3
2097		3
2098		3
2099		5
2100		1
2101		7
2102		4
2103		1
2104		4
2105		1
2106		3
2107		3
2108		4
2109		5
2110		4
2111		5
2112		3
2113		2
2114		5
2115		5
2116		3
2117		3
2118		1
2119		3
2120		4
2121		5
2122		2
2123		5
2124		1
2125		2
2126		1
2127		3
2128		5
2129		2
2130		2
2131		5
2132		5
2133		2
2134		3
2135		5
2136		2
2137		5
2138		2
2139		2
2140		3
2141		3
2142		2
2143		5
2144		4
2145		3
2146		3
2147		3
2148		4
2149		5
2150		3
2151		4
2152		5
2153		2
2154		4
2155		3
2156		2
2157		3
2158		2
2159		5
2160		3
2161		2
2162		3
2163		4
2164		5
2165		4
2166		2
2167		4
2168		3
2169		2
2170		4
2171		2
2172		3
2173		2
2174		4
2175		1
2176		3
2177		4
2178		2
2179		2
2180		2
2181		3
2182		3
2183		7
2184		4
2185		3
2186		7
2187		5
2188		4
2189		1
2190		1
2191		4
2192		1
2193		5
2194		2
2195		2
2196		1
2197		1
2198		7
2199		4
2200		2
2201		3
2202		2
2203		5
2204		1
2205		4
2206		4
2207		3
2208		3
2209		6
2210		4
2211		5
2212		1
2213		2
2214		1
2215		1
2216		7
2217		4
2218		3
2219		3
2221		2
2222		4
2223		5
2224		2
2225		2
2227		2
2228		2
2229		4
2230		2
2231		2
2232		3
2233		6
2234		5
2235		3
2236		1
2237		1
2238		4
2239		4
2240		3
2241		4
2242		1
2243		4
2244		4
2245		5
2246		4
2247		5
2248		6
2249		6
2250		2
2251		4
2252		2
2253		7
2254		3
2255		1
2256		3
2257		1
2258		3
2259		3
2260		4
2261		2
2262		1
2263		4
2264		5
2265		2
2267		2
2268		1
2269		3
2270		1
2271		1
2272		4
2273		3
2274		2
2275		2
2276		6
2277		3
2278		4
2279		3
2280		1
2281		1
2282		4
2283		1
2284		5
2285		2
2286		2
2287		1
2288		1
2289		1
2290		2
2291		2
2292		2
2294		2
2295		6
2296		3
2297		3
2298		5
2299		2
2300		2
2301		4
2302		6
2303		4
2304		5
2305		2
2307		4
2308		9
2309		1
2310		2
2311		3
2312		2
2313		6
2314		2
2315		2
2317		1
2318		2
2319		3
2320		3
2321		2
2322		4
2323		1
2324		2
2325		1
2326		4
2327		3
2328		3
2329		1
2330		3
2332		3
2334		1
2335		3
2336		2
2337		3
2338		5
2339		2
2340		2
2341		3
2342		1
2343		4
2344		2
2345		2
2346		2
2347		2
2348		2
2349		3
2351		2
2353		1
2354		2
2356		3
2357		3
2358		2
2359		3
2360		4
2361		1
2362		1
2363		3
2364		1
2365		4
2366		2
2367		2
2368		6
2369		3
2370		3
2372		2
2373		2
2374		1
2375		4
2376		5
2377		3
2378		3
2379		2
2380		3
2381		1
2382		2
2383		1
2384		2
2386		2
2387		2
2388		1
2389		3
2390		3
2391		2
2392		2
2393		1
2394		2
2395		1
2397		1
2399		2
2400		1
2402		3
2404		2
2405		3
2406		4
2407		8
2408		1
2410		3
2411		2
2412		3
2414		2
2415		2
2419		3
2420		1
2421		1
2422		6
2423		3
2424		2
2426		1
2427		1
2428		2
2429		1
2430		1
2431		1
2432		1
2434		1
2435		2
2436		1
2437		3
2438		2
2441		4
2442		1
2443		2
2444		3
2445		1
2446		2
2448		1
2449		2
2450		1
2451		3
2452		1
2453		5
2454		1
2455		1
2456		3
2457		1
2458		1
2459		4
2461		1
2462		2
2463		2
2464		2
2465		2
2466		2
2467		3
2468		4
2469		2
2470		1
2472		1
2473		2
2475		2
2478		2
2479		1
2480		2
2481		2
2482		3
2483		2
2485		1
2486		3
2487		1
2488		2
2489		2
2491		2
2492		1
2493		1
2494		2
2495		2
2496		1
2497		2
2498		1
2499		2
2500		1
2501		1
2502		1
2503		1
2504		2
2505		4
2507		1
2508		2
2509		4
2510		3
2511		3
2512		3
2513		1
2514		2
2515		2
2516		1
2518		2
2519		2
2520		2
2521		3
2522		1
2523		4
2524		3
2526		2
2529		1
2530		1
2531		2
2532		1
2533		2
2535		3
2536		1
2537		1
2538		1
2539		2
2540		1
2541		1
2544		3
2545		2
2546		3
2547		2
2548		1
2549		2
2553		1
2554		1
2557		1
2559		4
2560		4
2561		2
2562		3
2565		1
2567		1
2568		1
2570		3
2571		1
2572		3
2573		2
2574		2
2575		2
2577		2
2581		3
2582		4
2583		2
2585		2
2586		2
2587		2
2588		1
2589		1
2590		1
2591		1
2592		1
2593		1
2596		1
2597		1
2598		1
2599		1
2600		2
2601		1
2603		2
2604		1
2607		2
2610		3
2611		1
2612		3
2613		1
2614		2
2615		1
2618		1
2619		1
2621		4
2622		1
2623		3
2625		2
2626		1
2627		2
2629		4
2630		1
2631		1
2632		1
2637		1
2638		1
2639		1
2640		1
2641		3
2644		3
2646		2
2648		3
2650		1
2651		3
2652		2
2653		1
2657		1
2658		1
2659		2
2661		1
2663		1
2664		2
2665		1
2666		2
2667		1
2669		1
2670		2
2672		1
2673		1
2676		1
2677		1
2678		2
2680		2
2681		1
2682		2
2683		1
2684		1
2687		1
2688		1
2690		2
2692		3
2693		3
2694		1
2696		2
2698		1
2699		3
2700		1
2701		2
2702		1
2703		3
2704		3
2705		2
2706		3
2707		4
2708		1
2713		1
2714		3
2715		2
2717		1
2718		1
2719		2
2720		1
2723		2
2725		3
2726		1
2727		1
2728		2
2729		1
2731		2
2732		1
2734		1
2735		2
2736		3
2737		1
2739		1
2740		1
2741		2
2742		2
2743		2
2745		1
2749		2
2751		1
2753		1
2754		1
2755		1
2756		2
2757		2
2758		1
2759		1
2760		2
2761		2
2762		2
2763		1
2765		1
2767		1
2768		1
2769		1
2771		1
2775		3
2776		1
2777		1
2778		1
2779		2
2780		1
2781		1
2783		3
2787		1
2788		2
2789		1
2791		1
2792		1
2793		1
2794		2
2795		1
2797		2
2798		1
2799		1
2802		2
2807		1
2808		1
2811		1
2812		1
2813		1
2819		1
2820		2
2821		1
2823		1
2824		1
2825		1
2830		1
2831		1
2833		1
2834		2
2835		2
2836		1
2837		1
2839		2
2840		1
2842		1
2848		1
2849		1
2850		1
2851		1
2852		1
2856		1
2857		1
2858		1
2859		2
2863		1
2864		1
2865		1
2868		1
2870		2
2871		2
2872		1
2877		1
2878		1
2879		2
2880		1
2884		1
2885		1
2886		1
2887		3
2888		1
2893		1
2896		2
2901		1
2902		1
2905		1
2907		1
2912		1
2913		2
2914		1
2917		1
2918		1
2919		1
2922		1
2925		2
2927		1
2928		1
2929		2
2931		1
2934		1
2935		2
2936		1
2937		2
2942		1
2945		2
2946		1
2948		1
2949		2
2952		1
2954		1
2956		1
2957		1
2959		1
2960		1
2961		1
2963		1
2964		1
2965		2
2967		3
2969		1
2971		1
2973		1
2974		1
2977		1
2979		2
2982		1
2991		1
2992		1
2993		2
2996		1
3003		1
3004		1
3006		1
3009		1
3010		1
3011		1
3014		1
3016		1
3017		2
3019		1
3020		2
3023		1
3028		1
3031		1
3032		3
3033		1
3035		1
3037		1
3039		2
3041		1
3044		1
3047		1
3050		2
3053		1
3062		1
3066		1
3067		1
3068		1
3082		1
3083		1
3086		1
3087		2
3089		1
3090		1
3096		1
3099		1
3102		1
3103		1
3104		1
3119		1
3120		1
3121		1
3123		1
3127		3
3128		1
3130		1
3131		1
3134		1
3135		1
3138		1
3141		3
3143		1
3146		1
3148		1
3149		1
3151		1
3163		1
3164		1
3166		1
3170		3
3188		1
3193		1
3195		1
3196		1
3199		2
3205		2
3206		1
3208		1
3220		1
3221		1
3226		1
3228		1
3235		1
3245		1
3252		2
3259		1
3262		1
3263		1
3280		1
3287		1
3290		1
3291		1
3293		1
3295		1
3296		1
3304		2
3306		1
3310		1
3315		1
3316		2
3318		1
3319		1
3321		1
3329		1
3334		1
3335		1
3342		1
3345		1
3350		2
3378		1
3386		1
3387		1
3393		1
3396		2
3403		1
3405		2
3409		1
3417		1
3427		1
3432		1
3440		1
3449		1
3468		1
3470		1
3472		1
3479		1
3486		1
3499		1
3501		1
3508		1
3511		1
3512		1
3515		1
3516		1
3518		1
3519		1
3536		1
3537		2
3558		1
3563		1
3570		1
3574		1
3616		1
3624		1
3642		1
3645		1
3646		1
3647		1
3649		1
3655		1
3678		1
3695		1
3705		1
3744		1
3798		1
3809		1
3819		1
3860		1
3903		1
3911		1
3921		1
3962		1
3983		1
4011		1
4086		1
4117		1
4119		1
4148		1
4214		1
4262		1
4521		1
4572		1
