Tamaños		Cantidades
1		11092955
2		2611903
3		1609369
4		1072799
5		770078
6		579195
7		454397
8		367508
9		305222
10		257794
11		221844
12		192833
13		168892
14		149903
15		134181
16		120938
17		109349
18		99534
19		91616
20		83717
21		77033
22		72213
23		66432
24		62142
25		58624
26		54522
27		50958
28		48311
29		45349
30		43003
31		40597
32		38699
33		36944
34		34903
35		33334
36		32021
37		30563
38		29012
39		27570
40		26225
41		25112
42		24112
43		23648
44		22847
45		22212
46		20772
47		20172
48		19901
49		18871
50		18073
51		17563
52		17127
53		16537
54		16082
55		15497
56		15064
57		14500
58		14130
59		13815
60		13273
61		12869
62		12555
63		12447
64		11994
65		11577
66		11219
67		11048
68		10580
69		10457
70		10155
71		9954
72		10055
73		9434
74		9281
75		9153
76		8811
77		8809
78		8575
79		8242
80		8222
81		7925
82		7726
83		7686
84		7441
85		7315
86		7090
87		7106
88		6750
89		6718
90		6548
91		6481
92		6429
93		6179
94		6089
95		6019
96		5910
97		5814
98		5637
99		5591
100		5570
101		5291
102		5233
103		5090
104		5162
105		5178
106		4877
107		4733
108		4747
109		4665
110		4535
111		4535
112		4413
113		4285
114		4225
115		4266
116		4039
117		4063
118		4038
119		3984
120		3998
121		3783
122		3773
123		3732
124		3701
125		3688
126		3592
127		3419
128		3497
129		3389
130		3362
131		3277
132		3190
133		3295
134		3296
135		3199
136		3154
137		3018
138		2958
139		2951
140		2893
141		2950
142		2802
143		2764
144		2722
145		2631
146		2679
147		2634
148		2600
149		2651
150		2591
151		2586
152		2547
153		2349
154		2417
155		2379
156		2300
157		2342
158		2327
159		2342
160		2260
161		2276
162		2205
163		2135
164		2128
165		2145
166		2103
167		2177
168		2081
169		1940
170		2076
171		1956
172		1940
173		1898
174		1937
175		1901
176		1985
177		1896
178		1803
179		1806
180		1823
181		1736
182		1789
183		1685
184		1694
185		1663
186		1651
187		1672
188		1690
189		1594
190		1568
191		1632
192		1569
193		1479
194		1553
195		1530
196		1505
197		1532
198		1388
199		1423
200		1438
201		1439
202		1411
203		1327
204		1380
205		1361
206		1366
207		1332
208		1314
209		1336
210		1334
211		1257
212		1215
213		1201
214		1294
215		1261
216		1220
217		1180
218		1186
219		1115
220		1228
221		1069
222		1075
223		1091
224		1120
225		1064
226		1174
227		1066
228		1103
229		1100
230		1072
231		1048
232		982
233		1117
234		1017
235		996
236		1035
237		981
238		1003
239		950
240		941
241		966
242		943
243		992
244		949
245		960
246		936
247		885
248		908
249		843
250		901
251		875
252		845
253		857
254		845
255		818
256		872
257		814
258		797
259		808
260		820
261		819
262		727
263		811
264		767
265		784
266		758
267		771
268		737
269		731
270		707
271		730
272		712
273		681
274		739
275		721
276		694
277		736
278		704
279		692
280		705
281		652
282		671
283		666
284		647
285		649
286		680
287		693
288		634
289		608
290		641
291		599
292		630
293		598
294		563
295		551
296		575
297		630
298		583
299		586
300		553
301		582
302		590
303		585
304		607
305		499
306		531
307		598
308		536
309		562
310		518
311		518
312		502
313		506
314		468
315		497
316		531
317		542
318		525
319		510
320		507
321		498
322		503
323		478
324		477
325		463
326		473
327		466
328		436
329		473
330		441
331		452
332		481
333		436
334		451
335		472
336		466
337		472
338		419
339		442
340		404
341		402
342		439
343		416
344		417
345		413
346		411
347		399
348		389
349		379
350		418
351		385
352		377
353		405
354		382
355		394
356		347
357		347
358		358
359		370
360		380
361		354
362		362
363		375
364		367
365		326
366		348
367		348
368		347
369		374
370		387
371		312
372		342
373		340
374		366
375		375
376		339
377		312
378		311
379		287
380		313
381		335
382		346
383		343
384		276
385		307
386		306
387		286
388		318
389		301
390		307
391		273
392		309
393		275
394		283
395		265
396		315
397		265
398		307
399		268
400		274
401		290
402		265
403		279
404		290
405		280
406		276
407		259
408		266
409		271
410		282
411		245
412		245
413		271
414		246
415		253
416		259
417		268
418		237
419		255
420		237
421		260
422		246
423		245
424		240
425		243
426		262
427		231
428		237
429		218
430		241
431		218
432		240
433		224
434		210
435		245
436		243
437		214
438		209
439		220
440		223
441		229
442		237
443		210
444		192
445		204
446		182
447		203
448		216
449		219
450		202
451		187
452		188
453		204
454		188
455		198
456		206
457		206
458		169
459		179
460		210
461		182
462		204
463		192
464		190
465		161
466		190
467		162
468		164
469		177
470		172
471		182
472		173
473		179
474		191
475		153
476		198
477		165
478		158
479		167
480		165
481		177
482		145
483		155
484		183
485		158
486		172
487		160
488		166
489		163
490		159
491		165
492		164
493		165
494		162
495		158
496		165
497		143
498		152
499		147
500		153
501		147
502		147
503		151
504		168
505		127
506		158
507		143
508		157
509		126
510		114
511		144
512		153
513		150
514		151
515		139
516		147
517		136
518		131
519		105
520		127
521		130
522		129
523		131
524		127
525		140
526		122
527		134
528		124
529		132
530		127
531		119
532		109
533		119
534		120
535		127
536		127
537		111
538		112
539		118
540		109
541		131
542		105
543		115
544		131
545		108
546		112
547		111
548		108
549		99
550		110
551		94
552		113
553		127
554		103
555		126
556		108
557		115
558		115
559		98
560		121
561		113
562		119
563		99
564		82
565		92
566		97
567		84
568		108
569		109
570		84
571		92
572		91
573		110
574		122
575		90
576		103
577		89
578		95
579		94
580		98
581		82
582		100
583		102
584		94
585		107
586		77
587		92
588		64
589		90
590		88
591		100
592		88
593		93
594		104
595		78
596		80
597		91
598		83
599		87
600		75
601		70
602		78
603		88
604		73
605		93
606		64
607		76
608		83
609		78
610		72
611		103
612		83
613		78
614		72
615		75
616		88
617		80
618		87
619		77
620		72
621		78
622		81
623		78
624		84
625		77
626		76
627		81
628		90
629		57
630		68
631		81
632		73
633		78
634		58
635		68
636		76
637		65
638		70
639		81
640		67
641		79
642		68
643		59
644		74
645		66
646		47
647		53
648		81
649		58
650		58
651		74
652		62
653		50
654		72
655		73
656		66
657		67
658		73
659		52
660		69
661		54
662		58
663		52
664		47
665		63
666		55
667		61
668		53
669		60
670		63
671		66
672		53
673		58
674		35
675		65
676		62
677		61
678		62
679		49
680		69
681		60
682		64
683		46
684		63
685		60
686		54
687		45
688		53
689		69
690		55
691		45
692		40
693		58
694		47
695		43
696		54
697		49
698		49
699		54
700		51
701		46
702		61
703		47
704		44
705		44
706		43
707		42
708		51
709		59
710		52
711		46
712		44
713		39
714		54
715		41
716		49
717		44
718		39
719		60
720		37
721		49
722		42
723		45
724		40
725		32
726		49
727		41
728		40
729		44
730		31
731		49
732		50
733		34
734		41
735		50
736		36
737		31
738		47
739		48
740		33
741		42
742		35
743		33
744		38
745		29
746		41
747		32
748		36
749		35
750		41
751		37
752		53
753		30
754		36
755		39
756		39
757		36
758		40
759		40
760		29
761		35
762		36
763		37
764		46
765		33
766		33
767		33
768		36
769		40
770		36
771		29
772		45
773		35
774		26
775		31
776		33
777		30
778		42
779		23
780		24
781		40
782		31
783		24
784		29
785		33
786		31
787		23
788		37
789		27
790		29
791		28
792		40
793		34
794		36
795		31
796		33
797		28
798		27
799		24
800		34
801		25
802		32
803		19
804		34
805		33
806		29
807		29
808		25
809		22
810		29
811		31
812		32
813		30
814		19
815		29
816		38
817		24
818		27
819		21
820		20
821		21
822		19
823		35
824		20
825		26
826		22
827		23
828		31
829		26
830		23
831		19
832		31
833		23
834		24
835		28
836		27
837		19
838		22
839		23
840		25
841		26
842		22
843		32
844		16
845		25
846		27
847		17
848		17
849		24
850		19
851		23
852		28
853		22
854		19
855		19
856		28
857		26
858		22
859		23
860		22
861		18
862		18
863		23
864		15
865		20
866		18
867		18
868		17
869		19
870		17
871		15
872		18
873		17
874		23
875		21
876		14
877		13
878		18
879		11
880		27
881		22
882		14
883		23
884		18
885		20
886		25
887		14
888		27
889		13
890		17
891		28
892		22
893		16
894		16
895		24
896		20
897		22
898		20
899		15
900		19
901		22
902		23
903		18
904		20
905		15
906		12
907		15
908		13
909		15
910		20
911		15
912		15
913		18
914		15
915		17
916		14
917		22
918		19
919		12
920		25
921		12
922		20
923		18
924		17
925		17
926		13
927		11
928		16
929		15
930		11
931		15
932		13
933		16
934		18
935		18
936		9
937		13
938		17
939		18
940		9
941		17
942		15
943		21
944		23
945		17
946		14
947		13
948		15
949		14
950		20
951		22
952		14
953		11
954		12
955		10
956		10
957		19
958		7
959		13
960		6
961		12
962		11
963		8
964		12
965		9
966		11
967		18
968		16
969		9
970		19
971		20
972		11
973		11
974		14
975		14
976		14
977		15
978		11
979		8
980		8
981		13
982		5
983		17
984		10
985		11
986		15
987		10
988		14
989		18
990		12
991		21
992		11
993		11
994		10
995		8
996		7
997		9
998		8
999		18
1000		12
1001		14
1002		10
1003		9
1004		10
1005		3
1006		4
1007		15
1008		7
1009		7
1010		9
1011		13
1012		8
1013		8
1014		8
1015		9
1016		7
1017		10
1018		8
1019		16
1020		13
1021		9
1022		11
1023		6
1024		4
1025		11
1026		12
1027		9
1028		9
1029		14
1030		5
1031		8
1032		4
1033		11
1034		12
1035		9
1036		14
1037		9
1038		9
1039		5
1040		15
1041		17
1042		9
1043		11
1044		5
1045		9
1046		5
1047		6
1048		12
1049		10
1050		9
1051		7
1052		9
1053		8
1054		8
1055		9
1056		13
1057		7
1058		8
1059		13
1060		9
1061		3
1062		9
1063		7
1064		8
1065		7
1066		7
1067		7
1068		9
1069		9
1070		9
1071		7
1072		7
1073		6
1074		9
1075		3
1076		8
1077		7
1078		7
1079		7
1080		10
1081		7
1082		4
1083		5
1084		4
1085		9
1086		4
1087		8
1088		11
1089		8
1090		6
1091		11
1092		6
1093		7
1094		12
1095		5
1096		10
1097		5
1098		3
1099		9
1100		8
1101		7
1102		6
1103		11
1104		8
1105		6
1106		4
1107		3
1108		3
1109		7
1110		6
1111		5
1112		11
1113		6
1114		3
1115		7
1116		5
1117		6
1118		7
1119		4
1120		3
1121		6
1122		6
1123		8
1124		11
1125		5
1126		12
1127		8
1128		5
1129		6
1130		8
1131		7
1132		13
1133		5
1134		4
1135		7
1136		7
1137		2
1138		7
1139		5
1140		2
1141		4
1142		5
1143		5
1144		2
1145		5
1146		8
1147		3
1148		1
1149		5
1150		5
1151		6
1152		6
1153		4
1154		5
1155		7
1156		5
1157		6
1158		8
1159		3
1160		5
1161		4
1162		6
1163		7
1164		4
1165		8
1166		4
1167		7
1168		2
1169		9
1170		2
1171		6
1172		5
1173		4
1174		2
1175		5
1176		5
1177		6
1178		7
1179		5
1180		10
1181		4
1182		6
1183		6
1185		4
1186		4
1187		7
1188		4
1189		6
1190		4
1191		4
1192		7
1193		4
1194		3
1195		5
1196		2
1197		1
1198		5
1199		7
1200		5
1201		3
1202		1
1203		6
1204		5
1205		4
1206		4
1207		5
1208		4
1209		6
1210		8
1211		6
1212		3
1213		4
1214		5
1215		8
1216		2
1217		5
1218		3
1219		1
1220		2
1221		4
1222		4
1223		2
1224		3
1225		9
1226		6
1227		5
1228		3
1229		5
1230		5
1231		3
1232		6
1233		5
1234		4
1236		4
1237		9
1238		2
1239		4
1240		5
1241		6
1242		3
1243		4
1244		3
1245		2
1246		2
1247		3
1248		7
1249		3
1250		7
1251		4
1253		5
1254		4
1255		4
1256		6
1257		3
1258		4
1259		2
1260		3
1261		1
1262		5
1263		3
1264		6
1265		4
1266		1
1267		5
1268		5
1269		2
1270		4
1271		4
1272		6
1273		5
1274		4
1275		3
1276		3
1277		1
1278		1
1279		2
1280		4
1281		4
1282		8
1283		2
1284		6
1285		4
1287		3
1288		3
1289		4
1290		2
1291		2
1292		5
1293		2
1294		2
1295		3
1296		2
1297		2
1298		2
1299		2
1300		1
1301		5
1302		1
1303		2
1304		2
1305		3
1306		2
1308		3
1309		3
1310		2
1311		1
1312		3
1313		1
1314		4
1315		4
1316		2
1317		3
1319		1
1320		1
1321		1
1322		2
1323		2
1324		5
1325		1
1326		1
1327		1
1328		6
1329		4
1330		3
1331		2
1332		4
1333		3
1334		2
1335		3
1337		2
1338		2
1339		3
1340		6
1341		2
1342		3
1343		4
1344		1
1346		4
1347		1
1348		3
1349		3
1350		2
1351		2
1353		3
1354		5
1355		2
1356		3
1357		3
1358		2
1359		1
1360		2
1361		2
1362		3
1364		2
1365		3
1366		4
1367		3
1368		4
1369		1
1370		3
1371		1
1372		1
1373		1
1375		1
1376		1
1377		3
1378		2
1379		4
1380		1
1381		4
1382		2
1383		1
1384		2
1385		1
1386		1
1387		2
1389		1
1390		2
1391		2
1392		2
1393		2
1395		2
1396		3
1397		1
1400		2
1401		2
1402		1
1403		1
1405		1
1406		3
1407		1
1408		3
1409		1
1410		2
1411		4
1412		4
1413		1
1414		4
1415		6
1416		1
1417		2
1418		1
1419		2
1420		1
1421		3
1423		5
1426		4
1427		2
1431		1
1432		1
1433		3
1434		2
1435		2
1436		3
1437		2
1439		3
1440		4
1441		1
1442		1
1443		2
1445		2
1446		1
1447		2
1448		2
1449		1
1450		1
1454		1
1456		2
1457		2
1458		2
1459		2
1460		1
1461		1
1464		3
1465		1
1466		2
1467		2
1468		3
1470		2
1472		2
1473		1
1475		2
1476		2
1478		1
1479		2
1480		1
1481		1
1482		2
1483		1
1484		1
1485		1
1486		1
1487		1
1489		1
1490		1
1491		4
1492		1
1493		4
1494		2
1495		1
1496		1
1497		2
1498		1
1499		1
1500		2
1501		2
1502		1
1503		2
1505		1
1507		3
1508		1
1509		2
1511		1
1512		1
1513		1
1515		2
1516		5
1517		2
1519		1
1520		3
1521		1
1528		3
1529		2
1530		1
1531		1
1533		1
1534		2
1535		1
1536		1
1537		1
1539		3
1542		1
1544		1
1545		1
1546		2
1547		2
1548		1
1550		1
1552		2
1553		1
1555		1
1557		1
1559		3
1560		4
1562		1
1564		1
1567		2
1568		2
1571		1
1573		1
1574		1
1575		1
1576		1
1577		2
1579		1
1581		1
1582		2
1585		1
1590		2
1591		1
1592		2
1594		1
1597		1
1600		3
1603		1
1604		1
1605		2
1610		2
1613		1
1614		1
1616		1
1617		3
1619		1
1622		2
1626		2
1627		1
1628		1
1629		1
1630		1
1633		1
1634		1
1636		1
1637		1
1639		1
1640		2
1641		1
1643		1
1646		1
1647		2
1649		2
1651		1
1652		2
1653		2
1657		1
1662		1
1663		1
1664		1
1665		3
1666		1
1668		1
1670		2
1672		1
1675		2
1688		1
1692		1
1696		1
1697		1
1699		1
1701		1
1713		2
1715		1
1716		1
1717		1
1718		1
1719		1
1723		1
1725		1
1727		1
1734		1
1737		1
1738		1
1739		1
1741		1
1743		1
1748		2
1757		2
1763		1
1773		2
1779		1
1783		1
1788		1
1799		1
1804		2
1805		1
1809		1
1822		1
1823		1
1825		1
1829		1
1841		1
1842		1
1846		1
1848		1
1851		1
1856		1
1863		1
1875		1
1885		1
1886		1
1887		1
1889		1
1892		1
1894		1
1902		1
1921		1
1928		1
1938		1
1944		1
1946		1
1972		1
1973		1
1974		1
1977		2
1978		1
1981		1
1986		1
1990		1
2003		1
2016		1
2017		2
2026		1
2033		1
2065		1
2077		1
2089		1
2102		1
2119		1
2128		1
2139		1
2142		1
2149		1
2193		1
2194		1
2203		1
2207		1
2227		1
2253		1
2276		1
2370		1
2387		1
2423		1
2450		1
2477		1
2756		1
