Tamaños		Cantidades
1		14253216
2		3649071
3		2288460
4		1550256
5		1124810
6		852872
7		678774
8		550910
9		460376
10		389314
11		335656
12		291505
13		256698
14		228101
15		204216
16		183625
17		166358
18		150892
19		138028
20		126244
21		117181
22		107710
23		100441
24		92758
25		87076
26		81482
27		76021
28		70811
29		67039
30		63013
31		59834
32		56123
33		53188
34		50656
35		47716
36		45020
37		43212
38		41080
39		39284
40		37423
41		35649
42		34045
43		32258
44		31131
45		30306
46		28640
47		27132
48		26344
49		24996
50		24241
51		23328
52		22393
53		21745
54		20657
55		20294
56		19352
57		18583
58		18054
59		17444
60		16871
61		16089
62		15620
63		15058
64		14735
65		14231
66		13611
67		13161
68		12735
69		12436
70		11955
71		11630
72		11290
73		10918
74		10532
75		10501
76		10086
77		9667
78		9599
79		9093
80		8907
81		8854
82		8518
83		8224
84		8083
85		7795
86		7321
87		7333
88		6988
89		6988
90		6661
91		6550
92		6453
93		6220
94		6046
95		6001
96		5623
97		5588
98		5479
99		5283
100		5190
101		4998
102		4943
103		4869
104		4820
105		4580
106		4346
107		4433
108		4305
109		4169
110		4090
111		3906
112		3871
113		3705
114		3673
115		3583
116		3477
117		3517
118		3347
119		3312
120		3118
121		3193
122		3178
123		3016
124		2982
125		2886
126		2923
127		2790
128		2649
129		2594
130		2585
131		2502
132		2397
133		2414
134		2480
135		2265
136		2193
137		2177
138		2150
139		2052
140		2193
141		1973
142		1903
143		1860
144		1879
145		1904
146		1803
147		1784
148		1745
149		1726
150		1672
151		1645
152		1627
153		1569
154		1527
155		1520
156		1361
157		1438
158		1453
159		1390
160		1375
161		1354
162		1254
163		1301
164		1285
165		1251
166		1233
167		1198
168		1190
169		1099
170		1150
171		1077
172		1051
173		1056
174		1044
175		1049
176		982
177		1004
178		975
179		914
180		947
181		935
182		898
183		888
184		837
185		845
186		803
187		804
188		718
189		763
190		739
191		788
192		649
193		734
194		705
195		742
196		668
197		652
198		640
199		646
200		628
201		608
202		627
203		560
204		566
205		591
206		591
207		547
208		541
209		533
210		506
211		541
212		503
213		483
214		479
215		462
216		477
217		477
218		470
219		434
220		450
221		446
222		411
223		388
224		392
225		433
226		410
227		399
228		376
229		345
230		368
231		376
232		333
233		360
234		331
235		366
236		325
237		342
238		293
239		344
240		324
241		300
242		345
243		303
244		282
245		251
246		285
247		264
248		268
249		266
250		295
251		252
252		254
253		242
254		270
255		241
256		253
257		232
258		220
259		214
260		216
261		224
262		227
263		218
264		211
265		188
266		199
267		217
268		198
269		176
270		177
271		166
272		198
273		195
274		187
275		171
276		152
277		167
278		175
279		157
280		168
281		158
282		152
283		157
284		138
285		147
286		120
287		136
288		141
289		144
290		125
291		120
292		140
293		126
294		134
295		127
296		131
297		116
298		133
299		108
300		136
301		115
302		120
303		97
304		85
305		101
306		88
307		99
308		100
309		109
310		103
311		90
312		85
313		75
314		87
315		102
316		88
317		78
318		73
319		99
320		90
321		84
322		83
323		78
324		93
325		98
326		90
327		75
328		69
329		75
330		71
331		87
332		62
333		54
334		67
335		79
336		61
337		66
338		54
339		69
340		53
341		61
342		67
343		38
344		60
345		48
346		61
347		57
348		47
349		60
350		49
351		43
352		53
353		38
354		49
355		47
356		37
357		47
358		46
359		39
360		31
361		48
362		36
363		63
364		51
365		48
366		31
367		38
368		50
369		37
370		43
371		36
372		35
373		43
374		33
375		36
376		34
377		38
378		33
379		27
380		22
381		34
382		33
383		26
384		27
385		30
386		32
387		28
388		19
389		22
390		29
391		20
392		25
393		25
394		23
395		24
396		32
397		31
398		21
399		21
400		23
401		22
402		18
403		37
404		17
405		21
406		17
407		19
408		18
409		22
410		34
411		26
412		22
413		33
414		16
415		18
416		14
417		16
418		21
419		19
420		22
421		20
422		24
423		17
424		18
425		11
426		11
427		16
428		20
429		9
430		15
431		15
432		13
433		13
434		10
435		14
436		12
437		15
438		13
439		12
440		13
441		9
442		13
443		15
444		15
445		16
446		10
447		11
448		11
449		10
450		11
451		14
452		6
453		14
454		11
455		5
456		9
457		7
458		10
459		13
460		10
461		11
462		14
463		11
464		11
465		13
466		6
467		12
468		7
469		7
470		5
471		5
472		10
473		5
474		8
475		6
476		6
477		3
478		6
479		2
480		6
481		11
482		4
483		8
484		4
485		2
486		6
487		4
488		8
489		8
490		10
491		5
492		6
493		9
494		2
495		5
496		4
497		6
498		5
499		11
500		7
501		7
502		4
503		2
504		3
505		6
506		7
507		3
508		2
509		8
510		6
511		2
512		8
513		4
514		4
515		4
516		4
517		1
518		4
519		7
520		3
521		5
522		8
523		3
524		4
525		4
526		5
527		5
528		2
529		5
530		5
531		1
532		3
533		7
534		5
535		2
536		3
538		2
539		4
540		4
542		2
543		3
545		4
546		5
547		5
548		9
549		5
550		2
552		3
553		4
554		1
555		3
556		4
557		4
558		4
559		3
560		1
561		2
562		2
563		3
564		4
565		4
568		4
569		1
572		2
573		1
574		1
575		1
576		2
578		2
580		1
581		1
582		4
583		1
584		1
587		2
588		2
589		3
590		2
591		3
592		4
593		3
594		1
595		2
596		3
597		1
598		1
599		3
601		4
602		2
603		2
606		1
607		1
609		2
610		1
611		2
612		1
614		1
615		3
619		2
621		2
624		2
625		1
626		1
628		3
629		1
630		1
631		1
632		2
634		2
637		2
638		1
639		2
641		2
642		1
643		1
644		1
647		1
648		1
649		1
651		1
653		1
655		3
658		2
659		1
660		1
661		1
662		1
666		1
667		1
670		1
674		1
675		1
677		1
687		1
688		2
691		1
695		1
696		1
703		3
705		1
710		1
713		1
714		1
715		1
718		1
734		1
735		1
737		1
743		1
749		1
756		1
767		1
770		1
773		1
775		1
776		1
799		1
800		1
825		1
833		1
841		1
856		1
862		1
890		1
910		1
984		1
1000		1
