Tamaños		Cantidades
1		21500440
2		6145273
3		3864086
4		2602261
5		1871865
6		1403096
7		1094453
8		873250
9		709425
10		587999
11		494911
12		417859
13		359902
14		309020
15		268317
16		234862
17		205807
18		181855
19		160572
20		142700
21		127341
22		114408
23		101686
24		91779
25		82529
26		74453
27		67119
28		61184
29		55093
30		49949
31		45871
32		41578
33		38072
34		34591
35		31688
36		29616
37		26635
38		24619
39		22379
40		20819
41		19074
42		17559
43		16065
44		14796
45		13853
46		12606
47		11435
48		10868
49		9976
50		9354
51		8622
52		7832
53		7458
54		6785
55		6435
56		5978
57		5496
58		5045
59		4685
60		4392
61		4053
62		3785
63		3489
64		3175
65		3015
66		2803
67		2589
68		2504
69		2174
70		2098
71		1945
72		1861
73		1721
74		1595
75		1595
76		1383
77		1272
78		1156
79		1174
80		1033
81		995
82		920
83		908
84		811
85		724
86		688
87		662
88		644
89		608
90		529
91		508
92		453
93		460
94		404
95		417
96		393
97		346
98		315
99		296
100		258
101		284
102		257
103		239
104		247
105		191
106		185
107		174
108		201
109		164
110		159
111		122
112		122
113		119
114		112
115		107
116		81
117		90
118		97
119		84
120		91
121		69
122		66
123		60
124		53
125		59
126		49
127		42
128		31
129		34
130		36
131		40
132		35
133		35
134		31
135		30
136		23
137		28
138		31
139		26
140		30
141		14
142		18
143		20
144		16
145		17
146		18
147		18
148		17
149		14
150		7
151		14
152		15
153		10
154		18
155		10
156		12
157		11
158		10
159		4
160		5
161		9
162		6
163		5
164		7
165		5
166		4
167		6
168		6
169		9
170		3
171		3
172		4
173		2
174		2
175		4
176		3
177		1
180		1
181		1
182		1
183		1
184		2
185		3
187		3
188		2
189		1
190		1
193		1
194		1
196		1
198		2
199		2
200		2
201		1
204		1
206		1
208		1
210		1
212		1
213		2
218		1
230		1
