Tamaños		Cantidades
1		7771209
2		1616036
3		959807
4		614539
5		429223
6		311889
7		241231
8		191496
9		155567
10		128497
11		108818
12		93468
13		81015
14		71456
15		62822
16		55710
17		50213
18		45018
19		40861
20		37206
21		33900
22		31360
23		29068
24		27018
25		24899
26		23274
27		21750
28		20393
29		18922
30		17889
31		16881
32		15879
33		15164
34		14434
35		13502
36		12704
37		12176
38		11601
39		10942
40		10657
41		10187
42		9793
43		9348
44		8719
45		8484
46		8048
47		7916
48		7719
49		7446
50		7139
51		6928
52		6441
53		6329
54		6247
55		5931
56		5855
57		5695
58		5305
59		5212
60		4986
61		4950
62		4819
63		4638
64		4629
65		4388
66		4222
67		4244
68		4000
69		3987
70		3775
71		3721
72		3648
73		3639
74		3517
75		3373
76		3411
77		3325
78		3138
79		3175
80		3020
81		2978
82		2873
83		2800
84		2799
85		2729
86		2671
87		2528
88		2488
89		2491
90		2412
91		2365
92		2308
93		2294
94		2228
95		2182
96		2216
97		2145
98		2033
99		2031
100		2069
101		2006
102		2029
103		1982
104		1945
105		1856
106		1845
107		1822
108		1769
109		1742
110		1734
111		1767
112		1639
113		1618
114		1564
115		1594
116		1605
117		1538
118		1444
119		1512
120		1501
121		1440
122		1445
123		1410
124		1332
125		1297
126		1398
127		1277
128		1379
129		1258
130		1320
131		1266
132		1245
133		1283
134		1204
135		1194
136		1236
137		1122
138		1141
139		1135
140		1174
141		1059
142		1008
143		1085
144		1026
145		1044
146		1043
147		1055
148		963
149		1039
150		974
151		1006
152		1016
153		932
154		985
155		967
156		887
157		882
158		912
159		935
160		877
161		884
162		881
163		815
164		830
165		817
166		859
167		793
168		776
169		860
170		767
171		802
172		768
173		778
174		716
175		777
176		698
177		728
178		736
179		710
180		759
181		691
182		682
183		719
184		684
185		650
186		647
187		625
188		684
189		670
190		643
191		604
192		628
193		612
194		624
195		615
196		638
197		614
198		647
199		599
200		562
201		586
202		613
203		573
204		573
205		593
206		564
207		558
208		572
209		576
210		516
211		549
212		525
213		532
214		568
215		522
216		519
217		518
218		519
219		512
220		505
221		493
222		470
223		480
224		536
225		485
226		506
227		487
228		480
229		513
230		492
231		468
232		413
233		439
234		431
235		474
236		431
237		413
238		454
239		446
240		436
241		398
242		403
243		457
244		398
245		435
246		417
247		412
248		390
249		398
250		400
251		400
252		431
253		388
254		366
255		364
256		418
257		393
258		393
259		382
260		365
261		360
262		357
263		302
264		306
265		365
266		338
267		363
268		372
269		348
270		339
271		368
272		312
273		359
274		356
275		363
276		310
277		347
278		302
279		344
280		328
281		336
282		329
283		316
284		344
285		306
286		310
287		282
288		317
289		309
290		305
291		374
292		304
293		308
294		307
295		320
296		271
297		312
298		272
299		286
300		319
301		281
302		272
303		327
304		250
305		251
306		299
307		291
308		293
309		278
310		285
311		302
312		277
313		298
314		263
315		248
316		300
317		297
318		273
319		270
320		260
321		259
322		261
323		254
324		279
325		258
326		257
327		244
328		242
329		271
330		253
331		261
332		268
333		237
334		240
335		234
336		258
337		241
338		237
339		245
340		246
341		239
342		271
343		229
344		234
345		226
346		218
347		213
348		232
349		223
350		206
351		230
352		229
353		236
354		208
355		213
356		219
357		219
358		231
359		222
360		206
361		179
362		206
363		202
364		213
365		211
366		215
367		225
368		194
369		230
370		195
371		176
372		194
373		195
374		200
375		191
376		192
377		184
378		196
379		202
380		186
381		229
382		192
383		175
384		186
385		213
386		223
387		188
388		190
389		210
390		183
391		173
392		183
393		191
394		151
395		160
396		177
397		169
398		176
399		180
400		178
401		177
402		179
403		172
404		162
405		180
406		155
407		176
408		181
409		166
410		160
411		166
412		174
413		175
414		176
415		155
416		174
417		170
418		158
419		180
420		185
421		170
422		181
423		175
424		154
425		131
426		156
427		123
428		155
429		155
430		166
431		153
432		152
433		169
434		189
435		160
436		148
437		155
438		138
439		179
440		154
441		160
442		139
443		168
444		129
445		150
446		153
447		138
448		136
449		147
450		141
451		130
452		147
453		152
454		136
455		135
456		126
457		128
458		159
459		148
460		125
461		138
462		145
463		132
464		149
465		138
466		139
467		125
468		166
469		138
470		125
471		152
472		149
473		136
474		123
475		123
476		134
477		134
478		136
479		110
480		102
481		128
482		132
483		139
484		96
485		134
486		118
487		116
488		125
489		116
490		156
491		117
492		133
493		114
494		114
495		122
496		121
497		121
498		112
499		122
500		123
501		133
502		117
503		119
504		129
505		128
506		119
507		125
508		118
509		135
510		117
511		126
512		111
513		109
514		130
515		117
516		122
517		109
518		93
519		129
520		114
521		123
522		100
523		102
524		99
525		127
526		126
527		107
528		122
529		109
530		120
531		104
532		129
533		97
534		120
535		109
536		107
537		109
538		112
539		104
540		108
541		105
542		98
543		111
544		110
545		135
546		97
547		102
548		92
549		108
550		96
551		109
552		108
553		93
554		97
555		92
556		94
557		97
558		91
559		111
560		96
561		112
562		96
563		91
564		94
565		118
566		93
567		106
568		106
569		107
570		89
571		90
572		112
573		86
574		109
575		88
576		85
577		104
578		91
579		90
580		99
581		91
582		92
583		87
584		95
585		77
586		86
587		94
588		95
589		103
590		84
591		74
592		93
593		74
594		108
595		110
596		93
597		102
598		92
599		82
600		82
601		94
602		74
603		84
604		79
605		80
606		72
607		84
608		81
609		91
610		87
611		84
612		86
613		101
614		82
615		77
616		94
617		92
618		71
619		81
620		67
621		77
622		69
623		101
624		81
625		91
626		93
627		66
628		81
629		84
630		77
631		79
632		70
633		83
634		58
635		94
636		71
637		82
638		76
639		91
640		90
641		72
642		69
643		68
644		90
645		76
646		97
647		91
648		63
649		79
650		82
651		74
652		69
653		85
654		90
655		62
656		76
657		88
658		86
659		68
660		86
661		71
662		76
663		64
664		83
665		71
666		68
667		77
668		73
669		76
670		73
671		76
672		80
673		70
674		80
675		91
676		87
677		89
678		72
679		78
680		75
681		84
682		76
683		93
684		78
685		88
686		68
687		62
688		71
689		86
690		69
691		84
692		45
693		79
694		63
695		79
696		60
697		73
698		66
699		73
700		75
701		89
702		50
703		74
704		68
705		64
706		50
707		74
708		77
709		88
710		65
711		58
712		60
713		57
714		63
715		53
716		64
717		58
718		65
719		77
720		70
721		69
722		69
723		63
724		66
725		62
726		70
727		68
728		68
729		73
730		80
731		67
732		67
733		73
734		66
735		62
736		54
737		68
738		87
739		57
740		78
741		72
742		57
743		49
744		68
745		71
746		60
747		72
748		62
749		54
750		65
751		66
752		64
753		85
754		62
755		72
756		56
757		53
758		60
759		47
760		66
761		62
762		74
763		59
764		63
765		47
766		65
767		54
768		60
769		57
770		50
771		73
772		60
773		57
774		62
775		57
776		59
777		58
778		59
779		65
780		54
781		60
782		63
783		60
784		61
785		63
786		42
787		69
788		50
789		62
790		60
791		57
792		48
793		58
794		60
795		42
796		55
797		51
798		67
799		49
800		58
801		56
802		58
803		52
804		52
805		58
806		57
807		52
808		61
809		60
810		55
811		60
812		69
813		53
814		56
815		62
816		55
817		50
818		48
819		53
820		44
821		64
822		49
823		51
824		65
825		50
826		47
827		59
828		63
829		57
830		40
831		50
832		65
833		43
834		48
835		47
836		54
837		43
838		51
839		54
840		66
841		55
842		64
843		43
844		47
845		41
846		54
847		46
848		53
849		61
850		48
851		52
852		45
853		49
854		52
855		40
856		51
857		58
858		56
859		55
860		43
861		54
862		49
863		43
864		55
865		52
866		44
867		55
868		57
869		40
870		52
871		45
872		47
873		55
874		64
875		59
876		49
877		47
878		40
879		41
880		52
881		54
882		43
883		48
884		53
885		48
886		49
887		49
888		46
889		52
890		43
891		39
892		45
893		48
894		51
895		54
896		59
897		52
898		50
899		48
900		53
901		35
902		40
903		47
904		53
905		58
906		33
907		42
908		39
909		44
910		44
911		49
912		45
913		49
914		58
915		44
916		40
917		46
918		36
919		35
920		40
921		50
922		53
923		43
924		39
925		58
926		60
927		39
928		36
929		43
930		42
931		36
932		45
933		42
934		47
935		49
936		45
937		45
938		36
939		30
940		46
941		36
942		43
943		31
944		38
945		45
946		45
947		41
948		41
949		46
950		37
951		37
952		46
953		43
954		42
955		42
956		38
957		45
958		46
959		34
960		38
961		32
962		35
963		43
964		39
965		48
966		32
967		36
968		54
969		43
970		41
971		37
972		63
973		33
974		46
975		41
976		35
977		34
978		38
979		40
980		41
981		50
982		40
983		40
984		49
985		37
986		32
987		28
988		42
989		29
990		38
991		38
992		42
993		38
994		47
995		37
996		34
997		42
998		45
999		43
1000		41
1001		40
1002		33
1003		35
1004		39
1005		48
1006		37
1007		37
1008		32
1009		45
1010		40
1011		37
1012		36
1013		27
1014		36
1015		41
1016		37
1017		38
1018		51
1019		30
1020		43
1021		29
1022		25
1023		50
1024		42
1025		33
1026		46
1027		50
1028		39
1029		39
1030		31
1031		32
1032		38
1033		36
1034		46
1035		25
1036		44
1037		42
1038		35
1039		39
1040		42
1041		35
1042		31
1043		39
1044		32
1045		34
1046		47
1047		34
1048		42
1049		36
1050		40
1051		34
1052		29
1053		44
1054		27
1055		39
1056		26
1057		21
1058		38
1059		26
1060		41
1061		28
1062		39
1063		30
1064		45
1065		43
1066		34
1067		32
1068		30
1069		36
1070		34
1071		30
1072		43
1073		36
1074		35
1075		29
1076		26
1077		38
1078		32
1079		33
1080		35
1081		25
1082		38
1083		33
1084		23
1085		32
1086		33
1087		31
1088		37
1089		33
1090		37
1091		25
1092		35
1093		31
1094		27
1095		30
1096		43
1097		18
1098		40
1099		28
1100		30
1101		33
1102		35
1103		32
1104		26
1105		36
1106		29
1107		32
1108		26
1109		38
1110		29
1111		31
1112		33
1113		35
1114		33
1115		38
1116		32
1117		36
1118		27
1119		32
1120		31
1121		37
1122		31
1123		35
1124		36
1125		32
1126		42
1127		38
1128		33
1129		39
1130		27
1131		28
1132		29
1133		39
1134		37
1135		32
1136		41
1137		28
1138		34
1139		39
1140		32
1141		32
1142		30
1143		32
1144		27
1145		36
1146		39
1147		40
1148		43
1149		28
1150		37
1151		29
1152		25
1153		33
1154		29
1155		41
1156		29
1157		21
1158		31
1159		32
1160		23
1161		32
1162		23
1163		34
1164		40
1165		33
1166		23
1167		27
1168		31
1169		29
1170		32
1171		29
1172		29
1173		31
1174		30
1175		25
1176		41
1177		33
1178		26
1179		30
1180		31
1181		28
1182		30
1183		34
1184		23
1185		24
1186		29
1187		28
1188		27
1189		25
1190		26
1191		28
1192		32
1193		24
1194		31
1195		35
1196		29
1197		28
1198		28
1199		22
1200		27
1201		30
1202		30
1203		20
1204		26
1205		23
1206		23
1207		37
1208		21
1209		20
1210		28
1211		21
1212		30
1213		30
1214		16
1215		30
1216		29
1217		25
1218		28
1219		37
1220		31
1221		22
1222		26
1223		35
1224		31
1225		16
1226		35
1227		20
1228		20
1229		35
1230		25
1231		38
1232		26
1233		25
1234		26
1235		31
1236		25
1237		26
1238		25
1239		29
1240		30
1241		36
1242		19
1243		28
1244		21
1245		41
1246		23
1247		24
1248		28
1249		20
1250		29
1251		24
1252		30
1253		27
1254		20
1255		20
1256		23
1257		23
1258		27
1259		18
1260		21
1261		22
1262		26
1263		28
1264		21
1265		29
1266		20
1267		34
1268		32
1269		19
1270		22
1271		21
1272		21
1273		27
1274		22
1275		35
1276		32
1277		31
1278		29
1279		20
1280		23
1281		15
1282		19
1283		30
1284		20
1285		27
1286		33
1287		18
1288		25
1289		27
1290		23
1291		31
1292		19
1293		28
1294		29
1295		30
1296		42
1297		28
1298		25
1299		24
1300		13
1301		33
1302		23
1303		30
1304		22
1305		24
1306		26
1307		15
1308		24
1309		19
1310		17
1311		24
1312		22
1313		23
1314		25
1315		28
1316		29
1317		18
1318		39
1319		24
1320		25
1321		23
1322		27
1323		20
1324		26
1325		20
1326		34
1327		19
1328		24
1329		27
1330		25
1331		24
1332		24
1333		21
1334		28
1335		22
1336		31
1337		20
1338		22
1339		20
1340		23
1341		31
1342		23
1343		24
1344		19
1345		33
1346		18
1347		25
1348		23
1349		31
1350		27
1351		23
1352		22
1353		23
1354		26
1355		17
1356		25
1357		25
1358		29
1359		14
1360		17
1361		22
1362		17
1363		27
1364		21
1365		22
1366		21
1367		22
1368		25
1369		28
1370		25
1371		25
1372		22
1373		23
1374		16
1375		23
1376		23
1377		25
1378		31
1379		19
1380		26
1381		26
1382		20
1383		19
1384		20
1385		33
1386		22
1387		18
1388		16
1389		26
1390		20
1391		24
1392		28
1393		23
1394		25
1395		22
1396		22
1397		19
1398		23
1399		28
1400		21
1401		25
1402		20
1403		23
1404		29
1405		37
1406		23
1407		19
1408		21
1409		22
1410		24
1411		24
1412		17
1413		30
1414		26
1415		29
1416		22
1417		19
1418		16
1419		10
1420		22
1421		32
1422		19
1423		13
1424		22
1425		19
1426		22
1427		13
1428		22
1429		26
1430		21
1431		22
1432		31
1433		24
1434		23
1435		19
1436		20
1437		14
1438		24
1439		29
1440		10
1441		24
1442		19
1443		12
1444		26
1445		31
1446		19
1447		13
1448		25
1449		24
1450		25
1451		18
1452		16
1453		22
1454		18
1455		19
1456		24
1457		27
1458		17
1459		22
1460		18
1461		24
1462		22
1463		25
1464		17
1465		15
1466		27
1467		18
1468		24
1469		21
1470		22
1471		26
1472		13
1473		18
1474		21
1475		24
1476		27
1477		20
1478		8
1479		14
1480		23
1481		21
1482		28
1483		18
1484		20
1485		23
1486		18
1487		20
1488		24
1489		25
1490		30
1491		16
1492		27
1493		19
1494		22
1495		21
1496		18
1497		26
1498		14
1499		18
1500		19
1501		18
1502		28
1503		21
1504		24
1505		16
1506		19
1507		14
1508		21
1509		25
1510		12
1511		16
1512		20
1513		24
1514		23
1515		26
1516		22
1517		17
1518		21
1519		20
1520		20
1521		19
1522		23
1523		18
1524		24
1525		21
1526		13
1527		17
1528		29
1529		23
1530		14
1531		28
1532		14
1533		18
1534		19
1535		24
1536		16
1537		12
1538		18
1539		15
1540		17
1541		15
1542		13
1543		21
1544		15
1545		21
1546		17
1547		21
1548		19
1549		17
1550		19
1551		12
1552		21
1553		21
1554		26
1555		16
1556		14
1557		22
1558		27
1559		23
1560		17
1561		21
1562		14
1563		22
1564		14
1565		12
1566		19
1567		14
1568		21
1569		20
1570		17
1571		18
1572		20
1573		17
1574		15
1575		22
1576		17
1577		23
1578		16
1579		16
1580		12
1581		16
1582		16
1583		15
1584		20
1585		16
1586		26
1587		14
1588		13
1589		14
1590		22
1591		22
1592		12
1593		18
1594		18
1595		9
1596		6
1597		16
1598		13
1599		14
1600		15
1601		16
1602		11
1603		20
1604		21
1605		16
1606		21
1607		12
1608		15
1609		14
1610		20
1611		18
1612		18
1613		12
1614		16
1615		23
1616		23
1617		17
1618		14
1619		17
1620		16
1621		17
1622		18
1623		15
1624		12
1625		10
1626		18
1627		13
1628		16
1629		22
1630		28
1631		15
1632		24
1633		12
1634		20
1635		17
1636		25
1637		23
1638		16
1639		9
1640		21
1641		18
1642		16
1643		18
1644		10
1645		15
1646		11
1647		17
1648		12
1649		17
1650		17
1651		20
1652		19
1653		16
1654		14
1655		20
1656		13
1657		19
1658		20
1659		22
1660		12
1661		12
1662		17
1663		23
1664		15
1665		21
1666		14
1667		17
1668		13
1669		18
1670		20
1671		22
1672		12
1673		23
1674		24
1675		17
1676		15
1677		19
1678		16
1679		12
1680		17
1681		20
1682		21
1683		11
1684		17
1685		10
1686		14
1687		19
1688		13
1689		21
1690		19
1691		19
1692		8
1693		18
1694		12
1695		10
1696		17
1697		11
1698		18
1699		24
1700		20
1701		11
1702		18
1703		14
1704		16
1705		15
1706		16
1707		13
1708		23
1709		8
1710		18
1711		23
1712		19
1713		17
1714		16
1715		13
1716		11
1717		14
1718		17
1719		17
1720		14
1721		14
1722		9
1723		15
1724		17
1725		14
1726		10
1727		15
1728		20
1729		15
1730		15
1731		17
1732		21
1733		15
1734		12
1735		12
1736		15
1737		8
1738		13
1739		15
1740		13
1741		18
1742		17
1743		26
1744		13
1745		15
1746		13
1747		17
1748		8
1749		13
1750		16
1751		14
1752		12
1753		16
1754		14
1755		14
1756		14
1757		12
1758		20
1759		12
1760		11
1761		13
1762		15
1763		13
1764		15
1765		11
1766		11
1767		19
1768		15
1769		20
1770		11
1771		11
1772		14
1773		18
1774		19
1775		13
1776		11
1777		16
1778		17
1779		18
1780		19
1781		11
1782		13
1783		22
1784		18
1785		14
1786		18
1787		13
1788		18
1789		14
1790		18
1791		21
1792		13
1793		15
1794		14
1795		15
1796		14
1797		22
1798		16
1799		15
1800		15
1801		22
1802		13
1803		13
1804		11
1805		10
1806		20
1807		9
1808		11
1809		9
1810		16
1811		12
1812		20
1813		9
1814		11
1815		14
1816		18
1817		10
1818		15
1819		12
1820		12
1821		16
1822		18
1823		14
1824		18
1825		16
1826		14
1827		16
1828		8
1829		14
1830		13
1831		17
1832		15
1833		13
1834		15
1835		17
1836		14
1837		12
1838		7
1839		10
1840		14
1841		19
1842		6
1843		15
1844		15
1845		10
1846		12
1847		15
1848		8
1849		17
1850		14
1851		14
1852		20
1853		17
1854		15
1855		18
1856		21
1857		13
1858		16
1859		18
1860		21
1861		17
1862		12
1863		16
1864		15
1865		14
1866		10
1867		11
1868		12
1869		10
1870		18
1871		20
1872		10
1873		23
1874		9
1875		12
1876		15
1877		16
1878		12
1879		16
1880		12
1881		17
1882		12
1883		11
1884		10
1885		16
1886		16
1887		16
1888		7
1889		14
1890		14
1891		17
1892		10
1893		20
1894		18
1895		13
1896		14
1897		7
1898		9
1899		14
1900		16
1901		9
1902		4
1903		16
1904		12
1905		12
1906		16
1907		11
1908		21
1909		16
1910		18
1911		14
1912		15
1913		6
1914		12
1915		10
1916		9
1917		11
1918		13
1919		15
1920		16
1921		10
1922		10
1923		11
1924		12
1925		19
1926		9
1927		9
1928		14
1929		9
1930		12
1931		10
1932		11
1933		16
1934		13
1935		14
1936		14
1937		10
1938		8
1939		15
1940		8
1941		7
1942		15
1943		14
1944		14
1945		16
1946		15
1947		21
1948		11
1949		12
1950		15
1951		5
1952		9
1953		5
1954		15
1955		9
1956		11
1957		14
1958		9
1959		21
1960		14
1961		14
1962		10
1963		19
1964		11
1965		11
1966		19
1967		20
1968		16
1969		9
1970		21
1971		14
1972		15
1973		9
1974		14
1975		10
1976		6
1977		13
1978		12
1979		11
1980		14
1981		16
1982		7
1983		14
1984		17
1985		13
1986		6
1987		12
1988		16
1989		14
1990		13
1991		18
1992		10
1993		5
1994		15
1995		5
1996		12
1997		14
1998		7
1999		10
2000		12
2001		12
2002		13
2003		11
2004		17
2005		10
2006		15
2007		11
2008		13
2009		12
2010		15
2011		14
2012		12
2013		13
2014		12
2015		6
2016		9
2017		13
2018		7
2019		12
2020		14
2021		10
2022		16
2023		8
2024		8
2025		8
2026		4
2027		6
2028		14
2029		13
2030		8
2031		11
2032		11
2033		13
2034		18
2035		9
2036		7
2037		11
2038		9
2039		13
2040		15
2041		17
2042		7
2043		12
2044		11
2045		16
2046		11
2047		12
2048		9
2049		19
2050		11
2051		9
2052		9
2053		15
2054		11
2055		10
2056		9
2057		9
2058		12
2059		18
2060		8
2061		12
2062		8
2063		10
2064		12
2065		15
2066		11
2067		10
2068		9
2069		11
2070		11
2071		8
2072		8
2073		9
2074		14
2075		13
2076		15
2077		13
2078		11
2079		23
2080		10
2081		14
2082		11
2083		6
2084		13
2085		10
2086		11
2087		13
2088		7
2089		11
2090		9
2091		16
2092		12
2093		18
2094		13
2095		11
2096		9
2097		14
2098		7
2099		11
2100		13
2101		8
2102		13
2103		7
2104		7
2105		6
2106		14
2107		10
2108		11
2109		12
2110		12
2111		12
2112		15
2113		15
2114		13
2115		11
2116		9
2117		7
2118		10
2119		11
2120		9
2121		6
2122		10
2123		13
2124		2
2125		14
2126		10
2127		14
2128		11
2129		13
2130		14
2131		16
2132		15
2133		9
2134		18
2135		8
2136		10
2137		9
2138		12
2139		7
2140		17
2141		10
2142		14
2143		14
2144		9
2145		12
2146		17
2147		10
2148		9
2149		11
2150		7
2151		16
2152		9
2153		10
2154		5
2155		8
2156		7
2157		4
2158		8
2159		13
2160		17
2161		11
2162		9
2163		7
2164		6
2165		6
2166		9
2167		9
2168		5
2169		9
2170		15
2171		7
2172		17
2173		11
2174		13
2175		11
2176		12
2177		4
2178		12
2179		14
2180		15
2181		11
2182		15
2183		8
2184		7
2185		9
2186		9
2187		9
2188		5
2189		15
2190		11
2191		7
2192		15
2193		15
2194		14
2195		8
2196		13
2197		10
2198		10
2199		10
2200		12
2201		7
2202		18
2203		12
2204		10
2205		12
2206		5
2207		15
2208		2
2209		7
2210		16
2211		8
2212		10
2213		11
2214		12
2215		9
2216		10
2217		13
2218		8
2219		12
2220		14
2221		7
2222		11
2223		9
2224		7
2225		9
2226		9
2227		5
2228		10
2229		10
2230		9
2231		6
2232		11
2233		6
2234		7
2235		15
2236		11
2237		10
2238		9
2239		9
2240		14
2241		7
2242		10
2243		16
2244		6
2245		7
2246		7
2247		16
2248		10
2249		8
2250		11
2251		11
2252		17
2253		14
2254		9
2255		6
2256		6
2257		7
2258		14
2259		12
2260		8
2261		5
2262		12
2263		10
2264		8
2265		14
2266		8
2267		11
2268		14
2269		6
2270		10
2271		8
2272		14
2273		7
2274		5
2275		7
2276		9
2277		14
2278		7
2279		10
2280		10
2281		12
2282		8
2283		8
2284		9
2285		14
2286		9
2287		10
2288		11
2289		12
2290		12
2291		7
2292		11
2293		13
2294		11
2295		10
2296		2
2297		11
2298		7
2299		10
2300		11
2301		12
2302		10
2303		8
2304		9
2305		9
2306		6
2307		10
2308		15
2309		9
2310		7
2311		8
2312		13
2313		17
2314		8
2315		8
2316		7
2317		11
2318		13
2319		10
2320		10
2321		12
2322		4
2323		5
2324		10
2325		13
2326		5
2327		13
2328		13
2329		6
2330		7
2331		9
2332		13
2333		9
2334		5
2335		13
2336		6
2337		10
2338		13
2339		7
2340		12
2341		15
2342		8
2343		10
2344		9
2345		9
2346		8
2347		16
2348		6
2349		8
2350		8
2351		6
2352		11
2353		15
2354		9
2355		10
2356		8
2357		17
2358		9
2359		7
2360		11
2361		11
2362		9
2363		7
2364		9
2365		10
2366		8
2367		8
2368		12
2369		15
2370		14
2371		7
2372		8
2373		13
2374		4
2375		12
2376		12
2377		10
2378		9
2379		9
2380		10
2381		11
2382		9
2383		9
2384		5
2385		7
2386		8
2387		5
2388		4
2389		11
2390		7
2391		13
2392		11
2393		9
2394		3
2395		10
2396		11
2397		13
2398		8
2399		11
2400		8
2401		13
2402		5
2403		7
2404		10
2405		10
2406		8
2407		5
2408		13
2409		16
2410		11
2411		7
2412		5
2413		10
2414		5
2415		13
2416		13
2417		12
2418		7
2419		10
2420		9
2421		17
2422		9
2423		14
2424		9
2425		7
2426		7
2427		8
2428		13
2429		12
2430		8
2431		6
2432		8
2433		7
2434		9
2435		6
2436		9
2437		12
2438		13
2439		7
2440		11
2441		5
2442		8
2443		4
2444		12
2445		12
2446		9
2447		12
2448		5
2449		7
2450		15
2451		11
2452		4
2453		7
2454		9
2455		13
2456		12
2457		8
2458		10
2459		9
2460		4
2461		6
2462		8
2463		8
2464		11
2465		8
2466		10
2467		6
2468		14
2469		6
2470		8
2471		10
2472		13
2473		12
2474		11
2475		7
2476		6
2477		11
2478		3
2479		5
2480		14
2481		8
2482		8
2483		11
2484		9
2485		5
2486		13
2487		14
2488		4
2489		9
2490		11
2491		8
2492		8
2493		3
2494		7
2495		9
2496		12
2497		8
2498		10
2499		6
2500		13
2501		7
2502		4
2503		5
2504		8
2505		12
2506		15
2507		7
2508		9
2509		11
2510		9
2511		9
2512		12
2513		3
2514		8
2515		6
2516		8
2517		8
2518		9
2519		12
2520		8
2521		8
2522		11
2523		12
2524		5
2525		9
2526		8
2527		4
2528		10
2529		10
2530		5
2531		6
2532		10
2533		7
2534		8
2535		7
2536		5
2537		7
2538		7
2539		14
2540		9
2541		5
2542		8
2543		8
2544		11
2545		11
2546		7
2547		17
2548		7
2549		7
2550		9
2551		6
2552		4
2553		5
2554		7
2555		3
2556		8
2557		13
2558		14
2559		12
2560		14
2561		8
2562		8
2563		10
2564		6
2565		9
2566		7
2567		9
2568		12
2569		15
2570		8
2571		6
2572		7
2573		6
2574		7
2575		8
2576		2
2577		5
2578		4
2579		4
2580		4
2581		8
2582		7
2583		11
2584		13
2585		9
2586		12
2587		6
2588		14
2589		7
2590		11
2591		7
2592		7
2593		12
2594		8
2595		11
2596		7
2597		9
2598		9
2599		6
2600		6
2601		7
2602		13
2603		7
2604		8
2605		10
2606		8
2607		7
2608		5
2609		10
2610		5
2611		6
2612		13
2613		10
2614		9
2615		4
2616		8
2617		7
2618		4
2619		9
2620		5
2621		7
2622		4
2623		12
2624		11
2625		5
2626		5
2627		10
2628		3
2629		5
2630		7
2631		8
2632		5
2633		8
2634		4
2635		7
2636		8
2637		16
2638		10
2639		8
2640		4
2641		8
2642		10
2643		17
2644		8
2645		9
2646		6
2647		3
2648		12
2649		5
2650		7
2651		8
2652		7
2653		10
2654		6
2655		3
2656		5
2657		6
2658		3
2659		8
2660		11
2661		10
2662		5
2663		11
2664		9
2665		6
2666		8
2667		9
2668		12
2669		8
2670		7
2671		9
2672		12
2673		9
2674		7
2675		7
2676		11
2677		9
2678		7
2679		5
2680		7
2681		5
2682		6
2683		9
2684		7
2685		11
2686		5
2687		5
2688		4
2689		11
2690		11
2691		11
2692		7
2693		2
2694		10
2695		11
2696		11
2697		4
2698		12
2699		8
2700		9
2701		4
2702		8
2703		11
2704		6
2705		8
2706		8
2707		12
2708		9
2709		4
2710		5
2711		9
2712		8
2713		7
2714		11
2715		4
2716		4
2717		2
2718		6
2719		4
2720		6
2721		5
2722		13
2723		6
2724		6
2725		5
2726		7
2727		2
2728		8
2729		5
2730		3
2731		6
2732		3
2733		2
2734		8
2735		9
2736		7
2737		4
2738		6
2739		5
2740		4
2741		8
2742		6
2743		5
2744		8
2745		10
2746		6
2747		9
2748		4
2749		5
2750		8
2751		6
2752		8
2753		7
2754		7
2755		11
2756		10
2757		5
2758		6
2759		4
2760		3
2761		3
2762		7
2763		10
2764		6
2765		5
2766		4
2767		6
2768		5
2769		13
2770		7
2771		6
2772		9
2773		6
2774		13
2775		4
2776		8
2777		6
2778		8
2779		7
2780		1
2781		6
2782		9
2783		6
2784		4
2785		6
2786		8
2787		7
2788		13
2789		4
2790		7
2791		14
2792		8
2793		11
2794		2
2795		4
2796		5
2797		7
2798		9
2799		6
2800		7
2801		11
2802		3
2803		9
2804		6
2805		5
2806		10
2807		6
2808		6
2809		3
2810		3
2811		7
2812		8
2813		9
2814		5
2815		8
2816		4
2817		11
2818		5
2819		7
2820		3
2821		2
2822		6
2823		6
2824		9
2825		6
2826		15
2827		7
2828		5
2829		10
2830		7
2831		2
2832		2
2833		4
2834		8
2835		5
2836		9
2837		4
2838		4
2839		5
2840		9
2841		5
2842		8
2843		5
2844		4
2845		3
2846		8
2847		9
2848		8
2849		8
2850		8
2851		7
2852		4
2853		7
2854		9
2855		3
2856		8
2857		11
2858		6
2859		6
2860		5
2861		8
2862		5
2863		6
2864		7
2865		7
2866		10
2867		10
2868		7
2869		1
2870		11
2871		2
2872		7
2873		6
2874		5
2875		11
2876		10
2877		7
2878		4
2879		6
2880		5
2881		9
2882		5
2883		5
2884		12
2885		5
2886		5
2887		5
2888		12
2889		5
2890		8
2891		9
2892		9
2893		7
2894		7
2895		11
2896		7
2897		7
2898		9
2899		6
2900		3
2901		6
2902		3
2903		6
2904		10
2905		12
2906		9
2907		7
2908		6
2909		4
2910		4
2911		5
2912		5
2913		6
2914		14
2915		6
2916		5
2917		3
2918		8
2919		3
2920		7
2921		6
2922		5
2923		6
2924		8
2925		2
2926		7
2927		4
2928		7
2929		4
2930		9
2931		8
2932		1
2933		10
2934		7
2935		5
2936		7
2937		6
2938		4
2939		6
2940		6
2941		7
2942		3
2943		11
2944		6
2945		7
2946		6
2947		4
2948		4
2949		7
2950		6
2951		6
2952		7
2953		5
2954		4
2955		6
2956		9
2957		4
2958		8
2959		9
2960		8
2961		9
2962		12
2963		6
2964		9
2965		4
2966		6
2967		8
2969		3
2970		6
2971		6
2972		3
2973		5
2974		9
2975		7
2976		9
2977		5
2978		6
2979		5
2980		3
2981		4
2982		5
2983		5
2984		3
2985		7
2986		10
2987		5
2988		8
2989		6
2990		5
2991		5
2992		11
2993		7
2994		5
2995		3
2996		10
2997		9
2998		6
2999		9
3000		5
3001		11
3002		5
3003		10
3004		5
3005		13
3006		8
3007		3
3008		8
3009		5
3010		6
3011		6
3012		6
3013		3
3014		7
3015		7
3016		6
3017		8
3018		2
3019		4
3020		12
3021		5
3022		8
3023		6
3024		11
3025		11
3026		9
3027		8
3028		6
3029		3
3030		7
3031		7
3032		6
3033		7
3034		6
3035		5
3036		3
3037		3
3038		11
3039		3
3040		4
3041		6
3042		6
3043		6
3044		3
3045		6
3046		6
3047		4
3048		4
3049		9
3050		5
3051		4
3052		3
3053		7
3054		9
3055		3
3056		6
3057		2
3058		7
3059		5
3060		5
3061		6
3062		6
3063		7
3064		6
3065		7
3066		3
3067		5
3068		6
3069		7
3070		4
3071		9
3072		6
3073		5
3074		3
3075		3
3076		5
3077		2
3078		4
3079		4
3080		5
3081		2
3082		5
3083		12
3084		9
3085		3
3086		11
3087		4
3088		3
3089		9
3090		7
3091		1
3092		11
3093		12
3094		1
3095		5
3096		5
3097		8
3098		3
3099		4
3100		6
3101		4
3102		6
3103		2
3104		4
3105		10
3106		4
3107		4
3108		9
3109		4
3110		5
3111		6
3112		9
3113		3
3114		8
3115		6
3116		6
3117		6
3118		4
3119		8
3120		6
3121		7
3122		5
3123		6
3124		7
3125		16
3126		8
3127		6
3128		4
3129		3
3130		7
3131		9
3132		2
3133		6
3134		7
3135		6
3136		6
3137		9
3138		3
3139		7
3140		9
3141		11
3142		6
3143		6
3144		3
3145		4
3146		6
3147		6
3148		7
3149		3
3150		6
3151		4
3153		4
3154		8
3155		5
3156		4
3157		5
3158		7
3159		7
3160		12
3161		8
3162		6
3163		6
3164		6
3165		6
3166		9
3167		8
3168		7
3169		3
3170		6
3171		7
3172		6
3173		4
3174		4
3175		7
3176		9
3177		7
3178		7
3179		12
3180		3
3181		5
3182		4
3183		8
3184		3
3185		4
3186		5
3187		2
3188		3
3189		3
3190		1
3191		1
3192		6
3193		7
3194		5
3195		3
3196		4
3197		6
3198		3
3199		4
3200		3
3201		4
3202		8
3203		8
3204		2
3205		5
3206		8
3207		4
3208		7
3209		3
3210		7
3211		7
3212		8
3213		7
3214		3
3215		3
3216		4
3217		6
3218		6
3219		2
3220		10
3221		9
3222		1
3223		2
3224		5
3225		5
3226		7
3227		5
3228		4
3229		5
3230		4
3231		9
3232		5
3233		10
3234		3
3235		3
3236		7
3237		7
3238		6
3239		7
3240		6
3241		2
3242		7
3243		6
3244		9
3245		6
3246		6
3247		2
3248		3
3249		4
3250		3
3251		5
3252		6
3253		5
3254		3
3255		8
3256		8
3257		4
3258		8
3259		5
3260		5
3261		5
3262		5
3263		3
3264		7
3265		4
3266		2
3267		2
3268		4
3269		3
3270		5
3271		7
3272		6
3273		4
3274		1
3275		5
3276		6
3277		4
3278		3
3279		3
3280		8
3281		3
3282		4
3283		1
3284		7
3285		3
3286		4
3287		6
3288		5
3289		5
3290		7
3291		5
3293		4
3294		4
3295		4
3296		5
3297		3
3298		6
3299		9
3300		6
3301		3
3302		9
3303		10
3304		4
3305		9
3306		2
3307		7
3308		4
3309		9
3310		7
3311		6
3312		4
3313		6
3314		5
3315		2
3316		2
3317		3
3318		3
3319		3
3320		3
3321		3
3322		8
3323		3
3324		7
3325		7
3326		6
3327		3
3328		6
3329		6
3330		11
3331		9
3332		5
3333		8
3334		5
3335		4
3336		5
3337		4
3338		9
3339		2
3340		11
3341		7
3342		4
3343		6
3344		3
3345		6
3346		6
3347		7
3348		7
3349		5
3350		5
3351		5
3352		10
3353		8
3354		5
3355		5
3356		2
3357		3
3358		3
3359		7
3360		7
3362		6
3363		7
3364		10
3365		6
3366		5
3367		3
3368		7
3369		3
3370		10
3371		5
3372		3
3373		3
3374		5
3375		6
3376		6
3377		3
3378		8
3379		2
3380		3
3381		11
3382		4
3383		2
3384		3
3385		5
3386		7
3387		1
3388		3
3389		6
3390		5
3391		6
3392		2
3393		1
3394		5
3395		5
3396		6
3397		4
3398		8
3399		5
3400		4
3401		5
3402		4
3403		6
3404		3
3405		3
3406		4
3407		6
3408		6
3409		1
3410		3
3411		6
3412		4
3413		5
3414		4
3415		7
3416		10
3417		1
3418		1
3419		6
3420		5
3421		4
3422		6
3423		7
3424		6
3425		1
3426		9
3427		6
3428		3
3429		3
3430		5
3431		5
3432		4
3433		6
3434		6
3435		3
3436		6
3437		6
3438		4
3439		7
3440		9
3441		2
3442		6
3443		6
3444		5
3445		5
3446		9
3447		4
3448		5
3449		6
3450		6
3451		2
3452		6
3453		6
3454		5
3455		6
3456		5
3457		1
3458		7
3459		4
3460		5
3461		1
3462		1
3463		5
3464		4
3465		2
3466		5
3467		2
3468		5
3469		5
3470		5
3471		2
3472		9
3473		6
3475		6
3476		9
3477		4
3478		6
3479		4
3480		7
3481		5
3482		3
3483		1
3484		2
3485		6
3486		5
3487		5
3488		7
3489		4
3490		3
3491		6
3492		4
3493		8
3494		5
3495		2
3496		6
3497		4
3498		5
3499		7
3500		3
3501		4
3502		8
3503		5
3504		8
3505		4
3506		3
3507		5
3508		5
3509		5
3510		4
3511		6
3512		5
3513		5
3514		5
3515		3
3516		2
3517		8
3518		6
3519		3
3520		8
3521		2
3522		3
3523		5
3524		6
3525		2
3526		10
3527		3
3528		4
3529		2
3530		7
3531		3
3532		5
3533		2
3534		2
3535		8
3536		9
3537		4
3538		4
3539		7
3540		4
3541		8
3542		2
3543		6
3544		3
3545		3
3546		7
3547		6
3548		5
3549		2
3550		5
3551		1
3552		7
3553		4
3554		2
3555		2
3556		1
3557		6
3558		3
3559		5
3560		3
3561		2
3562		2
3563		2
3564		3
3565		6
3566		1
3567		7
3568		4
3569		2
3570		5
3571		6
3572		5
3573		2
3574		2
3575		2
3576		6
3577		1
3578		1
3579		2
3580		6
3581		4
3582		2
3583		4
3584		5
3585		1
3586		3
3587		3
3588		3
3589		7
3590		2
3591		6
3592		5
3593		7
3594		2
3595		4
3596		7
3597		3
3598		2
3599		3
3600		7
3601		3
3602		2
3603		4
3604		8
3605		5
3606		1
3607		7
3608		4
3609		6
3610		3
3611		7
3612		4
3613		4
3614		5
3615		2
3616		3
3617		2
3618		6
3619		4
3620		8
3621		3
3622		2
3623		6
3624		5
3625		4
3626		5
3627		9
3628		11
3629		2
3630		7
3631		2
3632		5
3633		3
3634		2
3635		5
3636		4
3637		3
3638		3
3639		9
3640		5
3641		4
3642		3
3643		4
3644		6
3645		1
3646		5
3647		3
3648		1
3649		8
3650		3
3651		4
3652		7
3653		6
3654		3
3655		1
3656		2
3657		1
3658		4
3659		3
3660		8
3661		2
3662		6
3663		5
3664		4
3665		2
3666		4
3667		5
3668		2
3669		3
3670		6
3671		2
3672		3
3673		5
3674		6
3675		4
3676		1
3677		2
3678		7
3679		8
3680		4
3681		6
3682		3
3683		3
3684		6
3685		4
3686		5
3687		2
3688		6
3689		3
3690		3
3691		3
3692		2
3693		5
3694		4
3695		6
3696		6
3697		6
3698		3
3699		2
3700		4
3701		2
3702		3
3703		4
3704		6
3705		1
3706		5
3707		4
3708		2
3709		4
3710		5
3711		4
3712		1
3713		2
3714		9
3715		4
3716		1
3717		2
3718		4
3719		1
3720		4
3721		2
3722		2
3723		3
3724		3
3725		1
3726		5
3727		7
3728		6
3729		3
3730		5
3731		4
3732		7
3733		5
3734		3
3735		5
3736		5
3737		4
3738		4
3739		6
3740		6
3741		8
3742		5
3743		3
3744		3
3745		3
3746		2
3747		3
3748		5
3749		6
3750		3
3751		5
3752		3
3753		4
3754		5
3755		4
3756		1
3757		3
3758		2
3759		2
3760		7
3761		5
3762		1
3763		3
3764		2
3765		3
3766		5
3767		1
3768		2
3769		4
3770		7
3771		4
3772		2
3773		6
3774		6
3776		4
3778		3
3779		4
3780		1
3781		1
3782		3
3783		3
3785		2
3786		6
3787		3
3788		2
3789		4
3790		6
3791		4
3792		2
3793		3
3794		4
3795		6
3796		5
3797		6
3798		10
3799		5
3800		4
3801		5
3802		3
3803		1
3804		6
3805		3
3806		6
3807		4
3808		7
3809		4
3810		3
3811		3
3812		5
3813		2
3814		3
3815		6
3816		3
3817		4
3818		3
3819		6
3820		3
3821		4
3822		3
3823		3
3824		4
3825		2
3826		6
3827		3
3828		3
3829		4
3830		3
3831		4
3832		6
3833		2
3834		2
3835		2
3836		3
3837		2
3838		2
3839		4
3840		6
3841		3
3842		7
3843		5
3844		4
3845		5
3846		2
3847		3
3848		5
3849		4
3850		3
3851		4
3852		8
3853		4
3854		4
3855		4
3856		9
3857		2
3858		3
3859		6
3860		4
3861		3
3862		3
3863		2
3864		3
3865		2
3866		2
3867		4
3868		3
3869		2
3870		1
3872		2
3874		2
3875		2
3876		2
3877		4
3878		5
3879		2
3880		7
3881		5
3882		4
3883		4
3884		3
3885		1
3886		5
3887		5
3888		2
3889		5
3890		4
3891		3
3892		2
3893		2
3894		1
3895		6
3896		4
3897		7
3898		3
3899		4
3900		4
3901		4
3902		5
3904		5
3905		3
3906		4
3907		3
3908		4
3909		2
3910		4
3911		3
3913		2
3914		4
3915		6
3916		4
3917		2
3918		4
3919		4
3920		9
3921		4
3922		1
3923		1
3924		3
3925		2
3926		4
3927		2
3928		2
3929		8
3930		4
3931		3
3932		5
3933		4
3934		4
3935		3
3936		2
3937		2
3938		4
3939		5
3940		4
3941		3
3942		2
3944		3
3945		2
3946		3
3947		6
3948		5
3949		4
3950		2
3951		5
3952		6
3953		5
3954		2
3955		3
3956		2
3957		2
3958		4
3960		4
3961		4
3962		7
3963		6
3964		6
3965		4
3966		2
3967		5
3969		6
3970		1
3971		3
3973		6
3974		3
3975		4
3976		3
3977		1
3978		3
3979		2
3980		2
3981		2
3982		5
3983		5
3984		5
3985		1
3986		3
3987		3
3989		1
3990		3
3991		4
3992		2
3993		1
3994		3
3995		5
3996		3
3997		2
3998		5
3999		5
4000		2
4001		2
4002		7
4003		2
4004		2
4005		5
4006		4
4007		4
4008		3
4009		2
4010		5
4011		5
4012		2
4013		2
4014		4
4015		3
4016		3
4017		4
4018		6
4019		6
4020		6
4021		6
4022		3
4023		2
4024		3
4025		5
4026		1
4027		3
4028		3
4029		6
4030		1
4031		2
4032		1
4033		2
4034		7
4035		4
4036		3
4037		1
4038		3
4039		3
4040		5
4041		4
4042		3
4043		3
4044		3
4045		6
4046		2
4047		1
4048		7
4049		4
4050		2
4051		1
4052		2
4053		4
4054		4
4055		1
4056		5
4057		3
4058		5
4060		3
4061		4
4062		6
4063		2
4064		3
4066		3
4067		1
4068		2
4069		3
4070		2
4071		4
4072		2
4073		4
4074		1
4075		3
4077		2
4078		1
4079		7
4080		2
4082		3
4083		2
4084		1
4085		6
4086		2
4087		2
4088		2
4089		2
4090		2
4091		2
4092		4
4093		6
4094		4
4095		4
4096		3
4097		3
4098		3
4099		3
4100		6
4101		1
4102		3
4103		2
4104		2
4105		2
4106		4
4107		2
4108		3
4109		3
4110		3
4111		1
4112		2
4113		4
4114		3
4115		1
4116		6
4117		2
4118		2
4119		5
4120		2
4121		2
4122		4
4123		5
4124		6
4125		2
4126		4
4127		5
4128		2
4129		2
4130		1
4131		1
4132		4
4133		2
4134		5
4135		6
4136		1
4137		2
4138		2
4139		3
4140		6
4141		2
4142		2
4143		5
4144		3
4145		7
4146		1
4147		4
4148		4
4149		4
4150		4
4152		2
4153		1
4154		1
4155		5
4156		4
4157		3
4158		6
4159		3
4160		2
4161		3
4162		6
4163		3
4164		3
4165		5
4166		2
4167		1
4168		4
4169		6
4170		2
4171		5
4172		3
4173		2
4174		5
4175		4
4176		4
4177		2
4178		4
4179		1
4180		4
4181		3
4182		3
4183		3
4184		6
4185		2
4186		5
4187		2
4188		7
4189		5
4190		2
4191		4
4192		7
4193		2
4194		2
4195		1
4196		2
4197		2
4198		2
4199		3
4200		3
4201		1
4202		4
4203		2
4204		3
4205		2
4206		2
4207		2
4209		2
4210		5
4212		3
4213		6
4214		3
4215		5
4217		2
4218		2
4219		10
4220		1
4221		3
4222		7
4224		2
4225		4
4226		2
4227		2
4228		1
4229		3
4230		1
4232		4
4233		1
4235		1
4236		2
4237		6
4238		4
4239		4
4240		2
4241		1
4243		3
4244		2
4245		2
4247		3
4248		1
4250		3
4251		1
4252		7
4253		3
4254		2
4255		4
4256		3
4257		3
4258		3
4259		1
4260		5
4261		2
4262		3
4263		5
4264		1
4265		4
4266		2
4267		3
4268		2
4269		1
4270		4
4271		2
4272		4
4273		5
4274		2
4275		4
4276		3
4277		4
4278		2
4279		2
4280		1
4281		3
4282		5
4283		2
4284		2
4285		4
4286		2
4287		6
4289		2
4290		5
4291		3
4292		3
4293		2
4295		2
4296		1
4297		2
4298		3
4299		4
4300		3
4301		2
4302		1
4303		2
4304		4
4305		1
4306		2
4307		3
4308		1
4309		4
4310		2
4311		5
4312		3
4313		2
4314		3
4315		1
4316		1
4317		4
4318		1
4319		2
4320		1
4321		2
4322		2
4323		5
4324		1
4325		3
4327		2
4328		4
4329		3
4330		2
4331		5
4332		4
4333		1
4334		1
4335		2
4336		3
4337		5
4338		1
4339		3
4340		4
4341		3
4342		2
4343		6
4345		2
4346		1
4347		4
4348		3
4349		2
4350		2
4351		5
4352		1
4353		1
4354		1
4355		2
4356		1
4357		5
4358		3
4359		6
4360		1
4361		4
4362		3
4363		1
4364		4
4365		1
4366		1
4367		3
4368		3
4369		2
4371		2
4372		3
4373		2
4374		3
4375		3
4376		2
4377		2
4378		1
4379		4
4380		2
4381		2
4383		3
4384		3
4385		1
4387		2
4388		2
4389		3
4390		2
4391		2
4392		3
4393		1
4394		3
4395		2
4396		2
4397		2
4398		3
4399		6
4400		5
4401		2
4402		1
4403		1
4404		1
4405		3
4406		3
4407		4
4408		5
4409		2
4410		4
4411		2
4412		3
4413		6
4414		1
4415		2
4416		2
4418		1
4419		1
4420		2
4421		5
4422		2
4424		6
4425		3
4426		1
4427		2
4428		3
4429		3
4431		2
4432		2
4433		2
4434		1
4435		2
4436		3
4437		1
4438		1
4439		3
4440		3
4441		1
4442		2
4443		3
4444		5
4445		3
4446		1
4447		4
4449		3
4450		2
4451		3
4452		1
4453		3
4454		3
4455		2
4456		3
4458		1
4459		3
4460		4
4461		1
4462		2
4464		3
4466		1
4467		3
4468		1
4469		1
4470		2
4471		1
4472		2
4473		2
4474		1
4475		4
4476		2
4477		2
4478		3
4479		3
4480		2
4481		3
4482		1
4483		2
4484		1
4485		1
4486		2
4487		5
4488		1
4489		2
4490		3
4491		1
4492		4
4493		2
4494		3
4495		5
4496		3
4497		3
4498		5
4499		2
4500		2
4501		4
4502		4
4503		1
4504		2
4506		1
4507		3
4508		2
4509		3
4511		3
4513		2
4514		5
4515		3
4516		3
4517		1
4518		1
4519		1
4520		5
4522		2
4523		3
4524		2
4525		1
4526		2
4527		2
4529		2
4530		3
4531		9
4532		1
4533		1
4534		4
4535		3
4536		1
4537		1
4538		1
4539		1
4540		1
4542		2
4543		3
4544		1
4545		2
4546		4
4547		5
4548		2
4549		5
4550		5
4551		5
4553		3
4554		2
4555		3
4556		2
4557		3
4558		3
4559		3
4560		2
4561		2
4562		3
4563		3
4564		3
4565		2
4566		3
4567		2
4568		2
4569		4
4571		1
4572		5
4573		4
4574		2
4575		2
4578		2
4579		1
4580		2
4583		2
4584		2
4585		2
4586		3
4589		1
4590		3
4591		1
4593		2
4596		2
4597		1
4598		1
4599		4
4600		1
4601		1
4602		1
4603		2
4604		3
4605		2
4606		2
4607		2
4609		1
4610		1
4611		2
4612		2
4613		3
4614		2
4615		1
4616		2
4617		2
4618		1
4619		2
4620		2
4622		1
4623		3
4625		2
4626		2
4627		2
4628		2
4629		1
4630		3
4631		1
4632		3
4633		4
4634		2
4635		2
4636		3
4639		2
4640		2
4642		4
4643		3
4644		1
4645		5
4646		2
4647		1
4648		1
4649		4
4650		1
4651		1
4652		1
4653		2
4654		1
4655		2
4656		3
4657		1
4658		4
4659		1
4660		1
4661		1
4662		2
4663		2
4664		3
4665		1
4666		2
4668		1
4669		3
4670		1
4671		2
4672		1
4673		2
4674		1
4675		2
4676		1
4677		2
4678		3
4679		1
4680		1
4681		1
4682		2
4683		4
4685		1
4686		3
4687		1
4688		2
4689		1
4690		3
4691		3
4692		1
4693		2
4694		1
4695		1
4696		2
4697		1
4699		1
4700		1
4701		1
4702		5
4704		1
4705		3
4706		1
4707		4
4708		3
4709		3
4710		1
4711		3
4713		1
4714		1
4715		3
4716		4
4717		1
4718		3
4719		3
4720		1
4721		5
4722		3
4723		1
4724		3
4725		3
4726		3
4727		1
4730		1
4731		2
4732		1
4733		1
4734		1
4735		2
4736		4
4737		1
4738		2
4739		1
4742		3
4743		3
4745		3
4747		1
4748		1
4749		1
4750		1
4751		2
4753		1
4754		5
4755		4
4756		5
4758		3
4759		1
4761		2
4762		2
4763		1
4764		2
4765		2
4766		4
4768		1
4769		1
4771		1
4772		2
4773		2
4774		1
4775		6
4776		2
4777		2
4778		2
4779		2
4782		2
4783		3
4784		1
4785		3
4787		1
4789		1
4791		3
4793		2
4794		2
4795		1
4796		2
4797		1
4800		1
4801		2
4802		4
4803		1
4804		1
4807		1
4808		2
4811		2
4814		2
4815		2
4816		1
4817		1
4819		3
4820		2
4821		2
4824		3
4826		6
4827		1
4828		1
4829		2
4830		2
4831		1
4832		2
4833		1
4834		4
4835		2
4836		2
4837		1
4838		2
4839		3
4840		4
4841		1
4843		3
4844		3
4845		1
4846		2
4847		4
4848		2
4849		1
4850		1
4852		2
4853		2
4854		1
4855		5
4856		2
4858		1
4859		3
4860		2
4861		1
4862		2
4863		3
4865		2
4866		2
4867		3
4868		2
4869		1
4870		2
4871		3
4872		4
4873		3
4874		2
4875		1
4876		1
4878		4
4879		2
4880		3
4881		2
4882		3
4883		1
4884		2
4885		2
4886		3
4887		1
4888		2
4889		1
4890		3
4891		1
4892		4
4893		1
4895		1
4896		1
4897		1
4899		4
4901		5
4903		1
4904		1
4907		2
4908		1
4909		2
4910		1
4911		1
4912		2
4913		2
4914		2
4915		3
4917		2
4918		1
4919		2
4920		1
4922		2
4923		1
4924		3
4925		2
4926		1
4928		2
4930		1
4932		1
4933		1
4936		3
4937		1
4938		1
4939		3
4940		1
4942		1
4944		1
4945		1
4946		2
4947		1
4948		2
4950		1
4952		1
4953		1
4954		1
4957		3
4958		2
4959		3
4960		2
4961		1
4963		1
4964		1
4966		3
4967		1
4968		1
4969		5
4970		1
4972		2
4973		2
4974		2
4975		1
4976		1
4977		1
4978		2
4979		1
4980		1
4983		3
4984		1
4985		2
4986		1
4987		1
4989		3
4990		2
4991		2
4992		1
4994		1
4995		3
4996		1
4997		2
4999		1
5000		3
5004		3
5006		4
5007		2
5008		2
5010		2
5011		1
5012		2
5013		2
5014		1
5015		1
5016		2
5018		1
5020		2
5021		2
5022		1
5024		1
5026		3
5027		1
5028		2
5030		2
5032		1
5033		1
5035		1
5036		1
5037		2
5038		1
5041		3
5042		2
5043		1
5044		1
5045		2
5046		4
5047		1
5048		3
5049		2
5052		3
5054		2
5055		1
5056		4
5059		2
5061		1
5063		2
5065		1
5066		2
5067		1
5068		2
5069		2
5070		2
5071		1
5072		3
5073		1
5074		1
5075		2
5076		1
5077		1
5078		2
5079		1
5080		1
5081		1
5082		1
5086		2
5087		1
5088		1
5089		2
5090		1
5093		3
5094		2
5095		2
5097		1
5098		2
5099		1
5100		3
5101		1
5102		1
5105		2
5106		1
5109		3
5110		5
5111		2
5113		1
5116		1
5120		3
5123		1
5124		1
5125		2
5129		2
5130		2
5132		1
5133		1
5134		1
5135		3
5136		2
5137		1
5138		1
5140		1
5144		1
5146		1
5147		2
5152		1
5153		1
5154		2
5155		2
5156		1
5157		2
5158		2
5159		1
5160		3
5162		1
5163		2
5164		2
5165		2
5166		2
5169		2
5170		1
5171		2
5172		1
5173		2
5174		3
5175		2
5176		1
5177		2
5178		4
5179		4
5180		2
5181		1
5183		1
5184		1
5185		1
5186		4
5187		2
5188		2
5189		1
5190		1
5196		1
5198		3
5199		1
5200		1
5201		3
5202		1
5204		1
5205		1
5207		1
5209		2
5211		1
5212		1
5213		2
5216		2
5217		2
5219		1
5220		2
5225		1
5226		2
5230		3
5231		1
5232		1
5234		1
5235		2
5237		1
5238		2
5240		3
5241		1
5242		1
5243		2
5244		1
5245		2
5246		2
5248		2
5249		2
5251		1
5253		2
5254		2
5255		1
5256		1
5257		1
5259		1
5263		1
5264		1
5265		1
5266		3
5271		1
5273		2
5275		1
5278		2
5279		2
5280		1
5284		2
5285		2
5287		1
5288		1
5289		2
5290		1
5293		2
5294		1
5297		1
5300		2
5301		2
5302		1
5303		2
5304		1
5305		1
5306		1
5310		1
5311		1
5314		2
5317		2
5318		2
5319		1
5320		1
5321		1
5323		3
5325		1
5326		1
5329		1
5330		2
5331		1
5333		1
5334		1
5335		1
5337		1
5338		1
5339		1
5340		2
5341		1
5344		1
5345		2
5346		2
5348		1
5350		1
5351		1
5352		1
5354		1
5356		2
5357		2
5358		1
5359		2
5362		3
5363		2
5366		2
5367		1
5368		1
5373		1
5376		2
5377		2
5379		1
5380		1
5383		4
5384		2
5387		1
5389		2
5391		1
5394		2
5396		1
5397		1
5398		1
5399		1
5400		1
5403		1
5404		1
5415		2
5416		2
5417		3
5418		1
5422		2
5424		1
5426		3
5427		1
5429		1
5432		1
5433		1
5434		3
5435		1
5436		1
5437		2
5438		1
5439		1
5440		1
5441		2
5443		2
5444		1
5445		1
5447		3
5449		1
5452		2
5453		2
5454		2
5458		1
5459		2
5464		2
5466		1
5467		1
5472		2
5473		1
5476		1
5477		1
5478		1
5481		1
5483		1
5484		1
5485		1
5486		1
5487		1
5489		1
5492		1
5493		1
5494		1
5497		1
5498		2
5502		1
5503		1
5504		1
5506		1
5507		1
5511		1
5516		1
5517		1
5519		2
5526		1
5527		1
5528		1
5530		1
5531		1
5533		1
5538		1
5540		1
5542		1
5544		1
5545		1
5546		1
5547		2
5548		2
5550		1
5551		2
5553		2
5557		1
5558		1
5559		2
5562		1
5563		1
5568		1
5569		1
5572		1
5575		2
5576		1
5577		1
5579		1
5582		2
5589		1
5596		1
5597		1
5599		1
5603		1
5605		2
5610		1
5617		2
5619		1
5621		2
5627		1
5632		1
5634		1
5637		1
5641		1
5644		1
5647		3
5649		1
5650		1
5652		1
5653		1
5656		1
5661		1
5662		2
5665		2
5668		2
5669		1
5671		1
5672		1
5673		1
5678		1
5679		1
5684		2
5685		2
5686		1
5690		1
5691		1
5703		1
5706		1
5709		2
5714		2
5716		2
5720		1
5724		1
5725		2
5731		1
5734		1
5736		1
5737		2
5738		1
5752		2
5754		3
5759		2
5760		1
5762		1
5763		1
5765		1
5766		1
5767		1
5768		1
5771		3
5772		1
5778		1
5779		1
5781		1
5785		1
5786		1
5788		1
5794		1
5800		1
5805		1
5808		1
5815		2
5822		2
5825		1
5829		1
5831		1
5832		1
5835		1
5836		1
5839		1
5840		2
5842		1
5844		3
5847		1
5848		1
5851		1
5855		1
5858		1
5859		1
5865		1
5867		1
5876		1
5878		2
5880		1
5881		2
5882		2
5885		1
5889		1
5891		1
5892		1
5895		1
5899		1
5900		1
5901		2
5915		1
5916		1
5925		1
5930		1
5937		2
5942		1
5951		1
5961		1
5970		1
5977		1
5978		1
5980		1
5982		1
5985		1
5987		1
5990		1
5997		1
5998		1
6000		2
6001		1
6005		2
6006		1
6007		1
6008		1
6009		1
6015		1
6025		1
6037		1
6043		2
6044		1
6046		1
6048		1
6050		2
6051		1
6053		1
6059		1
6064		1
6066		1
6068		1
6071		1
6086		1
6099		1
6101		1
6103		1
6104		1
6106		1
6109		1
6113		1
6115		1
6120		1
6121		3
6123		1
6128		1
6135		1
6136		1
6149		1
6166		1
6172		1
6184		1
6186		1
6192		1
6197		1
6198		1
6205		1
6211		1
6216		2
6219		1
6235		1
6236		1
6255		1
6260		1
6261		1
6267		1
6268		1
6282		1
6286		1
6302		1
6304		1
6308		1
6314		1
6321		1
6323		1
6341		1
6348		1
6352		1
6375		1
6378		1
6383		1
6390		1
6393		1
6408		1
6411		1
6415		1
6423		1
6431		1
6465		1
6469		1
6472		1
6499		1
6510		1
6541		1
6563		1
6564		1
6573		1
6577		1
6618		2
6628		1
6731		1
6774		1
6798		1
6869		1
6916		1
7083		1
7121		1
