Tamaños		Cantidades
1		8329080
2		1776998
3		1060001
4		686020
5		480919
6		353634
7		273455
8		217775
9		178709
10		148023
11		125868
12		108813
13		94827
14		83381
15		72892
16		65761
17		58691
18		52894
19		48230
20		44378
21		40805
22		37425
23		34687
24		32522
25		29881
26		27976
27		26184
28		24364
29		22881
30		21882
31		20402
32		19180
33		18335
34		17448
35		16469
36		15661
37		14996
38		14000
39		13600
40		13263
41		12586
42		11995
43		11600
44		11058
45		10641
46		10240
47		9796
48		9426
49		9169
50		8842
51		8527
52		8235
53		7892
54		7725
55		7501
56		7279
57		7016
58		6855
59		6696
60		6374
61		6321
62		6186
63		5827
64		5696
65		5527
66		5533
67		5222
68		5162
69		5088
70		4813
71		4673
72		4629
73		4556
74		4573
75		4248
76		4190
77		4191
78		3938
79		3869
80		3776
81		3792
82		3678
83		3712
84		3441
85		3400
86		3287
87		3240
88		3288
89		3193
90		3150
91		3097
92		3098
93		2994
94		2833
95		2884
96		2869
97		2832
98		2751
99		2768
100		2623
101		2670
102		2456
103		2537
104		2415
105		2453
106		2399
107		2343
108		2301
109		2319
110		2286
111		2204
112		2231
113		2124
114		2028
115		2101
116		2094
117		1987
118		1958
119		1955
120		1953
121		1911
122		1841
123		1859
124		1850
125		1784
126		1819
127		1751
128		1715
129		1658
130		1682
131		1608
132		1572
133		1593
134		1604
135		1570
136		1556
137		1576
138		1505
139		1472
140		1525
141		1424
142		1568
143		1348
144		1356
145		1349
146		1321
147		1294
148		1327
149		1284
150		1302
151		1352
152		1203
153		1283
154		1294
155		1232
156		1215
157		1266
158		1065
159		1153
160		1157
161		1163
162		1070
163		1141
164		1134
165		1069
166		1058
167		1058
168		1060
169		1038
170		1010
171		1026
172		1046
173		1075
174		1023
175		959
176		954
177		1030
178		954
179		987
180		947
181		889
182		924
183		928
184		919
185		892
186		893
187		917
188		937
189		866
190		880
191		885
192		874
193		855
194		830
195		806
196		823
197		798
198		853
199		817
200		830
201		786
202		777
203		796
204		744
205		778
206		750
207		731
208		702
209		817
210		709
211		771
212		719
213		713
214		689
215		681
216		687
217		702
218		687
219		677
220		678
221		678
222		666
223		678
224		679
225		701
226		640
227		629
228		664
229		634
230		590
231		652
232		633
233		628
234		609
235		588
236		629
237		592
238		606
239		605
240		576
241		579
242		572
243		517
244		559
245		585
246		584
247		550
248		533
249		532
250		543
251		510
252		528
253		523
254		551
255		516
256		488
257		495
258		524
259		551
260		550
261		516
262		520
263		509
264		516
265		468
266		492
267		508
268		471
269		492
270		440
271		471
272		452
273		500
274		480
275		462
276		429
277		395
278		460
279		453
280		426
281		478
282		445
283		452
284		403
285		435
286		422
287		415
288		397
289		389
290		407
291		401
292		411
293		428
294		407
295		410
296		436
297		386
298		407
299		407
300		390
301		396
302		399
303		437
304		384
305		428
306		385
307		396
308		413
309		399
310		359
311		366
312		392
313		365
314		377
315		352
316		374
317		304
318		349
319		354
320		385
321		355
322		328
323		361
324		352
325		343
326		382
327		335
328		329
329		344
330		376
331		325
332		347
333		294
334		312
335		338
336		337
337		340
338		322
339		329
340		317
341		312
342		316
343		309
344		323
345		316
346		283
347		332
348		301
349		321
350		332
351		302
352		301
353		293
354		295
355		315
356		286
357		312
358		295
359		304
360		296
361		280
362		245
363		305
364		296
365		259
366		282
367		297
368		296
369		303
370		258
371		278
372		250
373		271
374		263
375		274
376		286
377		262
378		283
379		280
380		258
381		282
382		257
383		244
384		245
385		238
386		256
387		240
388		255
389		236
390		247
391		266
392		245
393		249
394		255
395		232
396		262
397		233
398		254
399		228
400		244
401		232
402		219
403		248
404		252
405		245
406		258
407		246
408		228
409		224
410		257
411		239
412		215
413		236
414		220
415		238
416		220
417		218
418		235
419		227
420		192
421		208
422		206
423		233
424		238
425		224
426		219
427		225
428		212
429		235
430		234
431		214
432		222
433		199
434		222
435		236
436		210
437		216
438		223
439		191
440		179
441		210
442		235
443		189
444		190
445		226
446		190
447		207
448		198
449		201
450		191
451		202
452		190
453		193
454		166
455		187
456		190
457		177
458		187
459		214
460		192
461		196
462		200
463		194
464		187
465		196
466		184
467		193
468		200
469		208
470		188
471		193
472		193
473		201
474		183
475		172
476		194
477		190
478		176
479		167
480		174
481		173
482		169
483		160
484		171
485		181
486		179
487		186
488		172
489		178
490		205
491		176
492		145
493		158
494		165
495		171
496		179
497		166
498		151
499		185
500		155
501		190
502		193
503		175
504		155
505		143
506		150
507		144
508		172
509		179
510		138
511		156
512		167
513		129
514		160
515		149
516		150
517		144
518		162
519		138
520		157
521		169
522		153
523		148
524		143
525		172
526		131
527		173
528		150
529		170
530		147
531		157
532		164
533		154
534		158
535		162
536		152
537		161
538		159
539		134
540		159
541		150
542		123
543		141
544		136
545		162
546		147
547		144
548		135
549		144
550		144
551		146
552		154
553		136
554		138
555		138
556		134
557		132
558		144
559		118
560		154
561		128
562		131
563		135
564		158
565		138
566		132
567		120
568		113
569		149
570		137
571		139
572		120
573		136
574		115
575		140
576		146
577		129
578		126
579		138
580		127
581		116
582		126
583		120
584		120
585		113
586		117
587		121
588		140
589		114
590		115
591		133
592		128
593		128
594		108
595		131
596		124
597		127
598		127
599		135
600		139
601		118
602		137
603		124
604		111
605		108
606		95
607		111
608		114
609		125
610		124
611		128
612		118
613		135
614		103
615		110
616		91
617		122
618		118
619		115
620		110
621		117
622		125
623		109
624		115
625		112
626		108
627		103
628		112
629		119
630		123
631		96
632		117
633		110
634		127
635		85
636		110
637		110
638		101
639		108
640		96
641		111
642		106
643		109
644		99
645		106
646		107
647		127
648		105
649		117
650		114
651		114
652		112
653		101
654		102
655		95
656		103
657		95
658		125
659		110
660		106
661		106
662		100
663		95
664		105
665		98
666		104
667		119
668		100
669		96
670		83
671		109
672		87
673		97
674		94
675		109
676		89
677		97
678		100
679		98
680		91
681		78
682		97
683		89
684		92
685		111
686		106
687		98
688		94
689		96
690		92
691		95
692		100
693		104
694		116
695		93
696		85
697		99
698		81
699		106
700		90
701		113
702		80
703		83
704		99
705		98
706		89
707		91
708		98
709		105
710		86
711		97
712		85
713		87
714		82
715		94
716		90
717		95
718		79
719		77
720		89
721		97
722		79
723		82
724		112
725		83
726		98
727		89
728		84
729		88
730		94
731		86
732		84
733		84
734		88
735		83
736		100
737		71
738		76
739		98
740		82
741		94
742		98
743		85
744		74
745		93
746		94
747		75
748		71
749		76
750		87
751		91
752		93
753		77
754		83
755		102
756		90
757		90
758		72
759		91
760		82
761		82
762		83
763		72
764		95
765		75
766		64
767		92
768		88
769		81
770		87
771		82
772		95
773		63
774		66
775		80
776		76
777		79
778		68
779		66
780		82
781		76
782		60
783		79
784		93
785		76
786		63
787		76
788		79
789		76
790		78
791		70
792		75
793		70
794		68
795		68
796		54
797		80
798		71
799		71
800		64
801		78
802		75
803		69
804		72
805		78
806		86
807		68
808		76
809		74
810		83
811		87
812		81
813		75
814		69
815		60
816		67
817		79
818		84
819		72
820		60
821		83
822		82
823		75
824		56
825		83
826		66
827		68
828		55
829		69
830		78
831		59
832		79
833		73
834		64
835		53
836		69
837		67
838		67
839		55
840		72
841		60
842		57
843		69
844		75
845		57
846		73
847		78
848		68
849		68
850		66
851		79
852		65
853		75
854		76
855		62
856		75
857		69
858		60
859		77
860		71
861		70
862		62
863		80
864		65
865		63
866		64
867		64
868		63
869		66
870		56
871		57
872		61
873		54
874		57
875		62
876		44
877		48
878		60
879		60
880		76
881		64
882		63
883		68
884		81
885		53
886		63
887		62
888		64
889		68
890		62
891		66
892		67
893		65
894		51
895		36
896		55
897		58
898		59
899		59
900		61
901		46
902		72
903		62
904		65
905		72
906		73
907		59
908		73
909		42
910		60
911		67
912		48
913		37
914		55
915		55
916		71
917		56
918		50
919		57
920		48
921		57
922		49
923		65
924		63
925		61
926		44
927		54
928		59
929		58
930		57
931		75
932		72
933		46
934		56
935		54
936		49
937		57
938		61
939		66
940		66
941		58
942		57
943		61
944		63
945		52
946		57
947		57
948		53
949		58
950		46
951		47
952		48
953		48
954		47
955		71
956		48
957		50
958		62
959		44
960		65
961		73
962		59
963		62
964		54
965		55
966		51
967		46
968		44
969		53
970		46
971		50
972		57
973		52
974		53
975		47
976		54
977		46
978		47
979		54
980		38
981		48
982		54
983		53
984		55
985		65
986		44
987		42
988		47
989		43
990		54
991		52
992		60
993		52
994		51
995		54
996		54
997		61
998		45
999		60
1000		54
1001		41
1002		49
1003		36
1004		51
1005		39
1006		38
1007		53
1008		33
1009		32
1010		44
1011		51
1012		49
1013		51
1014		65
1015		50
1016		65
1017		57
1018		49
1019		55
1020		43
1021		47
1022		53
1023		57
1024		55
1025		47
1026		58
1027		37
1028		47
1029		51
1030		39
1031		46
1032		41
1033		49
1034		45
1035		49
1036		50
1037		33
1038		44
1039		47
1040		45
1041		49
1042		44
1043		40
1044		51
1045		37
1046		43
1047		43
1048		38
1049		52
1050		40
1051		54
1052		47
1053		59
1054		50
1055		49
1056		46
1057		55
1058		48
1059		49
1060		43
1061		39
1062		40
1063		41
1064		48
1065		50
1066		43
1067		47
1068		50
1069		55
1070		42
1071		45
1072		43
1073		46
1074		35
1075		41
1076		48
1077		43
1078		35
1079		43
1080		26
1081		38
1082		47
1083		50
1084		45
1085		48
1086		30
1087		50
1088		39
1089		40
1090		42
1091		45
1092		48
1093		37
1094		47
1095		45
1096		44
1097		39
1098		44
1099		35
1100		48
1101		38
1102		49
1103		37
1104		32
1105		44
1106		50
1107		46
1108		51
1109		47
1110		30
1111		43
1112		37
1113		56
1114		43
1115		53
1116		35
1117		46
1118		57
1119		41
1120		53
1121		44
1122		42
1123		48
1124		47
1125		37
1126		34
1127		26
1128		37
1129		42
1130		36
1131		37
1132		45
1133		51
1134		41
1135		38
1136		43
1137		47
1138		47
1139		43
1140		34
1141		35
1142		47
1143		46
1144		36
1145		45
1146		35
1147		50
1148		36
1149		60
1150		36
1151		34
1152		36
1153		40
1154		34
1155		43
1156		40
1157		30
1158		51
1159		32
1160		44
1161		39
1162		39
1163		47
1164		35
1165		39
1166		41
1167		39
1168		38
1169		29
1170		37
1171		45
1172		39
1173		38
1174		47
1175		40
1176		37
1177		40
1178		42
1179		41
1180		40
1181		28
1182		37
1183		42
1184		36
1185		28
1186		38
1187		47
1188		41
1189		38
1190		27
1191		33
1192		29
1193		37
1194		34
1195		32
1196		42
1197		36
1198		33
1199		36
1200		39
1201		36
1202		45
1203		50
1204		38
1205		29
1206		36
1207		35
1208		28
1209		38
1210		29
1211		26
1212		37
1213		34
1214		25
1215		27
1216		37
1217		29
1218		28
1219		34
1220		29
1221		42
1222		44
1223		26
1224		39
1225		31
1226		30
1227		34
1228		41
1229		44
1230		40
1231		26
1232		43
1233		37
1234		31
1235		25
1236		35
1237		33
1238		29
1239		36
1240		37
1241		35
1242		47
1243		32
1244		33
1245		30
1246		33
1247		32
1248		30
1249		33
1250		29
1251		29
1252		35
1253		24
1254		46
1255		30
1256		47
1257		26
1258		35
1259		34
1260		31
1261		36
1262		44
1263		37
1264		31
1265		22
1266		42
1267		40
1268		40
1269		42
1270		34
1271		43
1272		34
1273		37
1274		26
1275		27
1276		41
1277		26
1278		29
1279		34
1280		32
1281		28
1282		38
1283		28
1284		30
1285		33
1286		31
1287		30
1288		33
1289		37
1290		26
1291		44
1292		34
1293		41
1294		37
1295		28
1296		33
1297		35
1298		22
1299		23
1300		45
1301		33
1302		27
1303		30
1304		27
1305		43
1306		32
1307		30
1308		23
1309		30
1310		30
1311		37
1312		32
1313		34
1314		40
1315		35
1316		27
1317		38
1318		37
1319		39
1320		31
1321		31
1322		35
1323		24
1324		29
1325		34
1326		30
1327		30
1328		30
1329		38
1330		40
1331		29
1332		33
1333		28
1334		28
1335		37
1336		43
1337		26
1338		25
1339		30
1340		32
1341		37
1342		27
1343		26
1344		31
1345		37
1346		32
1347		44
1348		29
1349		26
1350		26
1351		29
1352		32
1353		31
1354		37
1355		31
1356		29
1357		30
1358		26
1359		30
1360		32
1361		33
1362		20
1363		34
1364		31
1365		21
1366		24
1367		26
1368		16
1369		27
1370		35
1371		13
1372		29
1373		39
1374		14
1375		32
1376		22
1377		40
1378		22
1379		26
1380		31
1381		31
1382		30
1383		25
1384		26
1385		26
1386		30
1387		33
1388		40
1389		29
1390		26
1391		25
1392		26
1393		28
1394		24
1395		30
1396		15
1397		30
1398		31
1399		28
1400		28
1401		18
1402		20
1403		28
1404		33
1405		29
1406		26
1407		25
1408		26
1409		19
1410		20
1411		32
1412		24
1413		28
1414		23
1415		30
1416		16
1417		29
1418		30
1419		20
1420		29
1421		27
1422		28
1423		25
1424		32
1425		31
1426		24
1427		29
1428		28
1429		31
1430		23
1431		27
1432		23
1433		28
1434		18
1435		22
1436		33
1437		20
1438		17
1439		23
1440		23
1441		24
1442		21
1443		28
1444		14
1445		21
1446		25
1447		17
1448		23
1449		20
1450		26
1451		28
1452		16
1453		31
1454		27
1455		19
1456		26
1457		25
1458		24
1459		26
1460		23
1461		19
1462		29
1463		21
1464		35
1465		34
1466		28
1467		20
1468		32
1469		18
1470		29
1471		26
1472		25
1473		23
1474		27
1475		26
1476		31
1477		21
1478		20
1479		25
1480		23
1481		22
1482		26
1483		26
1484		27
1485		24
1486		26
1487		23
1488		28
1489		25
1490		24
1491		25
1492		19
1493		19
1494		31
1495		26
1496		33
1497		13
1498		20
1499		29
1500		21
1501		25
1502		16
1503		19
1504		27
1505		25
1506		24
1507		24
1508		26
1509		31
1510		19
1511		14
1512		26
1513		16
1514		15
1515		33
1516		29
1517		17
1518		29
1519		30
1520		24
1521		24
1522		24
1523		35
1524		26
1525		20
1526		21
1527		19
1528		26
1529		22
1530		21
1531		23
1532		22
1533		25
1534		26
1535		21
1536		34
1537		25
1538		30
1539		17
1540		23
1541		21
1542		25
1543		30
1544		23
1545		17
1546		18
1547		18
1548		21
1549		19
1550		14
1551		18
1552		27
1553		27
1554		22
1555		22
1556		20
1557		27
1558		21
1559		28
1560		24
1561		23
1562		21
1563		23
1564		24
1565		28
1566		22
1567		29
1568		20
1569		22
1570		19
1571		21
1572		22
1573		27
1574		22
1575		14
1576		20
1577		10
1578		23
1579		17
1580		20
1581		19
1582		23
1583		18
1584		21
1585		23
1586		25
1587		30
1588		23
1589		10
1590		22
1591		20
1592		14
1593		14
1594		17
1595		25
1596		21
1597		18
1598		16
1599		25
1600		17
1601		19
1602		21
1603		18
1604		20
1605		22
1606		17
1607		26
1608		15
1609		15
1610		21
1611		22
1612		22
1613		23
1614		26
1615		16
1616		21
1617		18
1618		11
1619		15
1620		23
1621		23
1622		17
1623		16
1624		20
1625		28
1626		25
1627		15
1628		16
1629		19
1630		19
1631		21
1632		12
1633		16
1634		16
1635		21
1636		22
1637		22
1638		24
1639		19
1640		20
1641		24
1642		25
1643		8
1644		25
1645		19
1646		18
1647		21
1648		22
1649		24
1650		17
1651		19
1652		25
1653		23
1654		21
1655		24
1656		9
1657		23
1658		15
1659		22
1660		19
1661		24
1662		20
1663		22
1664		15
1665		17
1666		27
1667		16
1668		17
1669		21
1670		14
1671		22
1672		16
1673		18
1674		24
1675		21
1676		18
1677		23
1678		25
1679		18
1680		20
1681		17
1682		14
1683		21
1684		24
1685		16
1686		21
1687		16
1688		26
1689		14
1690		17
1691		22
1692		15
1693		25
1694		23
1695		21
1696		18
1697		21
1698		22
1699		17
1700		19
1701		23
1702		24
1703		19
1704		6
1705		19
1706		28
1707		22
1708		20
1709		18
1710		13
1711		15
1712		16
1713		25
1714		21
1715		26
1716		17
1717		21
1718		18
1719		29
1720		22
1721		13
1722		20
1723		12
1724		19
1725		23
1726		19
1727		17
1728		24
1729		19
1730		19
1731		23
1732		13
1733		13
1734		26
1735		18
1736		13
1737		11
1738		12
1739		25
1740		18
1741		20
1742		29
1743		11
1744		16
1745		26
1746		14
1747		20
1748		15
1749		19
1750		25
1751		21
1752		24
1753		13
1754		17
1755		20
1756		20
1757		24
1758		17
1759		21
1760		24
1761		16
1762		22
1763		16
1764		29
1765		15
1766		23
1767		15
1768		18
1769		19
1770		15
1771		10
1772		18
1773		18
1774		23
1775		17
1776		17
1777		15
1778		16
1779		19
1780		14
1781		20
1782		16
1783		22
1784		21
1785		21
1786		16
1787		13
1788		15
1789		24
1790		17
1791		16
1792		20
1793		14
1794		18
1795		14
1796		15
1797		18
1798		23
1799		19
1800		10
1801		14
1802		15
1803		23
1804		23
1805		14
1806		15
1807		15
1808		18
1809		19
1810		20
1811		12
1812		15
1813		19
1814		13
1815		16
1816		23
1817		14
1818		17
1819		21
1820		21
1821		16
1822		16
1823		13
1824		20
1825		19
1826		22
1827		15
1828		17
1829		12
1830		16
1831		21
1832		22
1833		13
1834		7
1835		22
1836		21
1837		22
1838		14
1839		23
1840		13
1841		17
1842		14
1843		22
1844		17
1845		20
1846		15
1847		25
1848		19
1849		13
1850		20
1851		20
1852		13
1853		16
1854		15
1855		20
1856		25
1857		17
1858		17
1859		23
1860		24
1861		13
1862		14
1863		16
1864		18
1865		19
1866		12
1867		12
1868		21
1869		20
1870		20
1871		10
1872		18
1873		20
1874		20
1875		11
1876		15
1877		16
1878		10
1879		17
1880		17
1881		15
1882		13
1883		14
1884		15
1885		18
1886		10
1887		16
1888		9
1889		10
1890		17
1891		16
1892		15
1893		17
1894		12
1895		19
1896		13
1897		17
1898		14
1899		16
1900		17
1901		16
1902		20
1903		8
1904		14
1905		17
1906		14
1907		13
1908		16
1909		20
1910		21
1911		13
1912		17
1913		14
1914		17
1915		20
1916		11
1917		7
1918		18
1919		15
1920		12
1921		12
1922		14
1923		14
1924		9
1925		16
1926		18
1927		20
1928		13
1929		11
1930		10
1931		19
1932		20
1933		16
1934		12
1935		10
1936		16
1937		15
1938		18
1939		10
1940		19
1941		16
1942		21
1943		17
1944		18
1945		11
1946		24
1947		14
1948		14
1949		15
1950		16
1951		12
1952		13
1953		22
1954		12
1955		9
1956		13
1957		12
1958		17
1959		14
1960		9
1961		15
1962		13
1963		11
1964		18
1965		9
1966		19
1967		15
1968		16
1969		21
1970		14
1971		16
1972		18
1973		22
1974		18
1975		9
1976		16
1977		8
1978		16
1979		7
1980		15
1981		11
1982		10
1983		17
1984		15
1985		18
1986		11
1987		12
1988		11
1989		19
1990		20
1991		9
1992		18
1993		19
1994		17
1995		20
1996		9
1997		12
1998		19
1999		16
2000		18
2001		17
2002		15
2003		21
2004		12
2005		9
2006		15
2007		15
2008		12
2009		15
2010		8
2011		17
2012		18
2013		12
2014		11
2015		8
2016		12
2017		15
2018		12
2019		11
2020		13
2021		14
2022		14
2023		10
2024		14
2025		17
2026		14
2027		15
2028		15
2029		14
2030		25
2031		10
2032		19
2033		7
2034		15
2035		12
2036		15
2037		18
2038		17
2039		14
2040		11
2041		14
2042		14
2043		22
2044		9
2045		15
2046		10
2047		8
2048		13
2049		12
2050		21
2051		11
2052		13
2053		15
2054		12
2055		11
2056		15
2057		16
2058		12
2059		9
2060		14
2061		13
2062		12
2063		11
2064		13
2065		15
2066		17
2067		15
2068		14
2069		12
2070		11
2071		12
2072		11
2073		15
2074		12
2075		13
2076		11
2077		12
2078		16
2079		10
2080		19
2081		18
2082		14
2083		14
2084		16
2085		24
2086		10
2087		10
2088		14
2089		15
2090		14
2091		9
2092		14
2093		15
2094		9
2095		8
2096		12
2097		11
2098		19
2099		14
2100		11
2101		15
2102		7
2103		14
2104		11
2105		9
2106		18
2107		13
2108		12
2109		18
2110		19
2111		8
2112		12
2113		16
2114		13
2115		14
2116		11
2117		14
2118		15
2119		18
2120		16
2121		18
2122		10
2123		20
2124		13
2125		16
2126		20
2127		8
2128		15
2129		10
2130		13
2131		11
2132		10
2133		12
2134		18
2135		10
2136		10
2137		9
2138		12
2139		19
2140		23
2141		14
2142		10
2143		7
2144		14
2145		8
2146		4
2147		10
2148		12
2149		8
2150		13
2151		9
2152		9
2153		13
2154		13
2155		11
2156		8
2157		17
2158		15
2159		9
2160		12
2161		12
2162		18
2163		13
2164		14
2165		10
2166		15
2167		13
2168		14
2169		11
2170		7
2171		7
2172		11
2173		14
2174		12
2175		8
2176		10
2177		19
2178		11
2179		9
2180		10
2181		17
2182		14
2183		6
2184		7
2185		8
2186		19
2187		8
2188		8
2189		18
2190		13
2191		7
2192		15
2193		13
2194		22
2195		12
2196		12
2197		7
2198		8
2199		11
2200		17
2201		14
2202		16
2203		7
2204		16
2205		11
2206		7
2207		12
2208		9
2209		11
2210		6
2211		10
2212		12
2213		10
2214		8
2215		10
2216		8
2217		4
2218		5
2219		4
2220		12
2221		17
2222		8
2223		7
2224		9
2225		9
2226		11
2227		10
2228		7
2229		10
2230		9
2231		11
2232		8
2233		12
2234		14
2235		4
2236		10
2237		14
2238		11
2239		15
2240		9
2241		10
2242		17
2243		8
2244		6
2245		10
2246		10
2247		8
2248		11
2249		8
2250		9
2251		8
2252		10
2253		13
2254		9
2255		13
2256		12
2257		8
2258		6
2259		13
2260		13
2261		8
2262		11
2263		10
2264		11
2265		17
2266		8
2267		14
2268		6
2269		10
2270		14
2271		11
2272		9
2273		13
2274		8
2275		15
2276		14
2277		10
2278		15
2279		11
2280		16
2281		11
2282		8
2283		7
2284		10
2285		11
2286		12
2287		9
2288		11
2289		13
2290		12
2291		13
2292		8
2293		10
2294		15
2295		12
2296		11
2297		11
2298		6
2299		17
2300		13
2301		9
2302		9
2303		8
2304		9
2305		10
2306		7
2307		14
2308		11
2309		6
2310		10
2311		15
2312		9
2313		12
2314		11
2315		8
2316		11
2317		9
2318		12
2319		9
2320		12
2321		8
2322		13
2323		10
2324		16
2325		9
2326		7
2327		10
2328		12
2329		6
2330		9
2331		10
2332		12
2333		11
2334		8
2335		8
2336		2
2337		12
2338		21
2339		10
2340		8
2341		7
2342		7
2343		12
2344		4
2345		12
2346		7
2347		9
2348		10
2349		13
2350		11
2351		12
2352		13
2353		5
2354		6
2355		9
2356		10
2357		13
2358		10
2359		8
2360		5
2361		13
2362		6
2363		5
2364		9
2365		12
2366		19
2367		10
2368		13
2369		14
2370		9
2371		11
2372		12
2373		6
2374		11
2375		9
2376		9
2377		7
2378		6
2379		13
2380		7
2381		10
2382		7
2383		12
2384		9
2385		9
2386		10
2387		11
2388		8
2389		5
2390		9
2391		9
2392		6
2393		6
2394		10
2395		9
2396		7
2397		20
2398		8
2399		7
2400		8
2401		10
2402		9
2403		12
2404		9
2405		9
2406		12
2407		14
2408		5
2409		3
2410		11
2411		4
2412		10
2413		14
2414		11
2415		12
2416		11
2417		11
2418		7
2419		12
2420		11
2421		14
2422		8
2423		4
2424		9
2425		12
2426		9
2427		19
2428		7
2429		5
2430		6
2431		7
2432		15
2433		6
2434		11
2435		11
2436		6
2437		6
2438		12
2439		12
2440		7
2441		11
2442		13
2443		14
2444		11
2445		8
2446		6
2447		6
2448		9
2449		9
2450		9
2451		8
2452		8
2453		12
2454		11
2455		11
2456		10
2457		9
2458		9
2459		8
2460		8
2461		4
2462		9
2463		11
2464		8
2465		7
2466		6
2467		7
2468		10
2469		9
2470		11
2471		7
2472		10
2473		11
2474		6
2475		6
2476		6
2477		12
2478		9
2479		5
2480		9
2481		6
2482		11
2483		9
2484		9
2485		7
2486		8
2487		6
2488		6
2489		7
2490		14
2491		11
2492		10
2493		11
2494		9
2495		13
2496		11
2497		9
2498		8
2499		12
2500		8
2501		9
2502		8
2503		8
2504		9
2505		8
2506		10
2507		10
2508		9
2509		12
2510		7
2511		16
2512		8
2513		9
2514		10
2515		10
2516		7
2517		9
2518		12
2519		7
2520		9
2521		8
2522		8
2523		9
2524		12
2525		8
2526		9
2527		7
2528		8
2529		7
2530		10
2531		9
2532		13
2533		6
2534		5
2535		12
2536		3
2537		9
2538		12
2539		5
2540		6
2541		6
2542		7
2543		8
2544		8
2545		12
2546		12
2547		9
2548		5
2549		3
2550		7
2551		5
2552		10
2553		8
2554		15
2555		4
2556		9
2557		6
2558		6
2559		8
2560		9
2561		8
2562		9
2563		11
2564		9
2565		12
2566		14
2567		10
2568		6
2569		11
2570		7
2571		5
2572		10
2573		4
2574		8
2575		5
2576		8
2577		5
2578		6
2579		13
2580		11
2581		7
2582		7
2583		4
2584		5
2585		10
2586		11
2587		10
2588		10
2589		9
2590		3
2591		4
2592		2
2593		7
2594		6
2595		6
2596		4
2597		8
2598		8
2599		14
2600		7
2602		11
2603		6
2604		10
2605		6
2606		9
2607		12
2608		7
2609		3
2610		10
2611		9
2612		4
2613		4
2614		4
2615		7
2616		8
2617		9
2618		7
2619		9
2620		7
2621		7
2622		7
2623		10
2624		7
2625		5
2626		13
2627		7
2628		7
2629		7
2630		6
2631		6
2632		10
2633		5
2634		5
2635		10
2636		9
2637		4
2638		10
2639		11
2640		6
2641		6
2642		6
2643		6
2644		5
2645		5
2646		6
2647		6
2648		9
2649		9
2650		8
2651		7
2652		5
2653		7
2654		9
2655		3
2656		5
2657		4
2658		13
2659		8
2660		9
2661		9
2662		4
2663		7
2664		7
2665		11
2666		7
2667		6
2668		11
2669		7
2670		10
2671		6
2672		9
2673		6
2674		13
2675		6
2676		4
2677		5
2678		14
2679		7
2680		8
2681		8
2682		9
2683		3
2684		2
2685		11
2686		10
2687		8
2688		9
2689		4
2690		7
2691		5
2692		4
2693		7
2694		7
2695		6
2696		10
2697		5
2698		9
2699		10
2700		6
2701		5
2702		4
2703		13
2704		5
2705		14
2706		4
2707		11
2708		5
2709		5
2710		5
2711		7
2712		5
2713		8
2714		6
2715		8
2716		9
2717		10
2718		4
2719		11
2720		9
2721		7
2722		6
2723		4
2724		11
2725		5
2726		3
2727		2
2728		9
2729		5
2730		5
2731		12
2732		3
2733		9
2734		5
2735		5
2736		11
2737		6
2738		13
2739		6
2740		9
2741		6
2742		11
2743		13
2744		8
2745		7
2746		6
2747		7
2748		8
2749		11
2750		4
2751		5
2752		8
2753		14
2754		7
2755		7
2756		6
2757		5
2758		8
2759		9
2760		7
2761		6
2762		8
2763		6
2764		5
2765		3
2766		6
2767		6
2768		4
2769		9
2770		9
2771		10
2772		4
2773		7
2774		5
2775		8
2776		5
2777		6
2778		2
2779		13
2780		6
2781		10
2782		8
2783		7
2784		8
2785		12
2786		3
2787		7
2788		6
2789		6
2790		8
2791		5
2792		7
2793		5
2794		8
2795		9
2796		6
2797		10
2798		6
2799		5
2800		8
2801		6
2802		4
2803		7
2804		6
2805		10
2806		10
2807		11
2808		2
2809		8
2810		9
2811		7
2812		8
2813		6
2814		4
2815		10
2816		5
2817		8
2818		6
2819		8
2820		7
2821		6
2822		10
2823		7
2824		7
2825		9
2826		4
2827		3
2828		6
2829		9
2830		10
2831		9
2832		6
2833		7
2834		6
2835		6
2836		9
2837		6
2838		4
2839		8
2840		8
2841		5
2842		4
2843		10
2844		5
2845		6
2846		13
2847		7
2848		2
2849		2
2850		4
2851		7
2852		8
2853		7
2854		8
2855		12
2856		8
2857		7
2858		7
2859		9
2860		9
2861		5
2862		3
2863		8
2864		5
2865		8
2866		5
2867		5
2868		6
2869		4
2870		5
2871		5
2872		6
2873		7
2874		5
2875		6
2876		8
2877		6
2878		8
2879		7
2880		5
2881		6
2882		8
2883		7
2884		8
2885		7
2886		6
2887		8
2888		9
2889		7
2890		5
2891		5
2892		9
2893		5
2894		5
2895		6
2896		3
2897		13
2898		6
2899		11
2900		5
2901		4
2902		7
2903		10
2904		5
2905		7
2906		8
2907		5
2908		8
2909		3
2910		6
2911		5
2912		8
2913		5
2914		5
2915		3
2916		6
2917		5
2918		3
2919		8
2920		7
2921		3
2922		5
2923		6
2924		6
2925		7
2926		5
2927		3
2928		7
2929		2
2930		5
2931		6
2932		13
2933		8
2934		6
2935		10
2936		4
2937		4
2938		11
2939		4
2940		6
2941		9
2942		6
2943		6
2944		2
2945		8
2946		4
2947		9
2948		7
2949		9
2950		9
2951		6
2952		9
2953		5
2954		7
2955		10
2956		4
2957		3
2958		5
2959		4
2960		3
2961		9
2962		6
2963		6
2964		8
2965		11
2966		5
2967		4
2968		3
2969		6
2970		10
2971		2
2972		2
2973		5
2974		2
2975		2
2976		9
2977		8
2978		7
2979		3
2980		7
2981		9
2982		4
2983		3
2984		6
2985		8
2986		6
2987		4
2988		4
2989		6
2990		6
2991		1
2992		6
2993		5
2994		9
2995		6
2996		4
2997		3
2998		7
2999		5
3000		10
3001		5
3002		6
3003		5
3004		2
3005		7
3006		1
3007		9
3008		7
3009		8
3010		7
3011		4
3012		7
3013		5
3014		6
3015		5
3016		4
3017		4
3018		7
3019		3
3020		6
3021		8
3022		1
3023		6
3024		7
3025		7
3026		7
3027		8
3028		7
3029		3
3030		3
3031		7
3032		10
3033		6
3034		6
3035		1
3036		7
3037		5
3038		10
3039		9
3040		5
3041		8
3042		5
3043		4
3044		3
3045		5
3046		2
3047		4
3048		5
3049		8
3050		2
3051		3
3052		4
3053		1
3054		5
3055		9
3056		5
3057		6
3058		4
3059		6
3060		6
3061		5
3062		2
3063		7
3064		3
3065		1
3066		5
3067		8
3068		6
3069		5
3070		3
3071		9
3072		3
3073		4
3074		4
3075		8
3076		10
3077		5
3078		9
3079		6
3080		1
3081		3
3082		6
3083		2
3084		4
3085		7
3086		8
3087		7
3088		6
3089		5
3090		4
3091		5
3092		4
3093		3
3094		3
3095		8
3096		4
3097		2
3098		8
3099		7
3100		4
3101		3
3102		4
3103		7
3104		4
3105		3
3106		2
3107		4
3108		7
3109		3
3110		5
3111		6
3112		7
3113		11
3114		2
3115		7
3116		8
3117		9
3118		7
3119		3
3120		5
3121		5
3122		5
3123		6
3124		6
3125		5
3126		3
3127		5
3128		3
3129		5
3130		6
3131		4
3132		7
3133		5
3134		5
3135		9
3136		5
3137		9
3138		4
3139		6
3140		3
3141		14
3142		4
3143		4
3144		10
3145		2
3146		2
3147		7
3148		3
3149		3
3150		5
3151		6
3152		2
3153		2
3154		9
3155		4
3156		3
3157		7
3158		6
3159		4
3160		5
3161		5
3162		5
3163		3
3164		5
3165		6
3166		5
3167		8
3168		8
3169		6
3170		6
3171		7
3172		2
3173		4
3174		4
3175		4
3176		3
3177		7
3178		3
3179		7
3180		7
3181		7
3182		3
3183		4
3184		5
3185		4
3186		10
3187		4
3188		5
3189		7
3190		4
3191		5
3192		6
3193		3
3194		3
3195		1
3196		3
3197		11
3198		6
3199		6
3200		6
3201		3
3202		4
3203		7
3204		3
3205		5
3206		1
3207		4
3208		6
3209		2
3210		6
3211		6
3212		4
3213		4
3214		2
3215		7
3216		4
3217		2
3218		4
3219		3
3220		7
3221		4
3222		7
3223		6
3224		1
3225		4
3226		1
3227		8
3228		6
3229		1
3230		3
3231		2
3232		3
3233		5
3234		7
3235		11
3236		2
3237		2
3238		5
3239		3
3240		5
3241		4
3242		6
3243		6
3244		5
3245		2
3246		4
3247		10
3248		4
3249		2
3250		5
3251		4
3252		4
3253		6
3254		8
3255		6
3256		1
3257		1
3258		8
3259		1
3260		5
3261		7
3262		10
3263		4
3264		5
3265		4
3266		1
3268		3
3269		4
3270		2
3271		5
3272		4
3273		8
3274		9
3275		4
3276		2
3277		5
3278		4
3279		6
3280		3
3281		3
3282		4
3283		6
3284		1
3285		3
3286		6
3287		4
3288		6
3289		4
3290		3
3291		2
3292		3
3293		5
3294		3
3295		5
3296		6
3297		2
3298		8
3299		7
3300		2
3301		4
3302		3
3303		4
3304		6
3305		2
3306		2
3307		3
3308		5
3309		5
3310		6
3311		5
3312		4
3313		2
3314		4
3315		8
3316		4
3317		4
3318		3
3319		5
3320		1
3321		3
3322		7
3323		5
3324		4
3325		5
3326		1
3327		2
3328		3
3329		4
3330		2
3331		8
3332		1
3333		3
3334		3
3335		6
3336		6
3337		5
3338		7
3339		3
3340		1
3341		6
3342		2
3343		5
3344		3
3345		3
3346		8
3347		4
3348		1
3349		4
3350		4
3351		6
3352		2
3353		2
3354		7
3355		6
3356		5
3357		6
3358		3
3359		4
3360		1
3361		9
3362		5
3363		8
3364		2
3365		2
3366		6
3367		2
3368		3
3369		5
3370		4
3371		3
3373		5
3374		2
3375		2
3376		4
3377		6
3378		10
3379		4
3380		3
3381		2
3383		3
3384		4
3385		3
3386		4
3387		3
3388		3
3389		3
3390		2
3391		1
3392		2
3393		2
3394		3
3395		1
3396		7
3397		3
3398		2
3399		6
3400		1
3401		6
3402		1
3403		4
3404		4
3405		5
3406		7
3407		6
3408		2
3409		6
3410		4
3411		4
3412		6
3413		3
3414		2
3415		8
3416		5
3417		6
3418		2
3419		4
3420		2
3421		4
3422		4
3423		4
3424		3
3425		4
3426		3
3427		2
3428		7
3429		4
3430		5
3431		7
3432		3
3434		1
3435		4
3436		1
3437		2
3438		4
3439		5
3440		5
3441		2
3442		4
3443		1
3444		5
3445		3
3448		7
3449		2
3450		5
3451		6
3452		5
3453		3
3454		3
3455		3
3456		2
3457		4
3458		4
3459		2
3460		5
3461		3
3462		5
3463		4
3464		5
3465		1
3466		4
3467		3
3468		3
3469		8
3470		4
3471		3
3473		5
3474		4
3475		9
3476		7
3477		3
3478		2
3479		4
3480		6
3481		5
3482		5
3483		4
3484		4
3485		4
3486		1
3487		1
3488		2
3489		4
3490		2
3491		5
3492		5
3493		1
3494		2
3495		4
3496		2
3497		2
3498		5
3499		3
3500		4
3501		3
3502		4
3503		4
3504		4
3505		1
3506		4
3507		4
3508		5
3509		5
3510		4
3511		3
3512		3
3513		5
3514		2
3515		1
3516		3
3517		1
3518		3
3519		4
3521		1
3522		11
3523		2
3524		2
3525		3
3526		5
3527		5
3528		3
3529		4
3530		2
3531		2
3532		2
3533		1
3534		2
3536		2
3537		3
3538		6
3539		3
3540		4
3541		8
3542		4
3543		6
3544		3
3545		1
3546		2
3547		2
3548		2
3549		8
3550		1
3551		3
3552		5
3553		2
3554		4
3555		3
3556		2
3558		5
3559		1
3560		3
3561		4
3562		5
3563		4
3564		4
3565		6
3566		1
3567		2
3568		2
3569		2
3570		5
3571		3
3572		3
3573		1
3574		3
3575		4
3576		1
3577		1
3578		3
3579		4
3580		3
3581		4
3583		3
3584		4
3585		3
3587		4
3588		3
3589		3
3590		6
3591		3
3592		5
3593		4
3595		3
3596		4
3597		3
3598		1
3599		1
3600		2
3601		4
3602		3
3603		4
3604		3
3605		3
3606		5
3607		4
3608		2
3609		2
3610		4
3611		2
3612		4
3614		3
3615		1
3616		2
3617		2
3618		3
3619		2
3620		3
3621		3
3622		6
3623		6
3624		3
3625		5
3626		5
3627		6
3628		3
3629		2
3630		2
3631		1
3632		5
3633		3
3634		3
3635		3
3636		4
3637		2
3638		3
3639		4
3640		3
3641		3
3642		3
3643		4
3644		4
3645		5
3646		1
3647		4
3648		2
3649		5
3650		1
3651		1
3652		4
3653		2
3654		5
3655		3
3656		2
3657		5
3658		1
3659		2
3660		3
3661		3
3662		4
3663		4
3664		2
3665		1
3666		4
3667		3
3668		1
3669		2
3670		2
3671		5
3672		4
3673		3
3674		2
3675		2
3676		5
3677		2
3679		2
3680		1
3681		2
3682		6
3683		5
3685		2
3686		2
3687		3
3688		2
3690		5
3692		1
3693		1
3694		2
3695		2
3696		1
3697		3
3698		2
3699		3
3700		1
3701		1
3702		7
3703		2
3704		2
3705		3
3706		5
3707		1
3708		3
3709		3
3710		2
3711		2
3712		1
3713		2
3714		1
3715		3
3716		1
3717		4
3718		4
3719		3
3720		1
3721		1
3722		1
3723		2
3724		4
3725		3
3726		3
3727		3
3728		2
3729		1
3731		3
3732		7
3733		4
3734		3
3735		3
3736		3
3737		2
3739		2
3740		4
3741		3
3743		2
3744		1
3745		2
3746		2
3747		3
3748		2
3749		2
3750		6
3751		2
3752		1
3754		4
3755		2
3756		4
3758		3
3759		2
3760		2
3761		1
3762		2
3763		2
3764		1
3765		3
3766		2
3767		3
3768		1
3769		3
3770		2
3771		3
3772		2
3773		4
3774		5
3775		4
3777		1
3778		3
3779		2
3780		1
3781		1
3782		5
3783		4
3784		1
3785		1
3787		3
3788		6
3789		2
3790		5
3791		1
3792		3
3793		3
3794		3
3795		3
3796		7
3797		3
3798		3
3799		4
3800		1
3801		2
3802		1
3803		2
3804		2
3806		1
3807		1
3808		5
3809		4
3810		3
3811		1
3812		4
3813		4
3814		4
3815		3
3816		3
3817		2
3818		6
3819		1
3820		2
3821		6
3823		2
3824		5
3825		2
3826		3
3827		1
3828		2
3829		2
3830		3
3831		3
3832		1
3833		4
3834		3
3835		2
3836		4
3837		1
3839		2
3840		1
3841		4
3842		3
3843		3
3844		5
3845		3
3846		1
3847		1
3848		4
3849		3
3850		6
3851		2
3852		2
3853		2
3854		5
3856		1
3857		1
3858		4
3859		3
3860		2
3861		1
3862		2
3863		2
3864		2
3865		1
3866		2
3867		1
3869		5
3870		4
3871		1
3872		1
3873		6
3874		3
3875		1
3876		3
3877		3
3878		6
3879		1
3880		4
3881		3
3882		1
3883		4
3884		2
3885		6
3886		2
3887		1
3889		1
3890		6
3891		1
3892		3
3893		1
3894		1
3895		5
3896		3
3897		3
3898		1
3899		1
3900		2
3901		6
3902		2
3903		3
3904		1
3905		1
3906		2
3907		2
3908		1
3909		1
3910		2
3911		1
3912		1
3913		4
3915		2
3916		3
3917		2
3918		1
3919		1
3920		1
3922		2
3924		3
3925		4
3926		3
3928		1
3929		3
3930		1
3931		2
3932		3
3933		1
3934		7
3935		1
3936		1
3937		2
3938		4
3939		1
3940		2
3941		1
3942		1
3943		1
3944		3
3945		5
3946		4
3947		1
3948		4
3949		4
3950		3
3951		3
3953		1
3955		1
3956		2
3957		2
3959		1
3960		2
3961		1
3962		3
3963		1
3964		2
3965		1
3966		1
3967		3
3968		4
3969		2
3970		2
3971		2
3972		2
3973		1
3974		2
3975		3
3976		3
3977		2
3978		7
3979		2
3980		3
3982		2
3983		5
3984		1
3985		1
3986		1
3987		2
3990		1
3991		1
3992		2
3993		7
3994		1
3995		2
3996		4
3997		1
3998		2
3999		2
4000		4
4001		5
4002		1
4003		1
4004		2
4005		2
4006		5
4008		1
4009		3
4011		1
4012		1
4013		2
4014		3
4015		1
4016		1
4017		3
4018		3
4019		1
4020		1
4021		3
4022		3
4023		2
4024		5
4025		3
4026		4
4027		3
4028		1
4029		2
4030		1
4031		2
4032		4
4033		1
4034		2
4036		1
4037		1
4038		2
4039		1
4040		2
4041		1
4042		3
4043		1
4044		3
4046		3
4047		2
4048		4
4049		4
4050		1
4051		1
4052		1
4053		3
4054		2
4056		2
4057		3
4059		3
4060		1
4061		1
4062		4
4063		1
4064		1
4065		3
4066		2
4069		2
4070		3
4071		2
4072		2
4073		1
4075		1
4076		3
4077		2
4078		2
4079		1
4080		3
4081		1
4084		1
4085		4
4086		2
4087		1
4091		3
4092		3
4093		2
4094		4
4095		2
4096		1
4097		2
4098		1
4099		1
4100		2
4101		2
4103		3
4104		1
4107		2
4108		4
4109		4
4112		1
4113		1
4114		3
4115		5
4116		5
4117		1
4119		2
4121		1
4122		2
4123		2
4124		3
4126		3
4127		1
4129		2
4130		3
4131		2
4132		2
4134		3
4136		1
4137		1
4139		4
4141		2
4142		2
4143		1
4144		1
4145		1
4147		1
4149		1
4150		2
4151		3
4152		1
4153		2
4154		3
4155		1
4156		2
4157		2
4158		2
4159		3
4160		1
4161		2
4162		2
4163		2
4164		1
4165		2
4166		2
4168		3
4170		2
4171		3
4172		2
4173		2
4174		1
4175		1
4177		1
4178		1
4179		1
4180		1
4181		2
4183		2
4185		2
4186		2
4187		2
4189		1
4190		1
4191		2
4192		2
4193		2
4194		2
4195		1
4196		5
4197		1
4198		1
4199		3
4200		2
4201		2
4202		1
4203		4
4204		2
4205		2
4206		2
4208		5
4209		1
4210		1
4211		3
4212		2
4213		1
4214		2
4215		1
4216		4
4218		1
4220		3
4221		1
4222		4
4227		3
4230		2
4235		2
4236		1
4238		2
4239		1
4240		4
4242		3
4243		2
4244		1
4245		2
4247		3
4249		1
4250		3
4251		1
4252		3
4253		1
4255		1
4256		3
4259		2
4261		1
4263		1
4264		3
4266		1
4267		4
4268		1
4269		1
4270		2
4271		1
4272		2
4274		2
4275		1
4276		2
4277		1
4278		2
4280		1
4281		1
4282		3
4283		2
4285		3
4286		2
4287		3
4289		5
4290		1
4291		1
4292		1
4293		4
4294		1
4295		2
4296		3
4297		1
4298		2
4300		1
4302		1
4303		1
4304		2
4305		2
4306		1
4307		3
4308		1
4309		2
4310		1
4311		3
4312		1
4313		1
4314		2
4316		2
4317		2
4318		2
4319		1
4320		2
4322		2
4325		2
4326		1
4327		2
4328		2
4329		2
4330		3
4331		1
4332		2
4335		4
4336		4
4337		2
4340		2
4342		1
4343		1
4345		2
4347		1
4348		2
4354		1
4355		2
4356		3
4357		1
4358		2
4359		1
4360		1
4363		3
4364		3
4365		2
4368		2
4370		1
4371		2
4373		3
4374		3
4375		1
4377		2
4378		3
4379		3
4380		1
4381		1
4382		2
4383		2
4384		2
4387		1
4389		2
4390		1
4391		2
4392		1
4394		1
4395		2
4398		3
4399		1
4400		1
4401		1
4404		1
4405		2
4406		2
4407		4
4408		1
4409		2
4410		3
4411		1
4414		1
4416		1
4418		3
4419		1
4420		2
4421		1
4423		2
4424		1
4425		1
4428		1
4429		2
4430		1
4431		3
4433		4
4435		1
4436		1
4437		2
4441		1
4442		2
4443		1
4444		2
4445		2
4446		1
4447		1
4450		4
4451		2
4452		2
4453		1
4454		2
4455		1
4456		1
4460		1
4464		2
4466		2
4470		2
4472		1
4474		1
4476		1
4477		2
4478		1
4479		1
4484		1
4486		4
4487		2
4488		1
4489		3
4490		2
4491		2
4492		3
4493		1
4494		1
4496		1
4497		1
4498		2
4501		3
4502		1
4503		3
4504		2
4505		3
4506		1
4508		1
4509		3
4510		1
4511		2
4512		1
4514		4
4515		2
4516		2
4517		1
4518		2
4519		2
4521		1
4522		3
4526		2
4528		1
4529		2
4530		1
4531		1
4532		1
4534		1
4536		2
4537		1
4539		1
4540		3
4542		1
4545		2
4549		1
4551		1
4553		1
4554		1
4555		1
4557		1
4558		2
4559		1
4560		2
4561		1
4562		1
4563		4
4564		2
4566		2
4568		2
4569		1
4570		1
4573		1
4576		2
4577		1
4581		3
4582		2
4584		4
4585		1
4586		2
4587		3
4588		1
4590		1
4593		4
4594		1
4595		3
4598		1
4599		1
4601		2
4603		1
4604		1
4607		2
4608		1
4610		3
4612		2
4613		1
4618		2
4619		2
4620		1
4622		2
4628		1
4630		1
4631		2
4632		1
4635		1
4636		1
4637		2
4638		2
4639		1
4641		3
4642		1
4643		1
4644		1
4646		2
4647		2
4648		2
4650		1
4651		1
4652		1
4656		4
4657		1
4659		1
4661		1
4665		2
4667		2
4669		2
4670		1
4674		1
4675		1
4680		3
4681		1
4682		1
4683		3
4684		1
4685		2
4687		1
4688		1
4689		2
4690		1
4691		1
4694		1
4695		2
4696		1
4699		1
4701		1
4703		1
4704		3
4706		2
4710		1
4711		1
4715		1
4716		1
4717		2
4720		1
4722		1
4723		1
4724		2
4726		1
4730		1
4731		1
4732		1
4733		1
4734		1
4737		1
4740		2
4741		1
4745		1
4747		2
4750		2
4752		2
4753		1
4754		1
4757		2
4758		3
4759		2
4760		1
4762		1
4763		2
4764		1
4766		2
4767		2
4768		2
4770		1
4772		1
4774		1
4776		1
4777		1
4778		2
4782		1
4783		1
4784		1
4786		1
4787		3
4788		2
4789		1
4793		1
4796		1
4801		1
4802		2
4805		1
4807		1
4809		1
4812		1
4813		3
4814		1
4818		1
4820		2
4822		1
4824		1
4826		1
4827		1
4831		2
4835		2
4838		1
4840		1
4846		1
4847		3
4852		2
4854		1
4857		2
4859		1
4860		1
4862		1
4865		1
4867		2
4872		1
4873		1
4875		1
4877		4
4878		2
4881		1
4882		2
4884		2
4885		1
4887		1
4889		1
4891		2
4893		3
4901		2
4904		1
4908		2
4910		1
4912		1
4913		1
4915		1
4917		1
4918		1
4922		1
4924		2
4926		1
4927		1
4928		1
4929		1
4933		1
4937		1
4938		2
4942		1
4943		1
4944		1
4946		2
4947		1
4948		3
4950		1
4951		1
4954		2
4956		1
4965		1
4975		1
4977		1
4978		1
4980		1
4986		1
4992		1
4995		1
4998		2
5003		1
5005		1
5006		1
5012		1
5015		1
5019		1
5025		1
5027		1
5029		3
5033		1
5034		1
5035		2
5036		1
5039		1
5041		1
5042		1
5043		1
5054		1
5056		1
5065		2
5067		1
5071		1
5073		1
5074		1
5078		1
5081		1
5083		1
5091		1
5099		1
5100		2
5110		2
5112		1
5115		1
5117		1
5118		1
5119		1
5121		1
5122		1
5123		1
5125		1
5130		1
5131		1
5132		1
5134		1
5135		1
5136		1
5138		1
5140		3
5141		1
5145		1
5155		1
5161		1
5165		2
5169		1
5173		1
5176		1
5183		2
5188		1
5191		1
5197		1
5203		1
5206		1
5213		1
5214		1
5216		1
5223		1
5226		1
5228		1
5236		1
5237		3
5239		1
5240		1
5243		1
5244		2
5245		1
5247		2
5260		1
5262		1
5275		1
5284		1
5287		1
5294		1
5296		1
5306		1
5314		1
5316		1
5325		1
5328		1
5329		1
5331		2
5333		1
5349		1
5352		1
5355		1
5359		1
5362		1
5364		1
5367		1
5369		2
5370		1
5375		1
5376		1
5382		1
5391		1
5395		1
5396		1
5421		2
5427		1
5431		1
5435		1
5442		1
5447		1
5449		1
5454		1
5470		1
5471		1
5472		1
5481		1
5489		1
5490		1
5492		1
5493		1
5502		1
5510		1
5516		1
5518		1
5519		1
5534		1
5539		1
5544		2
5559		1
5564		1
5566		1
5570		1
5577		1
5581		1
5586		1
5590		1
5591		1
5594		1
5604		1
5607		1
5608		1
5622		1
5674		1
5676		1
5680		1
5702		1
5727		1
5745		1
5768		1
5777		1
5788		1
5793		1
5835		1
5854		1
5890		1
5893		1
5899		1
5907		1
5909		1
5910		1
5972		1
5976		1
6053		1
6061		1
6219		1
6247		1
