Tamaños		Cantidades
1		7411670
2		1515119
3		892407
4		570322
5		395444
6		288022
7		219685
8		173221
9		141112
10		117122
11		97958
12		84252
13		73144
14		63475
15		56243
16		49643
17		44976
18		40187
19		36538
20		33103
21		30419
22		27495
23		25736
24		23598
25		21835
26		20596
27		19493
28		17754
29		16843
30		15832
31		14447
32		13932
33		12892
34		12425
35		11879
36		10920
37		10489
38		10141
39		9514
40		9217
41		8830
42		8423
43		8067
44		7680
45		7478
46		6946
47		6791
48		6445
49		6397
50		6084
51		5792
52		5437
53		5535
54		5375
55		5092
56		4880
57		4829
58		4507
59		4553
60		4233
61		4168
62		4082
63		4057
64		3870
65		3689
66		3605
67		3479
68		3447
69		3348
70		3243
71		3029
72		3013
73		2970
74		2947
75		2859
76		2750
77		2713
78		2787
79		2562
80		2502
81		2483
82		2443
83		2416
84		2367
85		2271
86		2226
87		2168
88		2172
89		2156
90		2092
91		2039
92		1936
93		1911
94		1916
95		1820
96		1847
97		1805
98		1810
99		1762
100		1753
101		1674
102		1592
103		1541
104		1562
105		1588
106		1547
107		1464
108		1440
109		1411
110		1441
111		1348
112		1379
113		1392
114		1237
115		1317
116		1308
117		1287
118		1194
119		1233
120		1227
121		1151
122		1180
123		1163
124		1087
125		1140
126		1093
127		1062
128		1082
129		1081
130		1028
131		1026
132		1058
133		985
134		1018
135		919
136		984
137		932
138		933
139		935
140		903
141		930
142		917
143		880
144		850
145		784
146		837
147		801
148		874
149		745
150		785
151		825
152		808
153		771
154		734
155		767
156		817
157		734
158		751
159		693
160		715
161		753
162		698
163		704
164		688
165		690
166		687
167		705
168		644
169		644
170		644
171		631
172		630
173		641
174		594
175		622
176		569
177		620
178		606
179		564
180		591
181		568
182		619
183		563
184		557
185		589
186		520
187		515
188		496
189		559
190		544
191		500
192		491
193		542
194		469
195		512
196		481
197		478
198		514
199		438
200		465
201		485
202		475
203		442
204		456
205		495
206		433
207		457
208		425
209		420
210		445
211		440
212		417
213		428
214		406
215		418
216		425
217		385
218		388
219		392
220		405
221		406
222		378
223		399
224		401
225		406
226		401
227		373
228		368
229		374
230		392
231		369
232		363
233		347
234		335
235		380
236		343
237		345
238		385
239		332
240		318
241		382
242		329
243		358
244		319
245		329
246		325
247		312
248		333
249		321
250		316
251		317
252		299
253		304
254		301
255		322
256		282
257		331
258		303
259		299
260		313
261		293
262		294
263		269
264		287
265		287
266		267
267		287
268		278
269		278
270		280
271		307
272		275
273		257
274		268
275		267
276		266
277		282
278		285
279		264
280		270
281		267
282		242
283		262
284		281
285		262
286		250
287		248
288		265
289		269
290		255
291		260
292		227
293		254
294		223
295		257
296		240
297		228
298		234
299		274
300		228
301		204
302		224
303		244
304		242
305		215
306		208
307		217
308		217
309		210
310		226
311		239
312		208
313		208
314		222
315		197
316		236
317		209
318		192
319		214
320		228
321		183
322		195
323		190
324		188
325		193
326		191
327		233
328		190
329		207
330		198
331		179
332		198
333		193
334		176
335		179
336		202
337		194
338		181
339		171
340		206
341		206
342		189
343		192
344		168
345		163
346		179
347		226
348		155
349		175
350		176
351		170
352		161
353		185
354		156
355		174
356		176
357		177
358		176
359		163
360		168
361		158
362		166
363		147
364		151
365		163
366		158
367		162
368		176
369		163
370		185
371		148
372		167
373		152
374		161
375		148
376		139
377		177
378		141
379		158
380		159
381		151
382		133
383		153
384		162
385		158
386		134
387		142
388		179
389		134
390		146
391		154
392		142
393		135
394		131
395		134
396		145
397		141
398		152
399		150
400		133
401		169
402		135
403		134
404		154
405		135
406		127
407		125
408		115
409		154
410		136
411		140
412		128
413		130
414		129
415		137
416		122
417		132
418		114
419		134
420		127
421		142
422		132
423		118
424		123
425		138
426		123
427		118
428		122
429		117
430		130
431		122
432		116
433		110
434		145
435		115
436		118
437		120
438		94
439		113
440		98
441		94
442		113
443		102
444		111
445		129
446		118
447		103
448		116
449		101
450		107
451		119
452		126
453		109
454		121
455		121
456		99
457		108
458		104
459		114
460		93
461		102
462		88
463		115
464		104
465		102
466		101
467		109
468		98
469		95
470		110
471		104
472		97
473		85
474		79
475		97
476		101
477		92
478		100
479		122
480		100
481		109
482		120
483		96
484		95
485		102
486		98
487		89
488		96
489		101
490		87
491		103
492		123
493		97
494		97
495		67
496		110
497		85
498		108
499		95
500		100
501		77
502		111
503		92
504		81
505		84
506		96
507		96
508		105
509		92
510		101
511		110
512		90
513		87
514		94
515		92
516		93
517		95
518		76
519		102
520		94
521		101
522		95
523		88
524		87
525		94
526		86
527		86
528		81
529		96
530		98
531		92
532		94
533		104
534		78
535		90
536		93
537		79
538		82
539		78
540		87
541		88
542		80
543		80
544		77
545		90
546		81
547		68
548		64
549		73
550		84
551		74
552		73
553		64
554		79
555		75
556		84
557		71
558		99
559		87
560		64
561		82
562		80
563		80
564		69
565		67
566		79
567		65
568		66
569		62
570		68
571		95
572		73
573		80
574		53
575		64
576		66
577		71
578		76
579		66
580		77
581		76
582		62
583		82
584		63
585		87
586		70
587		68
588		77
589		80
590		57
591		80
592		86
593		87
594		63
595		74
596		74
597		63
598		63
599		65
600		68
601		65
602		65
603		67
604		70
605		53
606		68
607		72
608		64
609		65
610		74
611		59
612		54
613		69
614		73
615		94
616		64
617		53
618		68
619		66
620		60
621		78
622		71
623		77
624		66
625		77
626		45
627		63
628		75
629		59
630		67
631		70
632		59
633		67
634		59
635		53
636		65
637		57
638		55
639		55
640		57
641		59
642		66
643		55
644		66
645		67
646		72
647		65
648		58
649		72
650		59
651		59
652		57
653		60
654		75
655		85
656		63
657		63
658		61
659		58
660		61
661		48
662		67
663		60
664		48
665		72
666		42
667		48
668		57
669		57
670		55
671		48
672		63
673		43
674		46
675		56
676		66
677		48
678		55
679		53
680		46
681		53
682		64
683		53
684		42
685		45
686		56
687		64
688		49
689		48
690		51
691		61
692		60
693		38
694		57
695		45
696		70
697		47
698		60
699		50
700		55
701		60
702		65
703		42
704		54
705		56
706		60
707		51
708		51
709		63
710		48
711		52
712		53
713		53
714		62
715		49
716		50
717		47
718		46
719		64
720		51
721		54
722		54
723		45
724		47
725		51
726		63
727		56
728		48
729		50
730		45
731		54
732		54
733		43
734		62
735		50
736		56
737		55
738		55
739		59
740		43
741		47
742		45
743		44
744		44
745		57
746		45
747		50
748		51
749		50
750		59
751		37
752		49
753		46
754		53
755		43
756		55
757		52
758		50
759		41
760		45
761		48
762		47
763		49
764		31
765		57
766		29
767		34
768		47
769		52
770		48
771		36
772		42
773		37
774		52
775		41
776		34
777		51
778		46
779		48
780		48
781		59
782		51
783		56
784		47
785		41
786		44
787		62
788		51
789		50
790		46
791		39
792		40
793		51
794		48
795		34
796		43
797		42
798		38
799		32
800		43
801		34
802		36
803		46
804		42
805		49
806		41
807		36
808		45
809		42
810		55
811		35
812		37
813		56
814		36
815		47
816		45
817		36
818		39
819		41
820		48
821		46
822		45
823		33
824		43
825		44
826		44
827		34
828		42
829		39
830		35
831		46
832		34
833		45
834		46
835		37
836		33
837		34
838		38
839		31
840		39
841		38
842		31
843		30
844		43
845		35
846		32
847		39
848		42
849		46
850		36
851		37
852		36
853		36
854		42
855		35
856		32
857		44
858		37
859		35
860		47
861		34
862		41
863		27
864		41
865		36
866		43
867		29
868		25
869		26
870		34
871		32
872		33
873		47
874		35
875		33
876		27
877		38
878		38
879		33
880		30
881		24
882		28
883		39
884		28
885		36
886		30
887		43
888		33
889		41
890		37
891		42
892		31
893		30
894		21
895		30
896		39
897		31
898		36
899		31
900		36
901		35
902		33
903		27
904		35
905		27
906		33
907		29
908		40
909		32
910		33
911		29
912		28
913		44
914		37
915		34
916		33
917		31
918		25
919		27
920		38
921		31
922		31
923		29
924		27
925		25
926		33
927		36
928		45
929		43
930		35
931		27
932		26
933		19
934		34
935		41
936		52
937		25
938		29
939		33
940		30
941		42
942		31
943		23
944		38
945		39
946		35
947		32
948		33
949		27
950		39
951		26
952		29
953		31
954		34
955		31
956		32
957		42
958		24
959		27
960		22
961		34
962		44
963		33
964		43
965		27
966		29
967		31
968		20
969		32
970		36
971		25
972		27
973		27
974		29
975		27
976		23
977		36
978		35
979		26
980		25
981		37
982		34
983		36
984		37
985		27
986		33
987		38
988		32
989		33
990		25
991		20
992		21
993		23
994		34
995		36
996		39
997		34
998		26
999		38
1000		31
1001		30
1002		38
1003		29
1004		30
1005		34
1006		33
1007		23
1008		15
1009		32
1010		39
1011		30
1012		31
1013		30
1014		25
1015		24
1016		23
1017		32
1018		36
1019		20
1020		31
1021		23
1022		33
1023		26
1024		21
1025		36
1026		33
1027		27
1028		23
1029		27
1030		27
1031		34
1032		32
1033		26
1034		26
1035		24
1036		23
1037		26
1038		26
1039		34
1040		19
1041		18
1042		30
1043		33
1044		23
1045		16
1046		28
1047		25
1048		27
1049		22
1050		22
1051		38
1052		22
1053		20
1054		34
1055		21
1056		21
1057		22
1058		24
1059		27
1060		30
1061		18
1062		26
1063		21
1064		29
1065		26
1066		27
1067		30
1068		24
1069		16
1070		31
1071		39
1072		35
1073		23
1074		20
1075		22
1076		32
1077		30
1078		25
1079		23
1080		22
1081		32
1082		31
1083		28
1084		21
1085		27
1086		24
1087		33
1088		32
1089		22
1090		20
1091		28
1092		21
1093		32
1094		22
1095		22
1096		28
1097		31
1098		30
1099		28
1100		20
1101		22
1102		25
1103		25
1104		26
1105		32
1106		27
1107		15
1108		31
1109		25
1110		19
1111		21
1112		28
1113		29
1114		23
1115		19
1116		31
1117		22
1118		27
1119		20
1120		21
1121		28
1122		19
1123		31
1124		22
1125		23
1126		20
1127		25
1128		26
1129		28
1130		29
1131		24
1132		24
1133		12
1134		32
1135		30
1136		22
1137		22
1138		22
1139		27
1140		18
1141		22
1142		24
1143		23
1144		29
1145		18
1146		21
1147		29
1148		23
1149		23
1150		20
1151		23
1152		27
1153		15
1154		21
1155		22
1156		12
1157		29
1158		16
1159		28
1160		31
1161		26
1162		28
1163		27
1164		15
1165		17
1166		22
1167		25
1168		16
1169		15
1170		23
1171		29
1172		25
1173		18
1174		22
1175		21
1176		16
1177		21
1178		26
1179		22
1180		21
1181		12
1182		20
1183		20
1184		19
1185		24
1186		30
1187		23
1188		21
1189		21
1190		20
1191		33
1192		20
1193		20
1194		22
1195		23
1196		20
1197		26
1198		23
1199		18
1200		22
1201		24
1202		13
1203		23
1204		22
1205		23
1206		18
1207		23
1208		20
1209		21
1210		29
1211		23
1212		18
1213		17
1214		20
1215		22
1216		19
1217		28
1218		18
1219		20
1220		18
1221		24
1222		21
1223		17
1224		20
1225		24
1226		18
1227		17
1228		22
1229		24
1230		16
1231		22
1232		22
1233		17
1234		15
1235		14
1236		25
1237		21
1238		25
1239		18
1240		36
1241		14
1242		27
1243		17
1244		22
1245		24
1246		10
1247		17
1248		23
1249		20
1250		22
1251		22
1252		16
1253		25
1254		22
1255		22
1256		22
1257		26
1258		24
1259		17
1260		24
1261		15
1262		20
1263		20
1264		14
1265		17
1266		12
1267		19
1268		20
1269		23
1270		17
1271		20
1272		15
1273		12
1274		16
1275		27
1276		22
1277		19
1278		19
1279		22
1280		26
1281		18
1282		15
1283		24
1284		17
1285		15
1286		21
1287		19
1288		15
1289		22
1290		20
1291		21
1292		21
1293		20
1294		24
1295		16
1296		14
1297		30
1298		24
1299		14
1300		11
1301		21
1302		18
1303		17
1304		24
1305		19
1306		18
1307		29
1308		23
1309		17
1310		16
1311		18
1312		17
1313		15
1314		30
1315		13
1316		18
1317		13
1318		13
1319		20
1320		11
1321		16
1322		27
1323		17
1324		18
1325		22
1326		19
1327		24
1328		19
1329		16
1330		23
1331		16
1332		23
1333		14
1334		23
1335		19
1336		22
1337		18
1338		14
1339		23
1340		15
1341		26
1342		11
1343		17
1344		18
1345		13
1346		24
1347		24
1348		17
1349		13
1350		18
1351		18
1352		14
1353		20
1354		16
1355		17
1356		22
1357		17
1358		18
1359		28
1360		18
1361		17
1362		18
1363		22
1364		20
1365		16
1366		18
1367		13
1368		17
1369		14
1370		20
1371		18
1372		14
1373		18
1374		18
1375		14
1376		25
1377		20
1378		23
1379		9
1380		16
1381		24
1382		16
1383		13
1384		15
1385		25
1386		10
1387		12
1388		13
1389		9
1390		14
1391		20
1392		12
1393		16
1394		9
1395		15
1396		7
1397		19
1398		17
1399		23
1400		20
1401		13
1402		18
1403		12
1404		12
1405		14
1406		19
1407		16
1408		22
1409		10
1410		16
1411		13
1412		16
1413		18
1414		16
1415		13
1416		19
1417		23
1418		17
1419		20
1420		21
1421		17
1422		17
1423		26
1424		22
1425		18
1426		20
1427		25
1428		13
1429		23
1430		21
1431		18
1432		16
1433		13
1434		23
1435		12
1436		12
1437		15
1438		17
1439		11
1440		18
1441		16
1442		13
1443		13
1444		19
1445		21
1446		18
1447		18
1448		22
1449		20
1450		16
1451		17
1452		14
1453		21
1454		19
1455		12
1456		14
1457		16
1458		20
1459		19
1460		19
1461		16
1462		21
1463		15
1464		15
1465		17
1466		26
1467		14
1468		17
1469		10
1470		17
1471		13
1472		13
1473		15
1474		11
1475		14
1476		13
1477		17
1478		18
1479		14
1480		19
1481		21
1482		11
1483		20
1484		12
1485		19
1486		13
1487		14
1488		18
1489		27
1490		15
1491		11
1492		20
1493		20
1494		18
1495		16
1496		14
1497		20
1498		17
1499		11
1500		12
1501		15
1502		14
1503		18
1504		15
1505		8
1506		10
1507		14
1508		15
1509		21
1510		19
1511		16
1512		16
1513		23
1514		16
1515		14
1516		6
1517		19
1518		15
1519		16
1520		17
1521		16
1522		13
1523		15
1524		14
1525		16
1526		12
1527		14
1528		17
1529		19
1530		7
1531		14
1532		13
1533		11
1534		11
1535		17
1536		11
1537		15
1538		8
1539		24
1540		18
1541		11
1542		12
1543		11
1544		15
1545		11
1546		22
1547		17
1548		14
1549		15
1550		10
1551		15
1552		16
1553		13
1554		15
1555		11
1556		10
1557		12
1558		8
1559		16
1560		16
1561		13
1562		17
1563		16
1564		12
1565		15
1566		15
1567		15
1568		15
1569		9
1570		21
1571		11
1572		21
1573		11
1574		10
1575		22
1576		17
1577		10
1578		13
1579		7
1580		17
1581		12
1582		10
1583		10
1584		8
1585		9
1586		5
1587		18
1588		12
1589		10
1590		18
1591		11
1592		14
1593		16
1594		17
1595		5
1596		10
1597		13
1598		9
1599		9
1600		7
1601		18
1602		11
1603		20
1604		13
1605		10
1606		9
1607		15
1608		14
1609		13
1610		7
1611		10
1612		12
1613		13
1614		20
1615		15
1616		16
1617		14
1618		10
1619		15
1620		12
1621		7
1622		13
1623		8
1624		6
1625		17
1626		12
1627		13
1628		14
1629		18
1630		20
1631		14
1632		12
1633		11
1634		11
1635		12
1636		11
1637		17
1638		15
1639		13
1640		15
1641		11
1642		7
1643		14
1644		13
1645		7
1646		15
1647		12
1648		9
1649		11
1650		11
1651		15
1652		18
1653		13
1654		14
1655		12
1656		14
1657		17
1658		7
1659		21
1660		14
1661		15
1662		15
1663		16
1664		14
1665		10
1666		11
1667		18
1668		17
1669		8
1670		9
1671		12
1672		22
1673		17
1674		14
1675		17
1676		15
1677		17
1678		14
1679		15
1680		13
1681		19
1682		18
1683		14
1684		10
1685		13
1686		10
1687		11
1688		13
1689		15
1690		8
1691		14
1692		16
1693		7
1694		11
1695		11
1696		6
1697		12
1698		11
1699		15
1700		19
1701		13
1702		14
1703		13
1704		11
1705		11
1706		18
1707		20
1708		11
1709		13
1710		8
1711		15
1712		17
1713		10
1714		11
1715		13
1716		14
1717		17
1718		10
1719		13
1720		10
1721		13
1722		9
1723		10
1724		15
1725		15
1726		15
1727		11
1728		13
1729		14
1730		13
1731		13
1732		7
1733		12
1734		11
1735		10
1736		10
1737		10
1738		8
1739		7
1740		10
1741		7
1742		9
1743		8
1744		14
1745		10
1746		15
1747		10
1748		9
1749		18
1750		11
1751		13
1752		12
1753		12
1754		15
1755		5
1756		10
1757		9
1758		13
1759		13
1760		12
1761		9
1762		11
1763		13
1764		13
1765		17
1766		8
1767		7
1768		8
1769		14
1770		9
1771		12
1772		14
1773		16
1774		16
1775		9
1776		14
1777		13
1778		3
1779		13
1780		11
1781		12
1782		10
1783		10
1784		13
1785		12
1786		15
1787		13
1788		12
1789		10
1790		14
1791		15
1792		18
1793		16
1794		8
1795		7
1796		16
1797		12
1798		4
1799		14
1800		18
1801		9
1802		4
1803		11
1804		7
1805		10
1806		12
1807		14
1808		11
1809		14
1810		20
1811		9
1812		14
1813		20
1814		9
1815		7
1816		5
1817		6
1818		6
1819		14
1820		9
1821		12
1822		19
1823		13
1824		6
1825		5
1826		12
1827		15
1828		14
1829		17
1830		11
1831		12
1832		10
1833		14
1834		12
1835		14
1836		7
1837		11
1838		8
1839		11
1840		12
1841		11
1842		4
1843		11
1844		8
1845		8
1846		14
1847		7
1848		11
1849		9
1850		17
1851		10
1852		8
1853		8
1854		13
1855		5
1856		14
1857		11
1858		6
1859		9
1860		9
1861		14
1862		10
1863		19
1864		11
1865		13
1866		11
1867		8
1868		16
1869		9
1870		15
1871		5
1872		10
1873		13
1874		13
1875		8
1876		13
1877		20
1878		16
1879		11
1880		8
1881		12
1882		8
1883		14
1884		11
1885		7
1886		11
1887		13
1888		6
1889		6
1890		11
1891		16
1892		14
1893		10
1894		10
1895		10
1896		6
1897		13
1898		13
1899		12
1900		13
1901		14
1902		5
1903		14
1904		11
1905		10
1906		12
1907		8
1908		6
1909		6
1910		11
1911		9
1912		8
1913		9
1914		8
1915		9
1916		12
1917		11
1918		7
1919		10
1920		8
1921		8
1922		9
1923		10
1924		12
1925		9
1926		6
1927		8
1928		14
1929		8
1930		7
1931		7
1932		9
1933		5
1934		15
1935		5
1936		17
1937		7
1938		13
1939		10
1940		11
1941		9
1942		6
1943		3
1944		9
1945		7
1946		7
1947		10
1948		16
1949		8
1950		9
1951		6
1952		7
1953		13
1954		6
1955		10
1956		4
1957		7
1958		8
1959		8
1960		8
1961		16
1962		9
1963		14
1964		7
1965		10
1966		8
1967		11
1968		10
1969		7
1970		13
1971		10
1972		10
1973		16
1974		11
1975		9
1976		8
1977		8
1978		10
1979		7
1980		6
1981		12
1982		6
1983		11
1984		11
1985		9
1986		7
1987		13
1988		6
1989		11
1990		7
1991		11
1992		12
1993		10
1994		9
1995		8
1996		11
1997		6
1998		10
1999		11
2000		14
2001		2
2002		11
2003		10
2004		12
2005		9
2006		15
2007		5
2008		14
2009		11
2010		9
2011		8
2012		16
2013		5
2014		10
2015		10
2016		7
2017		11
2018		12
2019		10
2020		12
2021		11
2022		11
2023		11
2024		8
2025		9
2026		14
2027		6
2028		10
2029		8
2030		7
2031		11
2032		9
2033		13
2034		7
2035		6
2036		12
2037		15
2038		11
2039		15
2040		4
2041		6
2042		8
2043		7
2044		14
2045		10
2046		9
2047		6
2048		4
2049		7
2050		5
2051		9
2052		6
2053		7
2054		10
2055		12
2056		6
2057		10
2058		11
2059		7
2060		7
2061		10
2062		5
2063		10
2064		15
2065		6
2066		6
2067		6
2068		9
2069		8
2070		15
2071		13
2072		9
2073		8
2074		9
2075		7
2076		11
2077		8
2078		3
2079		10
2080		7
2081		10
2082		7
2083		9
2084		10
2085		7
2086		12
2087		4
2088		9
2089		4
2090		15
2091		13
2092		11
2093		8
2094		7
2095		15
2096		9
2097		8
2098		7
2099		9
2100		12
2101		8
2102		16
2103		15
2104		6
2105		9
2106		7
2107		13
2108		13
2109		6
2110		12
2111		7
2112		5
2113		17
2114		7
2115		10
2116		15
2117		8
2118		10
2119		13
2120		10
2121		12
2122		9
2123		6
2124		10
2125		7
2126		10
2127		9
2128		13
2129		8
2130		5
2131		10
2132		10
2133		5
2134		6
2135		4
2136		7
2137		10
2138		13
2139		6
2140		9
2141		9
2142		12
2143		6
2144		5
2145		9
2146		6
2147		3
2148		4
2149		12
2150		9
2151		11
2152		8
2153		12
2154		14
2155		11
2156		12
2157		11
2158		5
2159		11
2160		4
2161		9
2162		3
2163		7
2164		7
2165		10
2166		5
2167		15
2168		9
2169		8
2170		9
2171		14
2172		7
2173		9
2174		8
2175		9
2176		8
2177		8
2178		6
2179		4
2180		5
2181		5
2182		4
2183		10
2184		10
2185		6
2186		11
2187		11
2188		5
2189		10
2190		7
2191		10
2192		12
2193		10
2194		8
2195		7
2196		5
2197		5
2198		6
2199		7
2200		10
2201		8
2202		11
2203		7
2204		8
2205		14
2206		4
2207		7
2208		4
2209		8
2210		7
2211		7
2212		10
2213		6
2214		5
2215		4
2216		3
2217		5
2218		10
2219		9
2220		11
2221		8
2222		5
2223		5
2224		7
2225		8
2226		2
2227		11
2228		10
2229		8
2230		4
2231		6
2232		8
2233		7
2234		3
2235		7
2236		9
2237		5
2238		6
2239		12
2240		10
2241		7
2242		9
2243		11
2244		8
2245		8
2246		4
2247		1
2248		9
2249		6
2250		11
2251		3
2252		14
2253		9
2254		7
2255		10
2256		7
2257		8
2258		8
2259		6
2260		9
2261		8
2262		7
2263		2
2264		5
2265		5
2266		9
2267		7
2268		6
2269		3
2270		9
2271		4
2272		9
2273		8
2274		10
2275		6
2276		5
2277		10
2278		8
2279		9
2280		3
2281		3
2282		7
2283		11
2284		4
2285		10
2286		10
2287		9
2288		9
2289		12
2290		8
2291		5
2292		7
2293		10
2294		10
2295		11
2296		10
2297		9
2298		7
2299		6
2300		9
2301		13
2302		13
2303		3
2304		6
2305		8
2306		8
2307		7
2308		10
2309		4
2310		13
2311		6
2312		7
2313		8
2314		10
2315		8
2316		5
2317		8
2318		5
2319		8
2320		7
2321		7
2322		7
2323		7
2324		7
2325		9
2326		5
2327		2
2328		11
2329		5
2330		9
2331		8
2332		13
2333		5
2334		8
2335		5
2336		7
2337		11
2338		7
2339		7
2340		10
2341		2
2342		4
2343		11
2344		7
2345		11
2346		6
2347		7
2348		8
2349		7
2350		7
2351		9
2352		9
2353		3
2354		10
2355		6
2356		8
2357		1
2358		7
2359		5
2360		8
2361		9
2362		7
2363		10
2364		9
2365		5
2366		2
2367		11
2368		9
2369		9
2370		3
2371		11
2372		9
2373		5
2374		5
2375		7
2376		1
2377		7
2378		3
2379		5
2380		5
2381		9
2382		8
2383		4
2384		8
2385		6
2386		2
2387		10
2388		4
2389		2
2390		5
2391		5
2392		4
2393		2
2394		5
2395		7
2396		7
2397		4
2398		8
2399		4
2400		11
2401		9
2402		13
2403		9
2404		11
2405		5
2406		7
2407		6
2408		5
2409		5
2410		5
2411		1
2412		5
2413		5
2414		8
2415		3
2416		3
2417		8
2418		11
2419		7
2420		5
2421		4
2422		7
2423		6
2424		1
2425		5
2426		18
2427		9
2428		8
2429		5
2430		6
2431		7
2432		7
2433		7
2434		3
2435		10
2436		14
2437		8
2438		8
2439		9
2440		9
2441		8
2442		5
2443		9
2444		9
2445		11
2446		11
2447		9
2448		10
2449		8
2450		5
2451		7
2452		8
2453		6
2454		4
2455		6
2456		5
2457		3
2458		2
2460		5
2461		4
2462		3
2463		8
2464		11
2465		9
2466		10
2467		4
2468		8
2469		7
2470		5
2471		10
2472		4
2473		3
2474		4
2475		7
2476		8
2477		8
2478		5
2479		5
2480		4
2481		10
2482		11
2483		11
2484		12
2485		9
2486		9
2487		8
2488		4
2489		7
2490		11
2491		8
2492		8
2493		7
2494		9
2495		6
2496		8
2497		8
2498		11
2499		9
2500		2
2501		4
2502		3
2503		9
2504		6
2505		5
2506		7
2507		5
2508		5
2509		6
2510		5
2511		11
2512		6
2513		6
2514		3
2515		11
2516		8
2517		4
2518		4
2519		4
2520		9
2521		7
2522		5
2523		10
2524		3
2525		5
2526		8
2527		4
2528		11
2529		8
2530		5
2531		10
2532		11
2533		3
2534		7
2535		7
2536		5
2537		9
2538		8
2539		11
2540		4
2541		7
2542		2
2543		4
2544		4
2545		10
2546		6
2547		9
2548		10
2549		8
2550		6
2551		10
2552		6
2553		6
2554		5
2555		3
2556		4
2557		9
2558		6
2559		4
2560		6
2561		5
2562		2
2563		2
2564		6
2565		9
2566		7
2567		6
2568		7
2569		9
2570		5
2571		5
2572		5
2573		5
2574		6
2575		8
2576		12
2577		4
2578		6
2579		5
2580		8
2581		3
2582		5
2583		5
2584		12
2585		2
2586		8
2587		8
2588		5
2589		9
2590		11
2591		7
2592		4
2593		7
2594		9
2595		6
2596		5
2597		11
2598		6
2599		7
2600		6
2601		6
2602		5
2603		8
2604		5
2605		3
2606		8
2607		6
2608		8
2609		5
2610		3
2611		8
2612		8
2613		3
2614		4
2615		5
2616		9
2617		4
2618		2
2619		4
2620		9
2621		6
2622		7
2623		4
2624		2
2625		9
2626		6
2627		7
2628		4
2629		7
2630		7
2631		7
2632		7
2633		3
2634		8
2635		3
2636		5
2637		3
2638		10
2639		5
2640		3
2641		5
2642		6
2643		3
2644		8
2645		2
2646		3
2647		7
2648		8
2649		2
2650		1
2651		9
2652		4
2653		3
2654		3
2655		7
2656		5
2657		6
2658		7
2659		3
2660		7
2661		3
2662		7
2663		5
2664		5
2665		11
2666		7
2667		6
2669		6
2670		3
2671		7
2672		11
2673		12
2674		8
2675		5
2676		10
2677		7
2678		10
2679		7
2680		3
2681		10
2682		4
2683		4
2684		5
2685		1
2686		6
2687		7
2688		8
2689		2
2690		9
2691		9
2692		6
2693		5
2694		8
2695		7
2696		6
2697		3
2698		2
2699		5
2700		9
2701		6
2702		8
2703		9
2704		4
2705		5
2706		6
2707		4
2708		5
2709		4
2710		7
2711		10
2712		5
2713		2
2714		3
2715		3
2716		9
2717		8
2718		7
2719		5
2720		5
2721		7
2722		5
2723		6
2724		3
2725		10
2726		2
2727		9
2728		3
2729		6
2730		4
2731		6
2732		4
2733		4
2734		3
2735		9
2736		3
2737		5
2738		2
2739		4
2740		3
2741		5
2742		2
2743		9
2744		5
2745		8
2746		7
2747		6
2748		6
2749		6
2751		8
2752		8
2753		6
2754		5
2755		4
2756		5
2757		5
2758		9
2759		4
2760		1
2761		5
2762		9
2763		3
2764		4
2765		2
2766		7
2767		6
2768		6
2769		5
2770		8
2771		4
2772		3
2773		6
2774		5
2775		4
2776		2
2777		7
2778		3
2779		5
2780		2
2781		6
2782		2
2783		2
2784		8
2785		8
2786		8
2787		7
2788		7
2789		6
2790		3
2791		13
2792		2
2793		9
2794		4
2795		2
2796		6
2797		3
2798		5
2799		7
2800		7
2801		6
2802		4
2803		6
2804		5
2805		5
2806		8
2807		4
2808		3
2809		6
2810		9
2811		4
2812		9
2813		4
2814		2
2815		10
2816		6
2817		5
2818		9
2819		7
2820		4
2821		3
2822		9
2823		4
2824		6
2825		10
2826		1
2827		10
2828		3
2829		8
2830		5
2831		5
2832		5
2833		7
2834		4
2835		3
2836		8
2837		5
2838		7
2839		13
2840		6
2841		5
2842		4
2843		8
2844		6
2845		9
2846		8
2847		8
2848		5
2849		2
2850		7
2851		6
2852		8
2853		7
2854		3
2855		7
2856		5
2857		3
2858		8
2859		5
2860		10
2861		3
2862		6
2863		7
2864		7
2865		10
2866		6
2867		3
2868		3
2869		3
2870		6
2871		7
2872		3
2873		9
2874		4
2875		5
2876		7
2877		3
2878		2
2879		8
2880		4
2881		4
2882		6
2883		2
2884		7
2885		6
2886		5
2887		3
2888		6
2889		8
2890		5
2891		3
2892		2
2893		2
2894		5
2895		1
2896		3
2897		6
2898		4
2899		3
2900		2
2901		6
2902		4
2903		5
2904		2
2905		7
2906		8
2907		10
2908		5
2909		4
2910		6
2911		7
2912		3
2913		6
2914		5
2915		7
2916		7
2917		2
2918		7
2919		4
2920		3
2921		4
2922		5
2923		3
2924		4
2925		9
2926		5
2927		4
2928		5
2929		1
2930		4
2931		3
2932		5
2933		4
2934		2
2935		5
2936		7
2937		8
2938		8
2939		5
2940		6
2941		6
2942		9
2943		7
2944		6
2945		5
2946		2
2947		2
2948		4
2949		8
2950		1
2951		5
2952		5
2953		2
2954		7
2955		6
2956		8
2957		4
2958		4
2959		6
2960		5
2961		3
2962		3
2963		4
2964		9
2965		4
2966		4
2967		6
2968		3
2969		6
2970		5
2971		4
2972		5
2973		5
2974		3
2975		5
2976		2
2977		5
2978		11
2979		5
2980		3
2981		5
2982		5
2983		3
2984		2
2985		3
2986		6
2987		4
2988		5
2989		5
2990		1
2991		10
2992		7
2993		7
2994		6
2995		4
2996		9
2997		3
2998		5
2999		3
3000		5
3001		3
3002		4
3003		9
3004		4
3005		4
3006		4
3007		5
3008		2
3009		4
3010		9
3011		5
3012		3
3013		7
3014		7
3015		4
3016		6
3017		7
3018		3
3019		7
3020		6
3021		3
3022		8
3023		2
3024		6
3025		9
3026		4
3027		6
3028		4
3029		5
3030		1
3031		1
3032		4
3033		4
3034		3
3035		6
3036		3
3037		3
3038		4
3039		7
3040		7
3041		5
3042		5
3043		6
3044		5
3045		2
3046		1
3047		3
3048		2
3049		8
3050		2
3051		7
3052		5
3053		5
3054		6
3055		8
3056		2
3057		4
3058		4
3059		4
3060		4
3061		3
3062		4
3063		7
3064		5
3065		4
3066		5
3067		5
3068		5
3069		5
3070		4
3071		4
3072		5
3073		2
3074		10
3075		6
3076		6
3077		3
3078		6
3079		5
3080		5
3081		1
3082		7
3083		7
3084		7
3085		5
3086		3
3087		3
3088		4
3089		9
3090		5
3091		1
3092		5
3093		2
3094		7
3095		5
3096		7
3097		3
3098		10
3099		3
3100		2
3101		4
3102		9
3103		8
3104		5
3105		4
3106		4
3107		7
3108		7
3109		6
3110		4
3111		3
3112		10
3113		1
3114		3
3115		7
3116		8
3117		7
3118		6
3119		6
3120		3
3121		6
3122		4
3123		3
3124		5
3125		3
3126		4
3127		3
3128		8
3129		3
3130		4
3131		6
3132		5
3133		5
3134		4
3135		3
3136		6
3137		10
3138		5
3139		1
3140		8
3141		3
3142		4
3143		1
3144		3
3145		5
3146		3
3147		5
3148		6
3149		4
3150		3
3151		3
3152		5
3153		4
3154		4
3155		9
3156		5
3157		2
3158		5
3159		2
3160		2
3161		5
3162		3
3163		4
3164		2
3165		3
3166		3
3168		3
3169		3
3170		8
3171		8
3172		8
3173		4
3174		3
3175		3
3176		4
3177		2
3178		7
3179		6
3180		7
3181		5
3182		8
3183		4
3184		4
3185		2
3186		8
3187		5
3188		2
3189		7
3190		6
3191		4
3192		9
3193		2
3194		3
3195		5
3196		8
3197		6
3198		9
3199		5
3200		8
3201		6
3202		4
3203		4
3204		10
3205		2
3206		1
3207		8
3208		3
3209		7
3210		8
3211		8
3212		2
3213		5
3214		4
3215		4
3216		10
3217		4
3218		10
3219		6
3220		5
3221		5
3222		2
3223		4
3224		3
3225		6
3226		3
3227		7
3228		7
3229		7
3230		1
3231		2
3232		5
3233		2
3234		8
3235		4
3236		3
3237		4
3238		1
3239		3
3240		7
3241		3
3242		4
3243		7
3244		5
3245		8
3246		3
3247		5
3248		4
3249		5
3250		6
3251		2
3252		4
3253		6
3254		4
3255		5
3256		6
3257		4
3258		9
3259		6
3260		6
3261		5
3262		6
3263		4
3264		6
3265		2
3266		3
3267		3
3268		5
3269		9
3270		7
3271		7
3272		4
3273		4
3274		5
3275		5
3276		2
3277		5
3278		5
3279		7
3280		3
3281		4
3282		5
3283		4
3284		8
3285		7
3286		9
3287		6
3288		8
3289		2
3290		2
3291		3
3292		3
3293		5
3294		6
3295		4
3296		4
3297		7
3298		4
3299		6
3300		5
3301		6
3302		1
3303		4
3304		5
3305		6
3306		1
3307		4
3308		2
3309		6
3310		5
3311		6
3312		6
3313		3
3314		2
3315		4
3316		4
3317		7
3318		5
3319		2
3320		3
3321		1
3322		4
3323		3
3324		3
3325		4
3326		6
3327		5
3328		5
3329		2
3330		8
3331		3
3332		9
3334		1
3335		7
3336		7
3337		4
3338		5
3339		3
3340		2
3341		3
3342		5
3343		3
3344		6
3345		8
3346		3
3347		4
3348		2
3349		7
3350		1
3351		1
3352		1
3353		4
3354		6
3355		3
3356		6
3357		5
3358		4
3359		5
3360		2
3361		5
3362		8
3363		2
3365		4
3366		5
3367		6
3368		6
3369		3
3370		6
3371		5
3372		3
3373		3
3374		6
3375		7
3376		4
3377		4
3378		7
3379		3
3380		6
3381		7
3382		3
3384		8
3385		4
3386		3
3387		4
3388		2
3389		8
3390		2
3391		5
3392		2
3393		4
3394		5
3395		10
3396		6
3397		6
3398		4
3399		3
3400		4
3401		6
3402		4
3403		5
3404		3
3405		7
3406		5
3407		4
3408		3
3409		2
3410		2
3411		3
3412		2
3413		5
3414		8
3415		1
3416		1
3417		5
3419		4
3420		5
3421		7
3422		9
3423		2
3424		5
3425		6
3426		7
3427		2
3428		5
3429		4
3430		6
3431		9
3432		3
3433		4
3434		5
3435		5
3436		3
3437		4
3438		5
3439		3
3440		4
3441		2
3442		5
3443		2
3444		8
3445		3
3446		6
3447		4
3448		5
3449		4
3450		2
3451		5
3452		3
3454		3
3455		1
3456		3
3457		3
3458		6
3459		7
3460		4
3461		5
3462		3
3463		2
3464		4
3465		2
3466		3
3467		2
3468		2
3469		3
3470		4
3471		4
3472		8
3473		4
3474		3
3475		3
3476		3
3477		4
3478		1
3479		2
3480		4
3481		4
3482		5
3483		7
3484		4
3485		7
3486		3
3487		7
3488		2
3489		1
3490		2
3491		7
3492		5
3493		5
3494		5
3495		5
3496		4
3497		4
3498		3
3499		4
3500		2
3501		4
3502		5
3503		4
3504		4
3505		3
3506		9
3507		3
3508		5
3509		2
3510		4
3511		6
3512		7
3513		6
3514		4
3515		3
3516		3
3517		1
3518		4
3519		3
3520		7
3521		4
3522		5
3523		4
3524		3
3525		4
3526		8
3527		4
3528		4
3529		5
3530		2
3531		9
3532		3
3533		6
3534		1
3535		2
3536		3
3537		3
3538		6
3539		5
3540		4
3541		2
3542		7
3543		4
3544		3
3545		6
3546		4
3547		5
3548		3
3549		7
3550		4
3551		6
3552		2
3553		3
3554		1
3555		1
3556		7
3557		3
3558		7
3559		2
3560		4
3561		6
3563		3
3564		5
3565		3
3566		6
3567		5
3568		2
3569		2
3570		5
3571		3
3572		5
3573		2
3574		1
3575		5
3576		6
3577		2
3578		10
3579		4
3580		4
3581		2
3582		5
3583		1
3584		3
3585		3
3586		5
3587		5
3588		6
3590		4
3591		3
3592		3
3593		1
3594		7
3595		3
3596		4
3597		8
3598		2
3599		2
3600		3
3601		7
3602		4
3603		4
3604		4
3605		5
3606		6
3607		6
3608		3
3609		3
3610		3
3611		2
3612		6
3613		4
3614		6
3615		7
3616		3
3617		2
3618		4
3619		1
3620		3
3621		2
3622		8
3623		8
3624		2
3625		3
3626		1
3627		2
3628		4
3629		6
3630		6
3631		1
3632		5
3633		6
3634		4
3635		6
3636		5
3637		5
3638		7
3639		6
3640		2
3641		1
3642		1
3643		4
3644		8
3645		3
3646		5
3647		3
3648		3
3649		3
3650		4
3651		8
3652		2
3653		2
3654		6
3656		3
3657		3
3658		5
3659		7
3660		7
3661		1
3662		4
3663		1
3664		5
3665		6
3666		9
3667		5
3668		4
3669		1
3670		3
3671		1
3672		4
3673		1
3674		6
3675		6
3676		2
3677		7
3678		2
3679		3
3680		3
3681		1
3682		6
3683		5
3684		3
3685		5
3686		2
3687		4
3688		2
3689		7
3690		3
3691		5
3692		5
3693		5
3694		3
3695		8
3696		5
3697		5
3698		5
3699		3
3700		2
3701		6
3703		1
3704		1
3705		2
3706		2
3707		4
3708		1
3709		1
3710		2
3711		5
3712		2
3713		4
3714		1
3715		1
3716		5
3717		2
3718		4
3719		6
3720		3
3721		3
3722		3
3723		3
3724		1
3725		5
3726		5
3727		3
3728		3
3729		4
3730		4
3731		3
3732		4
3733		6
3734		2
3735		6
3736		5
3737		2
3738		4
3739		3
3740		2
3741		3
3742		4
3743		4
3744		2
3745		4
3746		2
3747		2
3748		4
3749		3
3750		4
3751		3
3752		2
3753		6
3754		3
3755		5
3756		3
3757		5
3758		2
3759		3
3760		3
3761		7
3762		5
3764		5
3765		7
3766		2
3767		5
3769		3
3770		3
3771		2
3772		5
3774		7
3775		5
3776		2
3777		3
3779		4
3780		4
3781		4
3782		1
3783		2
3784		2
3785		2
3786		1
3787		4
3788		2
3789		3
3790		3
3791		3
3792		2
3793		5
3794		4
3795		5
3796		1
3797		3
3798		1
3799		1
3800		3
3801		3
3802		4
3803		1
3804		3
3805		4
3806		6
3807		3
3808		1
3810		2
3811		3
3812		2
3813		3
3814		2
3815		4
3816		4
3817		2
3818		6
3819		7
3820		1
3821		5
3822		5
3823		2
3824		4
3825		2
3826		9
3827		4
3828		2
3829		2
3830		4
3831		4
3832		3
3833		4
3835		6
3836		3
3837		2
3838		4
3839		2
3840		2
3841		5
3842		4
3843		3
3844		4
3845		4
3846		1
3847		2
3848		5
3850		6
3851		5
3852		2
3853		6
3854		6
3855		3
3856		5
3857		3
3858		5
3859		3
3860		4
3861		5
3862		2
3863		3
3864		4
3865		7
3866		2
3867		5
3868		2
3869		1
3870		3
3871		1
3872		3
3873		6
3874		3
3875		2
3876		2
3877		4
3878		3
3879		1
3881		2
3883		3
3884		5
3885		3
3886		5
3887		1
3888		3
3889		4
3890		2
3891		7
3892		3
3893		4
3894		5
3895		4
3896		4
3897		3
3898		1
3899		4
3900		4
3901		5
3902		3
3903		3
3904		3
3905		5
3906		6
3907		4
3908		1
3909		1
3910		4
3911		5
3912		4
3914		7
3915		3
3916		3
3917		3
3918		7
3919		1
3920		1
3921		1
3922		3
3923		1
3924		2
3925		4
3926		2
3928		2
3929		7
3930		4
3932		1
3933		2
3934		5
3935		9
3936		5
3937		1
3938		8
3939		4
3940		2
3941		1
3942		2
3943		3
3944		2
3945		1
3946		5
3947		2
3948		2
3949		2
3950		5
3951		2
3952		1
3953		5
3954		2
3955		1
3956		1
3957		3
3959		3
3960		2
3961		2
3962		2
3963		3
3964		6
3965		3
3966		3
3967		2
3968		1
3969		1
3970		5
3971		2
3972		3
3973		6
3975		3
3976		4
3977		3
3978		1
3979		2
3980		5
3981		4
3982		2
3983		1
3984		2
3985		6
3986		1
3987		3
3988		1
3989		8
3990		5
3991		1
3992		2
3993		2
3994		3
3995		3
3996		4
3997		3
3998		7
3999		2
4000		1
4001		1
4002		4
4003		3
4004		7
4005		6
4006		1
4007		5
4008		5
4009		4
4010		4
4011		6
4012		2
4013		6
4014		4
4015		5
4016		4
4017		2
4018		1
4019		3
4020		4
4021		2
4022		1
4023		4
4024		3
4025		4
4026		2
4027		4
4028		6
4029		2
4031		2
4032		2
4033		4
4034		7
4035		4
4036		2
4037		2
4038		2
4039		4
4040		2
4041		2
4042		2
4043		4
4044		3
4045		6
4046		6
4047		3
4048		5
4049		1
4050		1
4051		6
4052		4
4053		5
4054		2
4055		9
4056		1
4057		2
4058		1
4060		6
4061		5
4062		5
4063		3
4064		3
4065		5
4066		4
4067		4
4068		4
4069		3
4070		2
4071		4
4072		2
4073		4
4074		3
4075		6
4076		4
4077		4
4078		3
4079		2
4080		2
4081		3
4082		3
4083		7
4084		2
4085		3
4086		5
4087		2
4088		3
4089		3
4090		3
4091		3
4092		3
4093		3
4094		2
4095		3
4096		8
4097		2
4098		3
4099		1
4100		2
4101		3
4102		3
4103		5
4104		2
4105		4
4106		3
4107		6
4108		3
4109		3
4110		6
4111		6
4112		2
4113		2
4114		6
4115		5
4116		3
4117		3
4118		3
4119		2
4121		2
4122		3
4123		2
4124		2
4125		7
4127		5
4128		4
4129		3
4130		2
4131		5
4132		4
4133		4
4134		4
4135		5
4136		6
4137		4
4138		2
4139		6
4140		2
4141		5
4142		1
4143		6
4144		2
4145		6
4146		3
4147		2
4148		2
4149		2
4150		5
4151		2
4152		1
4153		2
4154		3
4155		3
4156		4
4157		5
4158		2
4159		3
4160		3
4161		2
4162		3
4163		1
4164		2
4166		4
4167		2
4168		1
4169		4
4170		4
4171		1
4172		4
4173		1
4175		4
4176		7
4177		1
4178		3
4179		2
4180		3
4181		1
4182		2
4183		2
4184		2
4186		2
4187		6
4188		3
4189		3
4190		3
4191		1
4192		3
4193		3
4194		2
4196		6
4197		4
4198		6
4199		1
4200		2
4201		7
4203		1
4204		2
4205		2
4207		9
4208		2
4209		4
4210		5
4211		6
4212		1
4213		3
4214		3
4215		6
4216		2
4217		3
4218		2
4219		3
4220		2
4221		1
4222		1
4223		4
4224		4
4225		1
4226		5
4227		1
4228		2
4229		2
4230		4
4231		6
4232		1
4233		3
4234		6
4235		5
4236		6
4237		4
4238		2
4240		4
4241		3
4242		4
4243		1
4244		2
4245		1
4246		2
4247		4
4248		1
4249		2
4250		3
4251		1
4252		3
4253		3
4254		4
4255		4
4256		1
4257		4
4258		2
4259		5
4260		5
4261		4
4262		3
4263		6
4264		2
4266		3
4268		3
4269		3
4270		3
4271		5
4272		1
4273		3
4274		2
4275		2
4276		3
4277		4
4278		6
4279		1
4280		1
4281		1
4282		3
4283		3
4285		2
4287		2
4288		6
4289		2
4290		1
4291		3
4292		3
4293		3
4294		2
4296		1
4298		3
4299		2
4300		2
4301		1
4302		5
4303		3
4304		4
4305		3
4306		6
4307		3
4308		5
4309		2
4310		2
4311		4
4312		3
4313		2
4314		4
4316		2
4317		3
4318		3
4319		3
4320		3
4321		4
4322		3
4323		1
4324		2
4325		3
4327		3
4328		1
4329		1
4331		5
4332		6
4333		1
4334		3
4335		2
4336		1
4337		1
4338		4
4339		5
4340		1
4341		1
4342		3
4344		2
4346		5
4347		4
4348		1
4349		3
4350		1
4352		2
4354		2
4355		2
4356		2
4357		3
4358		2
4359		3
4360		3
4361		2
4362		2
4363		5
4364		1
4365		1
4366		1
4367		3
4369		5
4370		2
4371		3
4372		3
4373		2
4374		5
4375		2
4376		3
4377		3
4378		1
4379		5
4380		3
4381		2
4382		2
4383		3
4384		3
4385		4
4386		3
4387		2
4388		4
4389		1
4390		1
4391		6
4392		3
4393		1
4394		5
4395		1
4396		1
4398		2
4399		4
4400		6
4401		3
4402		3
4403		5
4404		1
4406		2
4407		4
4408		2
4409		1
4411		4
4412		3
4413		6
4414		1
4415		1
4416		2
4417		2
4418		1
4419		2
4420		3
4421		3
4422		3
4423		2
4424		2
4425		2
4426		2
4427		2
4428		2
4429		2
4430		1
4431		5
4432		5
4433		1
4434		4
4435		4
4436		1
4437		1
4439		3
4440		4
4441		2
4442		3
4443		2
4444		7
4445		2
4446		4
4447		5
4448		3
4449		2
4450		3
4451		2
4453		1
4454		3
4456		1
4457		2
4458		5
4459		2
4461		3
4462		2
4463		3
4464		5
4465		2
4466		3
4467		2
4468		2
4469		2
4470		1
4471		2
4472		3
4473		4
4474		4
4475		3
4477		1
4478		1
4480		3
4481		7
4483		1
4484		2
4485		2
4486		4
4487		2
4488		4
4489		4
4490		1
4492		3
4493		4
4495		3
4496		3
4497		4
4498		6
4499		2
4500		3
4501		5
4502		2
4503		2
4504		5
4505		3
4506		2
4507		2
4508		2
4509		2
4510		3
4511		2
4513		3
4514		4
4515		1
4516		2
4517		3
4518		1
4521		1
4522		1
4523		2
4524		2
4525		2
4526		1
4527		5
4528		1
4529		3
4530		2
4531		5
4532		3
4533		1
4534		1
4535		3
4536		3
4537		2
4538		2
4539		2
4540		8
4541		3
4542		5
4543		3
4544		3
4546		1
4549		3
4550		3
4551		2
4552		1
4553		3
4555		2
4556		2
4557		2
4558		1
4559		1
4560		3
4561		4
4562		1
4563		3
4564		1
4565		1
4566		6
4567		2
4568		3
4570		1
4571		4
4572		3
4573		3
4574		2
4575		3
4576		1
4577		5
4578		1
4579		2
4581		5
4582		1
4583		3
4584		4
4585		2
4586		1
4587		2
4588		2
4589		1
4590		2
4591		4
4592		2
4593		6
4594		6
4595		1
4596		3
4598		2
4599		2
4600		1
4601		1
4602		2
4603		2
4604		3
4605		1
4606		2
4607		1
4608		2
4609		2
4610		3
4611		4
4612		1
4613		1
4615		2
4616		2
4617		2
4618		8
4620		2
4621		5
4622		2
4623		1
4625		1
4626		1
4627		3
4628		5
4629		3
4630		3
4631		1
4632		2
4633		5
4634		3
4635		5
4636		4
4637		4
4638		1
4639		2
4641		2
4642		6
4643		2
4644		4
4645		2
4646		2
4647		2
4648		2
4649		3
4650		2
4651		1
4652		2
4653		3
4654		2
4655		2
4657		3
4659		4
4661		1
4662		2
4663		2
4664		1
4665		3
4667		1
4668		1
4669		1
4670		4
4671		1
4672		2
4673		3
4674		1
4675		3
4676		1
4677		2
4678		2
4679		2
4680		1
4681		1
4682		2
4684		4
4685		2
4686		2
4687		2
4688		1
4689		1
4690		3
4691		2
4692		3
4693		1
4694		3
4695		1
4696		1
4697		4
4698		6
4699		1
4700		4
4701		3
4702		1
4703		2
4704		2
4705		2
4706		2
4707		1
4708		2
4709		1
4710		1
4711		2
4712		1
4713		2
4714		2
4715		1
4716		1
4717		3
4718		2
4719		2
4720		2
4721		3
4722		2
4723		4
4724		4
4725		3
4726		1
4727		4
4728		5
4729		1
4730		1
4731		1
4732		1
4733		6
4734		1
4735		3
4736		2
4737		1
4738		5
4739		4
4740		3
4742		1
4743		2
4744		1
4745		2
4747		3
4748		3
4749		4
4750		3
4751		1
4752		1
4753		2
4754		2
4755		1
4756		2
4757		1
4758		1
4759		4
4760		2
4761		2
4763		4
4764		4
4765		1
4767		3
4768		2
4769		2
4770		3
4771		4
4772		4
4773		5
4774		3
4775		1
4776		1
4777		2
4779		4
4780		3
4781		6
4782		1
4784		3
4785		2
4786		1
4787		6
4788		4
4790		2
4791		2
4792		2
4793		2
4794		4
4795		1
4796		3
4797		5
4798		2
4799		1
4800		4
4801		2
4803		4
4805		3
4806		2
4807		2
4808		3
4811		3
4812		2
4813		1
4814		2
4815		2
4816		1
4817		2
4818		2
4819		1
4820		2
4821		1
4825		1
4826		3
4827		2
4828		1
4829		2
4830		4
4832		2
4833		1
4834		3
4835		2
4836		1
4837		3
4838		1
4839		1
4840		2
4841		2
4842		5
4843		1
4844		4
4845		2
4846		1
4848		2
4849		1
4850		3
4851		2
4852		1
4853		6
4855		2
4856		2
4857		2
4858		2
4859		1
4860		2
4861		2
4863		4
4864		2
4865		2
4866		2
4867		1
4868		1
4869		3
4870		1
4871		1
4872		3
4873		3
4874		3
4875		3
4876		3
4877		3
4880		3
4881		2
4882		3
4883		5
4884		3
4885		3
4886		3
4887		3
4888		1
4889		1
4890		4
4891		3
4892		4
4893		2
4894		3
4895		1
4896		2
4897		2
4898		2
4899		1
4901		1
4902		2
4903		2
4904		6
4906		4
4907		2
4909		1
4910		1
4911		2
4913		2
4914		4
4915		1
4916		1
4917		1
4918		3
4919		3
4922		4
4923		1
4924		1
4926		4
4927		2
4928		3
4930		3
4931		3
4932		2
4933		1
4934		1
4935		1
4936		1
4937		4
4938		2
4939		5
4940		2
4941		4
4942		1
4945		3
4946		2
4947		1
4948		2
4951		5
4952		2
4953		4
4954		1
4955		1
4956		2
4957		3
4958		1
4959		1
4960		2
4961		3
4962		1
4965		2
4966		2
4968		2
4969		3
4970		1
4972		1
4973		6
4974		1
4975		2
4977		2
4978		3
4979		4
4980		2
4981		3
4982		1
4983		4
4984		2
4986		2
4987		4
4988		8
4989		1
4990		3
4991		3
4993		2
4994		2
4995		2
4996		1
4997		1
4998		5
5000		2
5001		2
5002		2
5005		3
5006		2
5007		1
5008		1
5011		1
5012		1
5014		1
5016		2
5018		1
5019		1
5020		2
5022		2
5023		2
5024		2
5025		1
5026		2
5027		1
5028		1
5029		1
5031		1
5033		1
5034		1
5035		1
5036		3
5037		3
5038		2
5039		2
5040		1
5041		2
5043		2
5044		3
5045		2
5047		5
5048		3
5049		3
5050		1
5051		5
5052		1
5053		2
5054		2
5055		4
5056		2
5057		1
5058		1
5059		1
5062		3
5063		3
5064		2
5065		3
5066		1
5067		3
5068		5
5069		1
5070		2
5071		1
5072		1
5073		1
5074		3
5075		1
5076		1
5077		6
5078		4
5079		1
5085		5
5086		3
5087		3
5088		3
5089		1
5090		3
5092		4
5094		2
5095		2
5096		3
5098		2
5099		2
5100		1
5101		1
5102		1
5103		2
5107		1
5108		2
5109		1
5110		2
5111		1
5113		1
5114		1
5116		1
5117		3
5120		2
5121		3
5122		3
5124		4
5125		3
5128		2
5129		1
5130		3
5131		5
5132		1
5133		1
5135		1
5136		2
5137		2
5138		3
5141		2
5142		2
5143		3
5144		1
5145		2
5146		5
5147		2
5148		1
5149		1
5150		1
5151		1
5152		2
5154		2
5155		3
5157		2
5158		1
5159		1
5160		1
5161		2
5162		1
5163		1
5165		1
5167		3
5168		1
5169		2
5170		3
5172		4
5175		4
5177		2
5178		2
5180		1
5182		1
5184		4
5185		2
5186		2
5188		2
5189		1
5190		1
5191		4
5192		1
5193		2
5194		4
5196		1
5197		3
5198		2
5199		2
5200		2
5201		4
5202		2
5203		4
5204		2
5206		1
5207		1
5208		2
5210		1
5212		1
5213		2
5214		2
5216		2
5218		1
5219		2
5220		1
5222		3
5223		1
5224		2
5225		3
5227		1
5229		2
5230		1
5231		2
5232		3
5233		1
5235		2
5236		2
5237		2
5238		1
5239		2
5240		1
5241		1
5242		1
5245		2
5246		3
5247		1
5248		3
5251		1
5252		2
5253		2
5254		2
5255		3
5256		1
5257		3
5258		2
5259		2
5260		2
5261		1
5262		1
5264		2
5265		1
5266		1
5267		1
5268		3
5269		1
5270		2
5271		3
5273		1
5274		2
5277		2
5279		1
5280		1
5281		1
5283		2
5284		1
5287		1
5288		2
5289		1
5290		2
5291		1
5292		1
5293		1
5294		1
5296		2
5297		1
5299		3
5301		2
5302		2
5303		2
5304		2
5305		4
5306		3
5307		2
5308		1
5310		2
5311		3
5312		1
5313		2
5314		1
5315		1
5316		1
5318		1
5319		1
5320		1
5326		1
5328		2
5329		3
5331		2
5332		2
5333		2
5334		2
5335		2
5336		1
5337		2
5338		1
5339		1
5340		2
5344		2
5345		1
5346		4
5348		1
5352		1
5353		2
5354		2
5355		2
5356		2
5358		1
5359		2
5362		2
5365		3
5366		3
5367		3
5369		2
5370		4
5372		2
5373		1
5374		3
5375		5
5378		4
5379		1
5382		2
5383		1
5386		1
5388		1
5389		1
5391		2
5392		2
5393		2
5396		1
5397		3
5398		1
5399		1
5400		2
5401		1
5402		1
5404		1
5407		1
5408		1
5409		1
5410		2
5411		1
5412		1
5413		2
5415		2
5416		2
5417		1
5418		2
5419		3
5420		1
5421		1
5422		3
5424		1
5425		4
5426		1
5428		2
5430		1
5431		3
5432		3
5433		1
5434		2
5435		3
5436		1
5437		1
5438		2
5439		1
5441		3
5443		3
5444		2
5445		1
5446		1
5447		1
5448		2
5449		2
5450		2
5453		2
5455		2
5456		2
5458		2
5460		2
5463		1
5464		2
5466		1
5467		1
5468		2
5469		1
5470		1
5472		1
5473		1
5474		1
5475		2
5476		2
5477		1
5478		1
5479		2
5480		2
5481		1
5482		2
5487		1
5488		2
5489		1
5492		1
5495		1
5497		2
5498		2
5502		1
5503		1
5505		2
5506		1
5507		4
5508		3
5517		1
5518		1
5521		3
5522		1
5524		1
5525		2
5527		2
5530		1
5531		1
5534		4
5536		4
5537		2
5538		2
5540		1
5541		1
5542		1
5546		4
5549		1
5552		1
5553		1
5555		1
5556		2
5557		1
5562		2
5563		1
5564		1
5565		2
5566		2
5567		1
5569		1
5571		2
5573		1
5575		1
5577		1
5579		1
5582		1
5583		3
5586		2
5587		1
5588		1
5589		1
5590		1
5596		1
5598		1
5599		1
5600		1
5603		1
5605		4
5606		1
5607		1
5608		1
5609		1
5610		2
5611		1
5612		1
5613		1
5615		1
5616		1
5617		4
5618		2
5619		1
5620		2
5622		1
5624		2
5625		1
5628		1
5629		1
5630		1
5632		1
5634		2
5638		1
5639		1
5640		2
5641		1
5642		3
5643		2
5644		2
5645		4
5646		1
5649		1
5650		1
5651		2
5652		1
5653		1
5654		1
5656		1
5658		1
5659		3
5660		1
5661		2
5662		1
5664		1
5667		1
5668		1
5670		1
5671		2
5672		2
5673		1
5675		2
5676		1
5677		1
5679		2
5683		1
5685		1
5686		2
5687		1
5698		2
5701		2
5703		2
5705		3
5707		2
5709		2
5710		1
5711		1
5715		2
5716		2
5717		2
5718		1
5719		1
5720		2
5722		1
5727		2
5728		1
5729		1
5731		1
5732		1
5734		2
5735		1
5736		1
5737		2
5738		1
5741		1
5742		1
5743		1
5745		1
5746		1
5747		1
5748		1
5751		1
5752		2
5755		2
5756		1
5760		4
5761		1
5762		1
5765		1
5766		2
5774		1
5777		2
5779		1
5784		1
5786		1
5787		1
5789		3
5790		1
5792		1
5795		1
5797		1
5798		1
5799		3
5801		1
5804		1
5805		1
5807		3
5810		1
5811		1
5812		1
5813		1
5814		1
5815		3
5816		1
5817		1
5818		1
5820		1
5822		4
5825		1
5827		1
5829		1
5831		1
5832		2
5833		1
5835		1
5836		1
5838		1
5839		3
5841		1
5842		1
5846		2
5848		2
5851		1
5854		2
5856		2
5857		1
5858		2
5862		2
5863		3
5871		1
5872		1
5874		1
5875		3
5876		1
5879		1
5886		2
5887		1
5888		1
5890		1
5892		1
5893		1
5894		3
5896		2
5897		1
5898		1
5899		1
5900		2
5903		1
5904		1
5905		1
5910		2
5911		2
5912		3
5916		2
5918		1
5919		2
5920		1
5922		1
5924		1
5930		2
5941		2
5943		1
5944		1
5945		1
5946		1
5947		2
5949		2
5954		1
5957		1
5961		2
5964		1
5965		3
5967		1
5973		2
5975		2
5977		1
5982		1
5985		1
5986		1
5993		1
6002		1
6004		1
6005		1
6006		1
6007		1
6008		1
6014		2
6018		1
6021		1
6022		3
6023		1
6024		2
6025		1
6026		2
6027		2
6028		1
6031		1
6034		2
6037		2
6038		1
6039		1
6040		1
6043		1
6044		2
6046		2
6047		1
6053		3
6054		1
6056		1
6059		2
6064		2
6068		1
6075		1
6083		1
6086		1
6090		1
6091		1
6093		1
6094		1
6095		1
6096		1
6097		2
6098		1
6100		1
6101		1
6104		1
6106		1
6113		3
6115		2
6118		1
6120		1
6121		1
6126		2
6129		1
6130		2
6136		1
6140		2
6143		1
6148		2
6152		1
6154		1
6156		2
6157		1
6161		2
6162		1
6173		2
6174		1
6175		2
6177		1
6180		1
6182		1
6185		2
6186		1
6187		1
6195		1
6202		1
6203		1
6209		2
6212		2
6216		1
6217		2
6220		2
6221		1
6222		2
6224		1
6229		1
6230		1
6242		1
6248		1
6255		1
6258		1
6262		1
6264		1
6266		1
6267		1
6269		1
6274		1
6277		1
6278		1
6283		2
6286		1
6289		1
6293		1
6298		1
6299		1
6301		2
6303		2
6304		1
6305		1
6307		2
6313		1
6315		1
6317		1
6318		2
6319		1
6323		1
6333		1
6336		1
6338		1
6350		1
6352		2
6353		1
6357		1
6359		1
6363		2
6364		1
6370		1
6374		1
6375		1
6380		1
6389		1
6390		1
6392		1
6398		1
6408		2
6409		1
6413		1
6422		1
6438		1
6453		1
6456		1
6460		1
6469		1
6471		1
6488		1
6497		1
6508		1
6514		1
6520		1
6536		1
6537		1
6548		1
6549		1
6550		1
6551		1
6569		1
6577		2
6579		1
6586		1
6589		1
6609		1
6631		1
6642		1
6644		1
6645		1
6657		1
6661		1
6674		2
6687		2
6693		1
6726		1
6747		1
6770		1
6859		1
6914		1
6946		1
6983		1
6994		1
7014		1
7023		1
7040		1
7042		1
7047		1
7048		1
7065		1
7159		1
7188		1
7259		1
7278		1
7314		1
7531		1
7619		1
