Tamaños		Cantidades
1		7897546
2		1651397
3		979147
4		632321
5		438439
6		322043
7		248197
8		196683
9		160427
10		133118
11		112620
12		97204
13		83973
14		73311
15		64824
16		58194
17		52075
18		46763
19		42708
20		38801
21		35469
22		32894
23		30217
24		28050
25		26128
26		24410
27		22708
28		21041
29		19800
30		18686
31		17562
32		16693
33		15701
34		15134
35		14320
36		13410
37		13005
38		12138
39		11699
40		11125
41		10538
42		10241
43		9828
44		9266
45		9091
46		8702
47		8167
48		8056
49		7691
50		7446
51		7180
52		6746
53		6804
54		6591
55		6305
56		6027
57		6069
58		5696
59		5614
60		5430
61		5206
62		5094
63		4907
64		4820
65		4643
66		4482
67		4450
68		4389
69		4145
70		4141
71		3962
72		3860
73		3798
74		3656
75		3513
76		3695
77		3582
78		3391
79		3263
80		3290
81		3103
82		3137
83		2997
84		2964
85		2881
86		2850
87		2776
88		2673
89		2647
90		2589
91		2557
92		2539
93		2568
94		2507
95		2352
96		2355
97		2285
98		2296
99		2209
100		2194
101		2154
102		2064
103		1973
104		2065
105		2013
106		1974
107		1953
108		1886
109		1895
110		1808
111		1882
112		1727
113		1720
114		1660
115		1694
116		1661
117		1670
118		1714
119		1586
120		1584
121		1548
122		1527
123		1497
124		1494
125		1405
126		1392
127		1406
128		1364
129		1329
130		1296
131		1291
132		1245
133		1372
134		1296
135		1338
136		1237
137		1222
138		1208
139		1212
140		1195
141		1251
142		1153
143		1152
144		1075
145		1174
146		1074
147		1128
148		1034
149		1070
150		1045
151		1038
152		1013
153		1024
154		1037
155		1009
156		958
157		945
158		991
159		957
160		950
161		971
162		930
163		930
164		902
165		926
166		908
167		840
168		844
169		912
170		870
171		873
172		823
173		818
174		847
175		808
176		818
177		784
178		832
179		793
180		806
181		703
182		732
183		707
184		749
185		793
186		748
187		700
188		739
189		719
190		749
191		661
192		723
193		681
194		647
195		653
196		664
197		660
198		635
199		656
200		650
201		619
202		670
203		610
204		586
205		607
206		616
207		594
208		602
209		585
210		580
211		574
212		564
213		519
214		544
215		535
216		520
217		577
218		574
219		520
220		550
221		522
222		532
223		530
224		570
225		499
226		512
227		539
228		449
229		491
230		492
231		482
232		471
233		491
234		490
235		475
236		483
237		500
238		448
239		451
240		458
241		474
242		438
243		452
244		396
245		421
246		415
247		421
248		471
249		434
250		428
251		415
252		421
253		414
254		449
255		446
256		422
257		437
258		406
259		398
260		401
261		405
262		389
263		456
264		379
265		387
266		390
267		385
268		397
269		353
270		353
271		374
272		357
273		346
274		395
275		390
276		353
277		344
278		389
279		364
280		343
281		354
282		368
283		368
284		356
285		349
286		332
287		339
288		330
289		336
290		322
291		331
292		358
293		318
294		341
295		300
296		309
297		312
298		320
299		306
300		318
301		289
302		306
303		343
304		325
305		328
306		338
307		309
308		302
309		267
310		287
311		308
312		308
313		314
314		261
315		303
316		290
317		270
318		303
319		306
320		287
321		293
322		287
323		267
324		274
325		254
326		309
327		285
328		261
329		271
330		288
331		288
332		251
333		273
334		264
335		243
336		241
337		288
338		272
339		254
340		276
341		220
342		231
343		261
344		240
345		244
346		268
347		234
348		227
349		253
350		249
351		237
352		267
353		231
354		237
355		207
356		240
357		240
358		228
359		209
360		233
361		234
362		250
363		231
364		240
365		201
366		215
367		215
368		227
369		214
370		218
371		215
372		226
373		211
374		213
375		200
376		212
377		249
378		226
379		213
380		220
381		200
382		214
383		194
384		213
385		213
386		202
387		208
388		182
389		213
390		201
391		207
392		182
393		201
394		188
395		209
396		209
397		178
398		179
399		213
400		205
401		199
402		183
403		199
404		195
405		204
406		191
407		161
408		178
409		199
410		164
411		185
412		207
413		191
414		165
415		213
416		188
417		183
418		165
419		189
420		176
421		176
422		166
423		145
424		207
425		180
426		180
427		159
428		181
429		190
430		160
431		172
432		181
433		179
434		204
435		178
436		190
437		156
438		163
439		189
440		170
441		164
442		170
443		149
444		168
445		179
446		159
447		191
448		156
449		167
450		159
451		166
452		163
453		149
454		183
455		156
456		162
457		130
458		157
459		139
460		147
461		159
462		129
463		159
464		164
465		137
466		144
467		139
468		143
469		135
470		168
471		134
472		165
473		150
474		126
475		136
476		142
477		154
478		150
479		143
480		109
481		136
482		117
483		143
484		127
485		123
486		134
487		151
488		131
489		140
490		146
491		140
492		124
493		128
494		134
495		134
496		127
497		132
498		127
499		112
500		135
501		141
502		128
503		125
504		113
505		121
506		116
507		135
508		139
509		127
510		135
511		131
512		122
513		119
514		120
515		126
516		116
517		109
518		135
519		112
520		117
521		120
522		133
523		134
524		116
525		129
526		117
527		136
528		105
529		108
530		113
531		106
532		132
533		142
534		127
535		122
536		113
537		105
538		107
539		121
540		111
541		114
542		110
543		125
544		111
545		105
546		98
547		116
548		99
549		116
550		108
551		103
552		117
553		116
554		101
555		90
556		106
557		80
558		121
559		85
560		102
561		111
562		128
563		116
564		98
565		101
566		106
567		104
568		92
569		99
570		99
571		117
572		103
573		130
574		105
575		118
576		88
577		99
578		117
579		96
580		99
581		104
582		111
583		96
584		99
585		105
586		90
587		110
588		90
589		108
590		109
591		116
592		91
593		92
594		122
595		106
596		99
597		100
598		96
599		108
600		94
601		97
602		107
603		104
604		84
605		90
606		95
607		97
608		94
609		104
610		115
611		87
612		85
613		91
614		85
615		92
616		70
617		98
618		88
619		103
620		77
621		72
622		94
623		104
624		109
625		120
626		90
627		102
628		79
629		72
630		94
631		90
632		97
633		85
634		101
635		80
636		98
637		84
638		78
639		91
640		75
641		76
642		97
643		97
644		74
645		88
646		89
647		97
648		83
649		90
650		84
651		82
652		76
653		94
654		82
655		81
656		89
657		93
658		84
659		77
660		76
661		93
662		91
663		88
664		96
665		78
666		77
667		95
668		74
669		92
670		89
671		92
672		91
673		67
674		97
675		66
676		80
677		90
678		74
679		83
680		61
681		91
682		84
683		73
684		85
685		86
686		85
687		61
688		78
689		91
690		82
691		73
692		77
693		77
694		70
695		77
696		86
697		81
698		91
699		60
700		65
701		66
702		80
703		66
704		66
705		61
706		76
707		52
708		79
709		73
710		73
711		59
712		77
713		79
714		65
715		86
716		87
717		74
718		77
719		67
720		70
721		61
722		64
723		85
724		70
725		66
726		73
727		84
728		57
729		62
730		72
731		76
732		69
733		65
734		60
735		69
736		51
737		70
738		79
739		67
740		74
741		62
742		71
743		82
744		71
745		69
746		83
747		55
748		58
749		76
750		65
751		63
752		57
753		67
754		73
755		69
756		82
757		65
758		55
759		74
760		70
761		71
762		60
763		68
764		79
765		73
766		70
767		58
768		74
769		71
770		58
771		66
772		78
773		59
774		76
775		50
776		52
777		66
778		65
779		71
780		60
781		53
782		52
783		61
784		51
785		68
786		49
787		54
788		67
789		71
790		63
791		68
792		64
793		49
794		53
795		75
796		61
797		76
798		69
799		71
800		52
801		61
802		51
803		56
804		59
805		71
806		57
807		70
808		75
809		47
810		60
811		44
812		63
813		61
814		58
815		55
816		62
817		52
818		54
819		54
820		44
821		47
822		41
823		42
824		59
825		52
826		56
827		61
828		64
829		66
830		59
831		50
832		61
833		52
834		54
835		57
836		51
837		63
838		52
839		69
840		57
841		53
842		52
843		58
844		58
845		51
846		57
847		51
848		69
849		43
850		57
851		48
852		52
853		58
854		57
855		55
856		63
857		53
858		48
859		42
860		50
861		48
862		54
863		37
864		53
865		45
866		65
867		61
868		53
869		53
870		48
871		46
872		53
873		47
874		45
875		51
876		40
877		51
878		58
879		43
880		47
881		58
882		43
883		55
884		56
885		54
886		52
887		57
888		50
889		54
890		43
891		42
892		49
893		53
894		59
895		46
896		44
897		50
898		50
899		43
900		44
901		34
902		39
903		54
904		58
905		51
906		51
907		52
908		46
909		46
910		61
911		50
912		62
913		40
914		55
915		48
916		47
917		34
918		53
919		47
920		43
921		40
922		43
923		60
924		48
925		53
926		58
927		53
928		58
929		42
930		52
931		57
932		38
933		42
934		43
935		40
936		47
937		43
938		62
939		47
940		41
941		46
942		55
943		40
944		50
945		33
946		33
947		44
948		41
949		53
950		49
951		37
952		39
953		54
954		37
955		34
956		31
957		40
958		45
959		53
960		41
961		58
962		48
963		47
964		55
965		46
966		51
967		38
968		45
969		39
970		33
971		41
972		34
973		41
974		28
975		50
976		39
977		41
978		44
979		43
980		56
981		46
982		43
983		34
984		35
985		42
986		38
987		35
988		48
989		35
990		46
991		33
992		57
993		33
994		33
995		43
996		42
997		49
998		42
999		39
1000		49
1001		38
1002		44
1003		44
1004		34
1005		60
1006		36
1007		28
1008		49
1009		34
1010		35
1011		37
1012		38
1013		31
1014		31
1015		41
1016		37
1017		35
1018		48
1019		37
1020		41
1021		36
1022		39
1023		24
1024		41
1025		39
1026		35
1027		34
1028		40
1029		35
1030		52
1031		40
1032		59
1033		34
1034		36
1035		46
1036		29
1037		31
1038		37
1039		43
1040		48
1041		50
1042		40
1043		44
1044		49
1045		52
1046		40
1047		50
1048		44
1049		29
1050		45
1051		37
1052		43
1053		32
1054		47
1055		37
1056		31
1057		46
1058		38
1059		37
1060		50
1061		29
1062		39
1063		33
1064		33
1065		42
1066		37
1067		44
1068		33
1069		39
1070		27
1071		34
1072		40
1073		38
1074		34
1075		36
1076		27
1077		29
1078		29
1079		43
1080		30
1081		37
1082		31
1083		43
1084		31
1085		33
1086		38
1087		30
1088		31
1089		35
1090		25
1091		30
1092		34
1093		26
1094		40
1095		34
1096		43
1097		36
1098		32
1099		39
1100		32
1101		37
1102		35
1103		38
1104		41
1105		34
1106		28
1107		33
1108		33
1109		45
1110		32
1111		29
1112		32
1113		35
1114		30
1115		40
1116		40
1117		38
1118		41
1119		48
1120		33
1121		22
1122		39
1123		35
1124		33
1125		43
1126		37
1127		46
1128		33
1129		42
1130		30
1131		35
1132		42
1133		35
1134		26
1135		32
1136		35
1137		34
1138		36
1139		33
1140		46
1141		32
1142		29
1143		28
1144		31
1145		32
1146		31
1147		42
1148		34
1149		39
1150		30
1151		32
1152		33
1153		38
1154		31
1155		38
1156		30
1157		31
1158		28
1159		28
1160		38
1161		30
1162		23
1163		33
1164		26
1165		38
1166		31
1167		34
1168		37
1169		31
1170		38
1171		30
1172		33
1173		35
1174		34
1175		32
1176		25
1177		24
1178		32
1179		25
1180		35
1181		26
1182		34
1183		23
1184		37
1185		36
1186		31
1187		40
1188		28
1189		31
1190		27
1191		24
1192		30
1193		25
1194		20
1195		29
1196		33
1197		35
1198		37
1199		24
1200		37
1201		21
1202		28
1203		22
1204		26
1205		38
1206		21
1207		37
1208		37
1209		23
1210		32
1211		40
1212		31
1213		33
1214		28
1215		18
1216		34
1217		30
1218		23
1219		33
1220		27
1221		30
1222		30
1223		28
1224		23
1225		23
1226		22
1227		35
1228		26
1229		24
1230		32
1231		25
1232		39
1233		22
1234		33
1235		27
1236		23
1237		32
1238		24
1239		33
1240		34
1241		33
1242		35
1243		28
1244		25
1245		31
1246		26
1247		27
1248		25
1249		32
1250		25
1251		20
1252		34
1253		37
1254		42
1255		28
1256		30
1257		27
1258		13
1259		32
1260		31
1261		19
1262		27
1263		22
1264		40
1265		22
1266		26
1267		23
1268		23
1269		30
1270		39
1271		31
1272		20
1273		38
1274		25
1275		19
1276		28
1277		24
1278		23
1279		28
1280		31
1281		33
1282		31
1283		32
1284		20
1285		27
1286		25
1287		22
1288		31
1289		30
1290		25
1291		27
1292		29
1293		23
1294		22
1295		32
1296		33
1297		16
1298		32
1299		21
1300		23
1301		32
1302		22
1303		22
1304		36
1305		33
1306		21
1307		27
1308		23
1309		22
1310		26
1311		27
1312		36
1313		22
1314		18
1315		29
1316		28
1317		28
1318		36
1319		27
1320		34
1321		27
1322		19
1323		22
1324		18
1325		28
1326		24
1327		31
1328		35
1329		24
1330		27
1331		23
1332		27
1333		27
1334		25
1335		32
1336		26
1337		31
1338		25
1339		28
1340		26
1341		30
1342		19
1343		26
1344		25
1345		26
1346		28
1347		20
1348		24
1349		20
1350		21
1351		32
1352		19
1353		29
1354		43
1355		22
1356		26
1357		26
1358		32
1359		20
1360		24
1361		24
1362		18
1363		21
1364		32
1365		27
1366		27
1367		17
1368		30
1369		29
1370		22
1371		20
1372		18
1373		22
1374		23
1375		17
1376		21
1377		19
1378		27
1379		32
1380		23
1381		15
1382		21
1383		21
1384		25
1385		25
1386		33
1387		21
1388		22
1389		25
1390		20
1391		24
1392		24
1393		20
1394		16
1395		21
1396		18
1397		30
1398		17
1399		16
1400		34
1401		21
1402		23
1403		29
1404		18
1405		18
1406		25
1407		24
1408		17
1409		38
1410		26
1411		19
1412		29
1413		17
1414		15
1415		20
1416		26
1417		22
1418		17
1419		20
1420		36
1421		18
1422		16
1423		27
1424		20
1425		25
1426		20
1427		22
1428		17
1429		21
1430		36
1431		24
1432		33
1433		23
1434		24
1435		18
1436		34
1437		23
1438		19
1439		18
1440		31
1441		19
1442		27
1443		22
1444		16
1445		25
1446		30
1447		26
1448		24
1449		20
1450		24
1451		21
1452		24
1453		23
1454		15
1455		14
1456		34
1457		20
1458		30
1459		33
1460		28
1461		21
1462		22
1463		28
1464		21
1465		33
1466		14
1467		20
1468		23
1469		23
1470		16
1471		25
1472		18
1473		23
1474		22
1475		27
1476		17
1477		18
1478		25
1479		20
1480		21
1481		27
1482		22
1483		22
1484		16
1485		18
1486		19
1487		10
1488		13
1489		19
1490		19
1491		24
1492		24
1493		16
1494		16
1495		17
1496		15
1497		22
1498		24
1499		19
1500		18
1501		18
1502		25
1503		24
1504		29
1505		14
1506		27
1507		17
1508		19
1509		13
1510		22
1511		19
1512		20
1513		19
1514		21
1515		23
1516		18
1517		25
1518		19
1519		15
1520		23
1521		24
1522		17
1523		20
1524		21
1525		21
1526		17
1527		13
1528		26
1529		22
1530		18
1531		23
1532		18
1533		22
1534		19
1535		16
1536		12
1537		15
1538		21
1539		26
1540		15
1541		25
1542		14
1543		16
1544		18
1545		19
1546		21
1547		18
1548		28
1549		9
1550		17
1551		18
1552		20
1553		15
1554		18
1555		9
1556		19
1557		21
1558		22
1559		16
1560		19
1561		27
1562		19
1563		27
1564		24
1565		18
1566		19
1567		27
1568		14
1569		14
1570		14
1571		16
1572		15
1573		24
1574		14
1575		16
1576		21
1577		17
1578		30
1579		18
1580		17
1581		22
1582		15
1583		19
1584		15
1585		21
1586		23
1587		20
1588		26
1589		17
1590		16
1591		19
1592		18
1593		23
1594		19
1595		20
1596		10
1597		24
1598		23
1599		17
1600		18
1601		17
1602		24
1603		21
1604		16
1605		17
1606		18
1607		15
1608		15
1609		17
1610		11
1611		18
1612		25
1613		12
1614		20
1615		24
1616		13
1617		15
1618		15
1619		23
1620		18
1621		26
1622		18
1623		18
1624		13
1625		14
1626		13
1627		15
1628		24
1629		18
1630		18
1631		20
1632		17
1633		19
1634		20
1635		18
1636		18
1637		22
1638		20
1639		15
1640		13
1641		11
1642		15
1643		20
1644		16
1645		22
1646		24
1647		18
1648		24
1649		14
1650		13
1651		17
1652		13
1653		20
1654		19
1655		16
1656		12
1657		20
1658		10
1659		19
1660		14
1661		19
1662		19
1663		22
1664		25
1665		16
1666		21
1667		10
1668		21
1669		24
1670		21
1671		13
1672		20
1673		21
1674		15
1675		18
1676		19
1677		14
1678		14
1679		14
1680		19
1681		12
1682		23
1683		14
1684		25
1685		12
1686		16
1687		16
1688		18
1689		16
1690		20
1691		15
1692		15
1693		17
1694		20
1695		11
1696		28
1697		15
1698		21
1699		25
1700		18
1701		12
1702		27
1703		16
1704		20
1705		19
1706		15
1707		16
1708		11
1709		16
1710		21
1711		17
1712		15
1713		26
1714		16
1715		11
1716		19
1717		23
1718		17
1719		17
1720		25
1721		22
1722		21
1723		17
1724		13
1725		18
1726		17
1727		10
1728		22
1729		16
1730		17
1731		11
1732		24
1733		10
1734		18
1735		12
1736		17
1737		20
1738		21
1739		14
1740		15
1741		19
1742		19
1743		14
1744		18
1745		18
1746		16
1747		10
1748		18
1749		16
1750		27
1751		17
1752		10
1753		18
1754		13
1755		6
1756		12
1757		17
1758		18
1759		10
1760		14
1761		15
1762		14
1763		13
1764		18
1765		14
1766		16
1767		15
1768		14
1769		10
1770		17
1771		12
1772		18
1773		15
1774		19
1775		15
1776		19
1777		18
1778		22
1779		17
1780		25
1781		17
1782		12
1783		15
1784		14
1785		13
1786		8
1787		14
1788		20
1789		14
1790		12
1791		14
1792		17
1793		20
1794		22
1795		13
1796		20
1797		18
1798		21
1799		13
1800		25
1801		16
1802		13
1803		17
1804		21
1805		17
1806		10
1807		14
1808		14
1809		17
1810		15
1811		5
1812		13
1813		17
1814		15
1815		16
1816		13
1817		17
1818		11
1819		9
1820		18
1821		10
1822		21
1823		12
1824		9
1825		15
1826		10
1827		12
1828		18
1829		14
1830		12
1831		26
1832		18
1833		18
1834		11
1835		16
1836		15
1837		20
1838		20
1839		17
1840		17
1841		13
1842		18
1843		15
1844		15
1845		13
1846		21
1847		7
1848		23
1849		12
1850		15
1851		18
1852		16
1853		17
1854		13
1855		6
1856		13
1857		17
1858		17
1859		9
1860		14
1861		20
1862		15
1863		12
1864		18
1865		7
1866		14
1867		17
1868		13
1869		17
1870		12
1871		12
1872		12
1873		11
1874		18
1875		16
1876		20
1877		19
1878		16
1879		20
1880		15
1881		11
1882		22
1883		19
1884		18
1885		8
1886		13
1887		18
1888		16
1889		16
1890		15
1891		8
1892		15
1893		15
1894		7
1895		20
1896		15
1897		8
1898		13
1899		15
1900		12
1901		10
1902		19
1903		12
1904		13
1905		15
1906		13
1907		16
1908		13
1909		14
1910		18
1911		11
1912		15
1913		9
1914		16
1915		13
1916		12
1917		13
1918		16
1919		17
1920		16
1921		14
1922		15
1923		15
1924		12
1925		17
1926		12
1927		6
1928		15
1929		10
1930		17
1931		13
1932		19
1933		20
1934		13
1935		15
1936		14
1937		18
1938		15
1939		14
1940		12
1941		13
1942		12
1943		17
1944		15
1945		13
1946		13
1947		12
1948		15
1949		13
1950		14
1951		11
1952		11
1953		10
1954		16
1955		10
1956		17
1957		11
1958		11
1959		11
1960		11
1961		11
1962		15
1963		14
1964		15
1965		14
1966		17
1967		17
1968		21
1969		13
1970		18
1971		15
1972		7
1973		13
1974		7
1975		7
1976		15
1977		18
1978		13
1979		14
1980		19
1981		14
1982		12
1983		9
1984		12
1985		11
1986		18
1987		12
1988		8
1989		13
1990		9
1991		10
1992		14
1993		15
1994		14
1995		12
1996		17
1997		9
1998		15
1999		15
2000		11
2001		14
2002		11
2003		10
2004		15
2005		10
2006		10
2007		21
2008		22
2009		13
2010		17
2011		6
2012		8
2013		9
2014		6
2015		16
2016		18
2017		9
2018		12
2019		12
2020		12
2021		18
2022		21
2023		11
2024		16
2025		11
2026		21
2027		8
2028		11
2029		20
2030		10
2031		12
2032		11
2033		15
2034		6
2035		12
2036		16
2037		10
2038		8
2039		11
2040		9
2041		12
2042		12
2043		11
2044		13
2045		7
2046		14
2047		10
2048		15
2049		17
2050		13
2051		13
2052		6
2053		10
2054		14
2055		16
2056		10
2057		17
2058		14
2059		15
2060		9
2061		6
2062		5
2063		18
2064		14
2065		12
2066		12
2067		16
2068		19
2069		13
2070		17
2071		17
2072		11
2073		22
2074		17
2075		11
2076		11
2077		9
2078		14
2079		15
2080		13
2081		6
2082		10
2083		19
2084		16
2085		4
2086		13
2087		10
2088		6
2089		18
2090		15
2091		9
2092		9
2093		12
2094		13
2095		8
2096		14
2097		13
2098		15
2099		15
2100		7
2101		13
2102		19
2103		13
2104		9
2105		12
2106		10
2107		13
2108		8
2109		15
2110		8
2111		10
2112		10
2113		7
2114		7
2115		7
2116		19
2117		13
2118		11
2119		13
2120		9
2121		18
2122		7
2123		11
2124		17
2125		12
2126		5
2127		12
2128		11
2129		9
2130		20
2131		13
2132		15
2133		13
2134		6
2135		12
2136		11
2137		10
2138		15
2139		16
2140		10
2141		12
2142		12
2143		6
2144		9
2145		12
2146		15
2147		12
2148		9
2149		12
2150		6
2151		12
2152		9
2153		10
2154		15
2155		10
2156		10
2157		9
2158		17
2159		15
2160		8
2161		10
2162		10
2163		5
2164		11
2165		13
2166		11
2167		12
2168		10
2169		14
2170		13
2171		12
2172		16
2173		14
2174		8
2175		13
2176		15
2177		8
2178		12
2179		10
2180		10
2181		12
2182		9
2183		7
2184		14
2185		11
2186		12
2187		8
2188		5
2189		13
2190		11
2191		11
2192		12
2193		11
2194		11
2195		3
2196		9
2197		9
2198		12
2199		12
2200		11
2201		10
2202		11
2203		7
2204		10
2205		13
2206		8
2207		11
2208		4
2209		10
2210		16
2211		16
2212		9
2213		12
2214		8
2215		6
2216		15
2217		13
2218		12
2219		7
2220		12
2221		13
2222		11
2223		15
2224		12
2225		12
2226		3
2227		18
2228		18
2229		13
2230		10
2231		9
2232		12
2233		13
2234		9
2235		5
2236		14
2237		14
2238		19
2239		13
2240		14
2241		9
2242		17
2243		8
2244		10
2245		7
2246		11
2247		9
2248		9
2249		7
2250		13
2251		10
2252		11
2253		7
2254		8
2255		8
2256		10
2257		8
2258		11
2259		13
2260		10
2261		14
2262		10
2263		11
2264		12
2265		9
2266		12
2267		7
2268		13
2269		10
2270		11
2271		10
2272		4
2273		9
2274		12
2275		12
2276		7
2277		10
2278		11
2279		10
2280		14
2281		13
2282		12
2283		14
2284		6
2285		12
2286		7
2287		11
2288		10
2289		13
2290		14
2291		9
2292		10
2293		9
2294		14
2295		6
2296		14
2297		8
2298		7
2299		13
2300		12
2301		12
2302		4
2303		7
2304		9
2305		10
2306		17
2307		13
2308		6
2309		11
2310		10
2311		9
2312		10
2313		6
2314		12
2315		17
2316		13
2317		13
2318		7
2319		16
2320		13
2321		5
2322		15
2323		13
2324		9
2325		7
2326		7
2327		10
2328		6
2329		12
2330		7
2331		10
2332		9
2333		9
2334		11
2335		9
2336		18
2337		16
2338		9
2339		9
2340		10
2341		4
2342		14
2343		11
2344		10
2345		11
2346		7
2347		6
2348		9
2349		8
2350		6
2351		8
2352		8
2353		4
2354		12
2355		11
2356		10
2357		9
2358		11
2359		8
2360		6
2361		7
2362		8
2363		7
2364		10
2365		9
2366		13
2367		5
2368		14
2369		9
2370		10
2371		9
2372		15
2373		12
2374		7
2375		10
2376		7
2377		13
2378		6
2379		6
2380		11
2381		15
2382		3
2383		8
2384		10
2385		9
2386		11
2387		7
2388		7
2389		10
2390		7
2391		13
2392		10
2393		12
2394		7
2395		9
2396		10
2397		12
2398		7
2399		9
2400		8
2401		9
2402		3
2403		7
2404		7
2405		9
2406		10
2407		13
2408		5
2409		12
2410		2
2411		10
2412		5
2413		10
2414		8
2415		5
2416		11
2417		7
2418		6
2419		8
2420		11
2421		3
2422		8
2423		10
2424		7
2425		8
2426		9
2427		9
2428		14
2429		15
2430		13
2431		8
2432		14
2433		11
2434		8
2435		13
2436		12
2437		10
2438		9
2439		8
2440		11
2441		8
2442		6
2443		8
2444		7
2445		13
2446		9
2447		5
2448		11
2449		12
2450		11
2451		8
2452		8
2453		11
2454		10
2455		5
2456		8
2457		7
2458		7
2459		8
2460		12
2461		9
2462		10
2463		11
2464		9
2465		7
2466		8
2467		10
2468		6
2469		6
2470		12
2471		4
2472		8
2473		2
2474		8
2475		8
2476		5
2477		16
2478		7
2479		8
2480		6
2481		5
2482		10
2483		6
2484		12
2485		9
2486		9
2487		10
2488		9
2489		13
2490		10
2491		7
2492		10
2493		9
2494		10
2495		5
2496		8
2497		4
2498		3
2499		12
2500		13
2501		11
2502		7
2503		11
2504		14
2505		7
2506		9
2507		11
2508		9
2509		15
2510		12
2511		11
2512		8
2513		13
2514		12
2515		11
2516		14
2517		6
2518		6
2519		10
2520		12
2521		11
2522		5
2523		10
2524		8
2525		8
2526		9
2527		8
2528		7
2529		11
2530		6
2531		8
2532		8
2533		12
2534		7
2535		9
2536		9
2537		10
2538		5
2539		8
2540		14
2541		8
2542		12
2543		5
2544		5
2545		10
2546		10
2547		6
2548		7
2549		12
2550		13
2551		13
2552		7
2553		7
2554		10
2555		7
2556		9
2557		11
2558		19
2559		7
2560		11
2561		8
2562		7
2563		9
2564		7
2565		11
2566		11
2567		5
2568		4
2569		9
2570		8
2571		7
2572		7
2573		9
2574		1
2575		5
2576		6
2577		12
2578		7
2579		5
2580		7
2581		9
2582		11
2583		13
2584		7
2585		9
2586		9
2587		10
2588		9
2589		6
2590		7
2591		8
2592		11
2593		14
2594		12
2595		6
2596		12
2597		8
2598		5
2599		15
2600		6
2601		13
2602		10
2603		7
2604		13
2605		9
2606		7
2607		3
2608		9
2609		11
2610		8
2611		8
2612		9
2613		10
2614		20
2615		8
2616		8
2617		6
2618		5
2619		9
2620		5
2621		12
2622		9
2623		15
2624		7
2625		6
2626		7
2627		9
2628		8
2629		10
2630		10
2631		6
2632		13
2633		9
2634		9
2635		14
2636		6
2637		4
2638		9
2639		4
2640		7
2641		4
2642		4
2643		8
2644		13
2645		9
2646		2
2647		5
2648		10
2649		10
2650		8
2651		6
2652		13
2653		6
2654		8
2655		6
2656		9
2657		8
2658		8
2659		7
2660		6
2661		10
2662		7
2663		12
2664		4
2665		3
2666		6
2667		7
2668		15
2669		7
2670		8
2671		9
2672		14
2673		9
2674		9
2675		9
2676		6
2677		9
2678		7
2679		10
2680		9
2681		12
2682		5
2683		6
2684		7
2685		9
2686		7
2687		14
2688		9
2689		2
2690		7
2691		9
2692		7
2693		9
2694		6
2695		8
2696		5
2697		4
2698		10
2699		5
2700		9
2701		9
2702		5
2703		8
2704		9
2705		7
2706		6
2707		8
2708		4
2709		13
2710		6
2711		8
2712		4
2713		9
2714		9
2715		10
2716		6
2717		5
2718		9
2719		6
2720		4
2721		4
2722		7
2723		3
2724		7
2725		7
2726		5
2727		7
2728		9
2729		1
2730		2
2731		7
2732		9
2733		7
2734		6
2735		5
2736		8
2737		8
2738		8
2739		4
2740		8
2741		9
2742		8
2743		9
2744		6
2745		8
2746		5
2747		7
2748		9
2749		7
2750		6
2751		6
2752		6
2753		7
2754		4
2755		9
2756		5
2757		8
2758		5
2759		10
2760		4
2761		7
2762		7
2763		2
2764		8
2765		2
2766		6
2767		3
2768		4
2769		9
2770		7
2771		11
2772		9
2773		11
2774		11
2775		4
2776		8
2777		6
2778		6
2779		9
2780		8
2781		4
2782		4
2783		12
2784		8
2785		9
2786		6
2787		6
2788		3
2789		11
2790		9
2791		9
2792		7
2793		7
2794		4
2795		5
2796		10
2797		7
2798		8
2799		10
2800		11
2801		8
2802		6
2803		8
2804		12
2805		7
2806		6
2807		8
2808		5
2809		5
2810		8
2811		6
2812		10
2813		6
2814		2
2815		6
2816		9
2817		6
2818		8
2819		7
2820		3
2821		10
2822		4
2823		8
2824		7
2825		8
2826		9
2827		2
2828		5
2829		2
2830		7
2831		7
2832		7
2833		7
2834		7
2835		9
2836		7
2837		7
2838		3
2839		9
2840		8
2841		5
2842		7
2843		4
2844		10
2845		6
2846		7
2847		6
2848		6
2849		7
2850		12
2851		8
2852		5
2853		10
2854		8
2855		7
2856		6
2857		6
2858		6
2859		6
2860		4
2861		5
2862		9
2863		6
2864		11
2865		7
2866		7
2867		3
2868		4
2869		5
2870		6
2871		11
2872		6
2873		7
2874		5
2875		9
2876		2
2877		6
2878		8
2879		2
2880		8
2881		7
2882		6
2883		4
2884		12
2885		5
2886		8
2887		5
2888		8
2889		8
2890		6
2891		8
2892		13
2893		6
2894		7
2895		7
2896		10
2897		6
2898		10
2899		8
2900		4
2901		7
2902		5
2903		7
2904		4
2905		7
2906		7
2907		4
2908		7
2909		7
2910		3
2911		8
2912		12
2913		8
2914		5
2915		8
2916		4
2917		6
2918		7
2919		3
2920		4
2921		8
2922		2
2923		8
2924		3
2925		7
2926		13
2927		11
2928		6
2929		6
2930		11
2931		11
2932		7
2933		8
2934		7
2935		8
2936		6
2937		9
2938		11
2939		11
2940		9
2941		4
2942		7
2943		4
2944		4
2945		2
2946		4
2947		5
2948		7
2949		4
2950		9
2951		6
2952		2
2953		1
2954		3
2955		16
2956		4
2957		7
2958		5
2959		5
2960		6
2961		2
2962		7
2963		8
2964		5
2965		5
2966		6
2967		5
2968		6
2969		5
2970		6
2971		8
2972		6
2973		5
2974		5
2975		8
2976		7
2977		3
2978		9
2979		2
2980		6
2981		5
2982		2
2983		11
2984		6
2985		10
2986		9
2987		9
2988		5
2989		6
2990		11
2991		10
2992		7
2993		5
2994		4
2995		6
2996		5
2997		10
2998		12
2999		6
3000		9
3001		5
3002		6
3003		4
3004		4
3005		11
3006		8
3007		7
3008		5
3009		7
3010		6
3011		3
3012		11
3013		7
3014		4
3015		7
3016		5
3017		7
3018		7
3019		4
3020		3
3021		10
3022		11
3023		6
3024		10
3025		4
3026		2
3027		3
3028		2
3029		5
3030		7
3031		6
3032		7
3033		6
3034		5
3035		6
3036		4
3037		2
3038		1
3039		5
3040		2
3041		7
3042		10
3043		5
3044		3
3045		4
3046		4
3047		3
3048		4
3049		4
3050		8
3051		2
3052		7
3053		9
3054		3
3055		2
3056		5
3057		4
3058		4
3059		5
3060		9
3061		7
3062		10
3063		4
3064		4
3065		10
3066		2
3067		5
3068		9
3069		4
3070		8
3071		7
3072		5
3073		5
3074		5
3075		2
3076		3
3077		6
3078		3
3079		5
3080		6
3081		4
3082		6
3083		8
3084		6
3085		10
3086		7
3087		7
3088		6
3089		4
3090		6
3091		5
3092		5
3093		3
3094		4
3095		6
3096		6
3097		7
3098		8
3099		5
3100		9
3101		3
3102		9
3103		7
3104		6
3105		6
3106		11
3107		3
3108		5
3109		7
3110		4
3111		8
3112		3
3113		4
3114		6
3115		2
3116		8
3117		5
3118		6
3119		3
3120		5
3121		9
3122		7
3123		2
3124		10
3125		4
3126		3
3127		4
3128		7
3129		4
3130		6
3131		6
3132		4
3133		4
3134		4
3135		3
3136		2
3137		4
3138		4
3139		4
3140		5
3141		3
3142		3
3143		5
3144		7
3145		7
3146		8
3147		2
3148		6
3149		7
3150		7
3151		3
3152		8
3153		3
3154		6
3155		3
3156		5
3157		5
3158		1
3159		4
3160		6
3161		10
3162		7
3163		10
3164		11
3165		4
3166		4
3167		6
3168		6
3169		2
3170		6
3171		5
3172		10
3173		11
3174		5
3175		6
3176		6
3177		8
3178		5
3179		7
3180		4
3181		5
3182		5
3183		4
3184		9
3185		5
3186		5
3187		5
3188		7
3189		3
3190		7
3191		4
3192		9
3193		5
3194		6
3195		4
3196		1
3197		4
3198		3
3199		3
3200		6
3201		4
3202		10
3203		2
3204		5
3205		8
3206		5
3207		8
3208		7
3209		7
3210		8
3212		7
3213		7
3214		4
3215		2
3216		6
3217		3
3218		4
3219		3
3220		8
3221		3
3222		8
3223		6
3224		5
3225		7
3226		10
3227		5
3228		8
3229		6
3230		7
3231		6
3232		5
3233		6
3234		6
3235		4
3236		1
3237		10
3238		3
3239		5
3240		7
3241		4
3242		8
3243		8
3244		9
3245		6
3246		6
3247		3
3248		6
3249		5
3250		3
3251		6
3252		7
3253		4
3254		4
3255		2
3256		7
3257		7
3258		2
3259		9
3260		5
3261		2
3262		4
3263		4
3264		6
3265		5
3266		6
3267		6
3268		6
3269		5
3270		4
3271		5
3272		8
3274		6
3275		5
3276		6
3277		5
3278		4
3279		7
3280		5
3281		5
3282		4
3283		1
3284		5
3285		7
3286		2
3287		7
3288		3
3289		7
3290		6
3291		2
3292		7
3293		7
3294		3
3295		5
3296		3
3297		2
3298		5
3299		3
3300		4
3301		5
3302		5
3303		6
3304		6
3305		10
3306		9
3307		3
3308		3
3309		10
3310		7
3311		7
3312		5
3313		6
3314		6
3315		4
3316		6
3317		4
3318		8
3319		3
3320		8
3321		10
3322		10
3323		7
3324		7
3325		2
3326		5
3327		9
3328		9
3329		5
3330		3
3331		8
3332		6
3333		10
3334		7
3335		5
3336		9
3337		6
3338		11
3339		8
3340		4
3341		3
3342		9
3343		6
3344		3
3345		8
3346		3
3347		2
3348		4
3349		5
3350		6
3351		8
3352		3
3353		6
3354		5
3355		7
3356		4
3357		7
3358		5
3359		6
3360		11
3361		4
3362		4
3363		7
3364		2
3365		5
3366		2
3367		6
3368		5
3369		4
3370		10
3371		6
3372		5
3373		5
3374		5
3375		5
3376		4
3377		4
3378		5
3379		2
3380		5
3381		6
3382		7
3383		6
3384		11
3385		4
3386		1
3387		3
3388		2
3389		5
3390		5
3391		6
3392		6
3393		9
3394		4
3395		6
3396		4
3397		8
3398		4
3399		6
3400		6
3401		5
3402		4
3403		5
3404		6
3405		11
3406		6
3407		6
3408		2
3409		7
3410		3
3411		6
3412		2
3413		3
3414		8
3415		2
3416		5
3417		5
3418		5
3419		6
3420		6
3421		6
3422		3
3423		5
3424		7
3425		5
3426		5
3427		8
3428		6
3429		3
3430		4
3431		6
3432		3
3433		1
3434		2
3435		2
3436		6
3437		3
3438		1
3439		5
3440		6
3441		6
3442		6
3443		4
3444		2
3445		3
3446		5
3447		11
3448		3
3449		3
3450		4
3451		2
3452		2
3453		2
3454		3
3455		6
3456		4
3457		8
3458		2
3459		5
3460		8
3461		6
3462		8
3463		6
3464		2
3465		2
3466		4
3467		5
3468		1
3469		2
3470		6
3471		5
3472		4
3473		4
3474		2
3475		8
3476		8
3477		6
3478		4
3479		3
3480		4
3481		1
3482		3
3483		2
3484		2
3485		4
3486		8
3487		2
3488		8
3489		7
3490		1
3491		6
3492		4
3493		5
3494		4
3495		6
3496		3
3497		5
3498		4
3499		4
3500		3
3501		4
3502		3
3503		4
3504		6
3505		3
3506		1
3507		2
3508		2
3509		6
3510		3
3511		6
3512		3
3513		7
3514		2
3515		7
3516		7
3517		1
3518		5
3519		7
3520		6
3521		4
3522		2
3523		3
3524		4
3525		1
3526		7
3527		1
3528		4
3529		2
3530		6
3531		3
3532		4
3533		4
3534		3
3535		6
3536		4
3537		7
3538		4
3539		5
3540		2
3541		5
3542		3
3543		3
3544		7
3545		3
3546		4
3547		4
3548		4
3549		3
3550		5
3551		4
3552		6
3553		4
3554		8
3555		5
3556		7
3557		3
3558		5
3559		5
3560		2
3561		3
3562		4
3563		2
3564		3
3565		1
3566		2
3567		2
3568		1
3569		11
3570		5
3571		3
3572		6
3573		8
3574		5
3575		3
3576		4
3577		4
3578		6
3579		13
3580		3
3581		1
3583		5
3584		6
3585		4
3586		6
3587		6
3588		4
3589		2
3590		3
3591		5
3592		2
3593		6
3594		6
3595		4
3596		4
3597		1
3598		4
3599		3
3600		4
3601		5
3602		6
3603		7
3604		8
3605		5
3606		4
3607		3
3608		6
3609		4
3610		4
3611		6
3612		4
3613		6
3614		6
3615		5
3616		5
3617		5
3618		5
3619		6
3620		3
3621		6
3622		7
3623		6
3624		5
3625		9
3626		5
3628		4
3629		5
3630		2
3631		5
3632		4
3633		2
3634		5
3635		3
3636		6
3637		6
3638		3
3639		5
3640		4
3641		2
3642		7
3643		5
3644		3
3645		4
3646		5
3647		3
3648		3
3649		3
3650		1
3651		8
3652		5
3653		3
3654		2
3655		5
3656		3
3657		3
3658		2
3659		6
3660		2
3661		3
3662		4
3663		3
3664		6
3665		3
3666		3
3667		8
3668		2
3669		9
3671		6
3672		1
3673		8
3674		2
3675		5
3676		6
3677		2
3678		1
3679		5
3680		4
3681		4
3682		5
3683		4
3684		6
3685		5
3686		4
3687		4
3688		5
3689		3
3690		2
3691		5
3692		3
3693		3
3694		2
3695		4
3696		4
3697		6
3698		3
3699		3
3700		3
3701		2
3702		2
3703		1
3704		4
3705		4
3707		5
3708		3
3709		3
3710		6
3711		2
3712		1
3713		2
3714		2
3715		1
3716		8
3718		3
3719		6
3720		3
3721		2
3722		3
3723		5
3724		3
3725		3
3726		2
3727		2
3728		4
3729		3
3730		2
3731		2
3732		1
3733		8
3734		3
3735		5
3736		2
3737		4
3738		3
3739		4
3740		2
3741		2
3742		2
3743		1
3744		2
3745		1
3746		1
3747		4
3748		6
3749		4
3750		2
3751		4
3753		1
3754		1
3755		2
3756		1
3757		4
3758		6
3759		5
3760		2
3761		4
3762		4
3763		2
3764		1
3765		2
3766		5
3767		8
3768		5
3769		5
3770		8
3771		3
3773		2
3774		3
3775		3
3776		6
3777		1
3778		2
3779		1
3780		5
3781		4
3782		5
3783		7
3784		4
3785		6
3786		2
3787		4
3788		5
3789		6
3790		5
3791		3
3792		3
3793		3
3794		3
3795		4
3796		4
3797		4
3798		1
3799		4
3800		3
3801		3
3802		4
3803		4
3804		2
3805		2
3806		3
3807		4
3808		7
3809		3
3810		8
3811		2
3812		4
3813		6
3814		2
3815		5
3816		4
3817		3
3818		2
3819		4
3820		6
3821		2
3822		6
3823		3
3824		1
3825		5
3826		5
3827		1
3828		1
3829		6
3830		4
3831		7
3832		5
3833		1
3834		1
3835		7
3836		3
3837		4
3838		2
3839		7
3840		2
3841		4
3842		5
3843		4
3845		3
3846		2
3847		4
3848		4
3849		2
3850		2
3851		2
3852		1
3853		8
3854		3
3855		6
3856		5
3857		3
3858		3
3859		3
3860		6
3861		3
3862		2
3863		3
3864		1
3865		3
3866		1
3867		3
3868		8
3869		3
3870		4
3871		6
3872		7
3873		2
3874		4
3875		3
3876		7
3877		3
3878		5
3879		3
3882		3
3883		5
3884		3
3885		4
3886		5
3887		7
3888		4
3889		3
3890		3
3891		3
3892		2
3893		1
3894		4
3895		4
3896		1
3897		3
3898		5
3899		4
3900		3
3901		1
3902		2
3903		3
3904		3
3906		4
3907		5
3908		3
3909		1
3910		3
3911		5
3912		4
3913		4
3914		2
3915		2
3916		3
3917		4
3918		2
3919		3
3920		3
3922		3
3923		6
3924		3
3925		2
3926		1
3927		5
3929		3
3930		3
3931		4
3932		3
3933		5
3934		2
3935		1
3936		4
3937		1
3938		7
3939		3
3940		2
3941		4
3942		3
3943		2
3944		1
3945		1
3946		2
3947		8
3948		5
3949		4
3950		4
3951		3
3953		2
3954		3
3955		3
3956		3
3957		2
3958		4
3959		3
3960		2
3961		2
3962		5
3963		3
3964		2
3965		7
3966		3
3967		4
3969		3
3970		3
3971		7
3972		3
3973		1
3974		2
3975		2
3976		3
3977		5
3978		1
3979		2
3980		4
3981		4
3982		2
3983		1
3984		2
3987		3
3988		3
3989		5
3990		5
3991		2
3992		9
3994		2
3996		1
3998		3
3999		5
4000		3
4001		3
4002		3
4003		2
4004		3
4005		4
4006		2
4007		3
4008		4
4009		5
4010		3
4011		6
4012		2
4013		3
4014		3
4015		3
4016		4
4017		2
4018		5
4019		4
4020		6
4022		2
4023		3
4024		2
4025		5
4027		1
4028		3
4029		2
4030		3
4031		3
4032		4
4033		6
4034		2
4035		5
4036		4
4037		6
4038		3
4039		4
4040		2
4041		1
4042		5
4043		4
4044		2
4045		1
4046		1
4047		2
4048		6
4049		5
4050		5
4051		5
4052		3
4053		2
4054		4
4055		3
4056		3
4057		3
4058		4
4060		4
4061		2
4062		2
4064		3
4065		4
4066		3
4067		6
4069		2
4070		4
4071		6
4072		3
4073		6
4074		7
4075		2
4076		3
4077		7
4078		3
4079		3
4080		4
4081		5
4083		5
4084		4
4085		5
4086		4
4087		1
4088		1
4089		5
4090		9
4091		2
4092		3
4093		2
4094		5
4095		2
4096		2
4097		1
4098		3
4100		2
4101		5
4102		1
4103		7
4104		5
4105		5
4106		3
4107		4
4108		3
4109		1
4110		4
4111		2
4112		4
4113		3
4114		3
4115		3
4116		4
4117		1
4118		6
4119		2
4120		3
4121		3
4124		1
4125		6
4126		2
4128		1
4129		2
4130		1
4131		3
4133		6
4134		5
4135		1
4136		3
4137		2
4138		5
4139		2
4141		3
4142		4
4143		2
4144		1
4145		4
4146		2
4147		1
4148		1
4149		1
4150		4
4151		1
4152		1
4153		5
4154		1
4155		7
4156		3
4157		4
4158		2
4160		1
4161		1
4162		5
4163		1
4164		4
4165		3
4166		2
4167		3
4168		3
4169		1
4170		4
4171		3
4172		6
4173		3
4174		5
4175		1
4176		5
4177		1
4178		3
4179		2
4180		1
4181		1
4182		2
4183		3
4184		2
4185		3
4186		4
4187		2
4188		1
4189		3
4190		3
4193		1
4195		4
4196		1
4197		1
4198		1
4199		2
4200		4
4201		3
4202		2
4203		1
4204		2
4205		1
4206		1
4207		4
4208		2
4209		2
4210		1
4211		3
4212		3
4213		2
4214		3
4215		4
4216		5
4217		2
4218		1
4219		2
4220		2
4221		2
4222		3
4223		1
4224		3
4225		3
4226		2
4227		3
4228		1
4229		1
4230		4
4231		1
4232		1
4233		3
4234		2
4235		6
4236		1
4237		2
4238		1
4239		3
4240		4
4241		2
4242		2
4243		2
4244		1
4247		2
4248		7
4249		1
4250		4
4251		2
4252		3
4253		5
4254		2
4256		1
4257		1
4258		3
4259		3
4260		3
4262		1
4263		3
4264		4
4265		6
4266		6
4267		7
4268		3
4269		5
4270		3
4271		3
4272		2
4274		3
4275		3
4276		3
4278		3
4279		3
4280		1
4282		2
4283		1
4284		2
4285		1
4286		3
4287		1
4288		1
4289		3
4290		2
4291		3
4292		4
4293		2
4294		2
4295		2
4296		2
4297		4
4298		3
4299		5
4300		2
4301		2
4302		2
4303		3
4305		2
4306		2
4307		4
4308		6
4309		1
4310		2
4311		2
4312		4
4313		4
4314		4
4315		1
4316		1
4317		1
4318		3
4319		1
4321		6
4322		2
4323		1
4324		2
4325		5
4326		3
4327		3
4328		3
4329		1
4330		3
4331		4
4333		4
4334		3
4335		2
4336		3
4337		1
4338		2
4340		2
4341		3
4342		2
4343		2
4345		3
4346		4
4347		1
4348		1
4349		3
4350		3
4351		3
4352		1
4353		5
4354		4
4355		1
4356		2
4357		1
4358		2
4359		3
4360		6
4361		6
4362		1
4363		1
4365		6
4366		1
4367		3
4368		4
4369		5
4370		2
4371		1
4372		3
4373		5
4375		2
4376		2
4377		4
4379		2
4380		3
4381		2
4382		2
4384		1
4385		2
4386		2
4387		4
4388		1
4389		3
4390		3
4391		1
4392		1
4395		3
4396		2
4397		2
4398		1
4399		2
4400		1
4401		1
4402		4
4403		4
4404		1
4405		1
4406		3
4407		2
4408		1
4409		6
4410		2
4411		3
4412		4
4413		1
4414		3
4415		6
4416		2
4417		2
4419		1
4420		2
4421		1
4422		3
4423		2
4424		3
4425		2
4426		3
4427		4
4428		1
4429		2
4431		2
4432		1
4434		1
4435		2
4436		1
4437		1
4438		3
4439		2
4440		1
4441		2
4443		2
4444		1
4445		3
4448		2
4449		2
4450		1
4451		1
4452		3
4453		1
4454		2
4455		1
4456		1
4458		2
4459		4
4460		8
4461		3
4462		2
4463		2
4464		3
4465		5
4466		2
4467		2
4468		2
4469		2
4470		2
4471		2
4472		3
4473		2
4475		2
4476		2
4477		2
4479		4
4480		1
4481		2
4482		3
4484		3
4485		2
4487		1
4488		4
4489		1
4490		2
4492		1
4493		2
4494		3
4495		3
4496		2
4497		1
4498		3
4499		2
4501		1
4502		3
4504		3
4507		4
4508		2
4509		1
4510		2
4511		3
4512		3
4513		2
4515		2
4516		2
4517		1
4518		6
4519		2
4520		1
4521		1
4523		2
4524		1
4525		2
4526		2
4527		1
4528		4
4529		1
4530		1
4532		1
4533		1
4534		1
4535		1
4536		2
4537		4
4538		3
4539		1
4540		3
4541		3
4542		2
4543		5
4545		3
4546		2
4547		2
4548		1
4549		1
4550		2
4551		1
4554		1
4555		2
4556		3
4557		4
4558		3
4559		3
4560		1
4561		2
4562		1
4563		1
4565		4
4567		2
4568		1
4569		3
4570		3
4571		1
4572		2
4573		2
4574		4
4575		1
4576		2
4577		1
4582		4
4583		1
4585		2
4586		4
4587		3
4588		4
4589		1
4590		1
4591		2
4592		1
4593		2
4594		2
4595		2
4597		1
4598		2
4600		1
4601		2
4602		2
4603		2
4604		2
4605		4
4606		3
4607		3
4608		1
4609		2
4611		5
4612		2
4613		2
4614		2
4616		1
4617		2
4618		4
4619		1
4620		1
4622		2
4623		2
4624		2
4626		1
4627		1
4629		2
4630		2
4631		2
4632		2
4633		2
4634		4
4635		2
4636		1
4637		2
4638		2
4639		4
4641		3
4642		1
4643		2
4644		2
4645		2
4646		1
4647		2
4648		2
4649		1
4650		2
4652		3
4653		3
4654		3
4655		2
4656		3
4657		3
4658		3
4659		2
4661		1
4663		1
4664		1
4665		3
4666		1
4667		3
4669		1
4670		2
4671		2
4672		1
4673		3
4675		1
4676		1
4677		2
4678		7
4681		1
4684		2
4685		3
4686		1
4687		1
4688		4
4689		2
4690		1
4692		2
4693		2
4694		1
4695		2
4696		1
4697		1
4698		1
4699		3
4700		2
4701		4
4703		3
4704		3
4705		1
4706		1
4707		5
4708		4
4709		1
4710		1
4711		4
4712		2
4713		1
4714		1
4715		2
4716		2
4717		2
4718		3
4720		3
4722		2
4723		1
4724		1
4725		2
4726		2
4727		2
4728		2
4729		5
4730		2
4731		3
4735		2
4736		3
4737		1
4738		2
4739		1
4740		1
4742		2
4744		1
4745		2
4747		1
4748		2
4752		1
4754		2
4755		1
4756		2
4758		3
4759		2
4760		2
4761		3
4762		2
4764		2
4765		1
4766		2
4767		3
4768		4
4769		2
4771		1
4773		2
4774		1
4775		1
4776		1
4777		2
4778		2
4779		1
4780		2
4781		1
4783		3
4784		1
4785		2
4786		1
4787		2
4788		2
4789		2
4790		4
4791		2
4792		1
4793		1
4794		2
4797		2
4798		1
4799		1
4800		4
4801		1
4802		2
4803		1
4804		1
4805		2
4806		1
4808		2
4809		1
4810		2
4811		2
4813		3
4815		1
4816		1
4817		4
4818		1
4819		1
4820		2
4821		3
4822		1
4823		2
4825		3
4826		2
4827		1
4829		2
4830		2
4831		2
4832		3
4833		2
4834		4
4835		2
4836		1
4838		1
4839		1
4840		2
4841		3
4842		1
4843		1
4844		1
4845		4
4846		1
4847		2
4848		3
4849		4
4850		3
4851		2
4853		1
4854		3
4856		2
4857		3
4859		2
4862		1
4863		1
4864		3
4865		2
4866		2
4867		1
4869		1
4871		1
4873		2
4874		5
4876		1
4877		2
4879		1
4880		1
4881		3
4883		2
4884		2
4886		1
4888		3
4889		1
4890		1
4894		2
4895		1
4897		2
4898		2
4899		1
4900		2
4901		1
4902		1
4903		1
4904		1
4905		1
4906		2
4907		1
4909		1
4910		1
4911		1
4913		2
4915		1
4916		2
4917		2
4918		1
4921		3
4922		1
4923		1
4924		1
4925		2
4926		1
4927		2
4928		3
4934		2
4936		2
4937		2
4939		1
4940		2
4941		1
4942		1
4943		4
4944		1
4946		2
4947		1
4948		1
4949		4
4950		1
4951		2
4952		1
4956		1
4958		1
4959		1
4960		1
4961		1
4962		1
4965		2
4966		1
4967		2
4969		1
4970		3
4971		3
4972		1
4973		2
4976		2
4977		1
4979		1
4980		2
4981		2
4983		2
4984		1
4989		1
4990		2
4991		1
4992		1
4993		3
4994		1
4996		2
4998		2
5001		1
5002		1
5004		2
5007		1
5008		1
5009		1
5011		2
5013		2
5014		2
5015		1
5018		1
5019		1
5020		2
5021		2
5023		1
5024		1
5025		3
5027		1
5029		2
5031		2
5033		3
5034		2
5035		2
5036		1
5037		1
5038		1
5040		1
5041		2
5042		1
5044		3
5046		1
5047		2
5049		2
5052		3
5054		1
5055		3
5057		2
5059		1
5060		2
5063		2
5064		1
5065		2
5066		1
5068		3
5069		1
5070		3
5071		1
5072		1
5074		2
5076		1
5077		1
5078		2
5079		1
5081		1
5082		1
5084		2
5085		1
5086		1
5087		1
5088		2
5089		1
5090		1
5091		1
5092		1
5093		2
5094		1
5096		1
5097		1
5099		1
5101		1
5102		2
5106		2
5108		2
5109		1
5111		1
5113		1
5114		1
5115		2
5116		2
5118		2
5119		1
5120		1
5121		2
5124		2
5126		2
5128		1
5129		1
5131		1
5134		1
5141		1
5142		2
5144		1
5147		2
5149		2
5150		1
5154		1
5156		2
5158		1
5161		1
5163		3
5164		1
5166		1
5167		1
5168		1
5169		2
5170		1
5171		2
5172		4
5173		1
5179		1
5180		2
5184		1
5185		1
5186		1
5188		1
5189		1
5192		2
5193		1
5196		1
5197		2
5203		3
5206		1
5207		2
5209		1
5210		2
5212		1
5213		3
5214		1
5217		1
5218		1
5219		2
5223		1
5224		1
5226		3
5229		2
5230		2
5231		1
5234		2
5238		1
5239		2
5240		2
5241		2
5242		2
5243		1
5244		1
5245		1
5246		1
5247		1
5248		1
5250		1
5252		3
5253		1
5255		3
5256		1
5257		1
5259		1
5260		1
5262		1
5263		1
5265		1
5267		1
5268		2
5274		2
5275		1
5280		1
5285		1
5286		1
5291		1
5292		2
5293		1
5295		2
5302		1
5303		1
5308		1
5310		1
5313		1
5314		1
5316		1
5318		1
5319		1
5320		2
5328		1
5329		1
5331		1
5332		1
5333		1
5334		1
5335		2
5338		1
5343		2
5347		3
5349		2
5350		1
5352		1
5353		1
5355		2
5358		1
5361		2
5362		1
5363		1
5364		1
5365		2
5366		1
5368		1
5370		1
5371		2
5372		1
5373		1
5374		1
5375		1
5380		1
5381		1
5384		1
5386		2
5387		2
5391		1
5392		3
5399		1
5401		1
5402		1
5404		1
5406		1
5407		2
5408		1
5414		1
5415		1
5416		1
5420		1
5421		1
5422		1
5429		2
5430		1
5432		1
5433		1
5434		2
5437		1
5441		1
5448		1
5451		1
5452		1
5453		1
5454		1
5455		1
5457		2
5459		1
5463		1
5464		2
5465		1
5468		1
5473		1
5474		1
5475		1
5478		1
5480		2
5482		2
5485		1
5486		1
5489		1
5490		2
5501		1
5502		1
5503		1
5505		1
5507		1
5508		1
5512		1
5513		2
5514		1
5515		3
5516		2
5518		1
5521		1
5522		1
5524		1
5525		1
5526		2
5527		2
5529		1
5534		2
5535		1
5539		1
5546		2
5550		1
5552		2
5554		1
5555		1
5556		1
5559		1
5562		1
5563		2
5565		2
5568		1
5569		1
5571		1
5574		1
5578		1
5579		2
5584		2
5585		1
5586		1
5587		1
5588		1
5589		1
5591		1
5592		1
5593		1
5594		1
5595		2
5601		3
5606		2
5609		1
5610		1
5612		1
5613		2
5615		1
5621		2
5625		2
5626		1
5627		2
5629		2
5631		1
5632		1
5636		1
5648		1
5653		1
5664		2
5666		1
5667		1
5670		1
5676		1
5677		1
5682		1
5687		1
5691		2
5692		1
5694		1
5695		2
5696		1
5697		1
5707		1
5708		1
5714		1
5717		2
5718		1
5727		1
5734		2
5737		1
5739		2
5743		1
5748		2
5749		1
5757		1
5760		1
5766		1
5772		1
5773		1
5775		1
5777		1
5778		2
5786		1
5787		1
5793		1
5794		1
5808		1
5813		1
5831		1
5833		1
5834		1
5836		1
5838		1
5844		1
5847		1
5856		1
5858		1
5862		1
5865		1
5868		1
5871		1
5874		1
5876		1
5884		1
5885		1
5886		1
5897		1
5907		1
5912		2
5920		1
5926		1
5928		1
5929		1
5931		1
5935		1
5936		1
5941		2
5945		1
5948		2
5956		1
5960		1
5965		1
5976		3
5979		1
5993		1
5997		1
6002		1
6006		1
6008		1
6014		1
6019		1
6028		1
6034		1
6037		1
6048		1
6066		1
6068		1
6087		1
6125		1
6141		1
6150		1
6158		1
6161		1
6163		1
6178		1
6185		1
6203		1
6212		1
6222		1
6227		1
6233		1
6238		1
6251		1
6259		1
6281		1
6284		1
6303		2
6313		1
6336		1
6371		1
6376		1
6397		1
6434		1
6460		1
6476		1
6510		1
6548		1
6655		1
6745		1
6766		1
6802		1
6811		1
6840		1
7358		1
