Tamaños		Cantidades
1		8268532
2		1756621
3		1048532
4		677649
5		476005
6		349650
7		270418
8		214839
9		175616
10		146795
11		124021
12		106355
13		92948
14		81697
15		72264
16		64640
17		58005
18		52367
19		47789
20		43998
21		39521
22		36760
23		34531
24		31713
25		29443
26		27377
27		25481
28		23949
29		22646
30		21541
31		19955
32		18875
33		17975
34		17012
35		16090
36		15372
37		14693
38		14197
39		13504
40		12885
41		12173
42		11565
43		11209
44		10805
45		10525
46		9945
47		9527
48		9241
49		8758
50		8675
51		8372
52		8130
53		7730
54		7389
55		7393
56		7109
57		6733
58		6532
59		6307
60		6143
61		6079
62		5831
63		5588
64		5676
65		5385
66		5309
67		5141
68		5005
69		4950
70		4783
71		4619
72		4501
73		4574
74		4358
75		4192
76		4022
77		3970
78		3904
79		3811
80		3815
81		3544
82		3629
83		3489
84		3462
85		3379
86		3379
87		3221
88		3271
89		3200
90		3026
91		2960
92		3051
93		3012
94		2891
95		2826
96		2722
97		2776
98		2690
99		2538
100		2553
101		2510
102		2534
103		2376
104		2377
105		2355
106		2375
107		2280
108		2245
109		2200
110		2143
111		2204
112		2134
113		2084
114		2055
115		2006
116		1971
117		1897
118		1844
119		1940
120		1822
121		1823
122		1895
123		1712
124		1814
125		1758
126		1698
127		1621
128		1700
129		1669
130		1617
131		1571
132		1515
133		1525
134		1524
135		1522
136		1487
137		1461
138		1527
139		1420
140		1451
141		1413
142		1368
143		1373
144		1380
145		1353
146		1258
147		1253
148		1375
149		1221
150		1219
151		1303
152		1219
153		1180
154		1227
155		1259
156		1193
157		1133
158		1148
159		1124
160		1065
161		1141
162		1142
163		1114
164		1090
165		1099
166		1073
167		1085
168		1018
169		1027
170		1017
171		987
172		994
173		994
174		994
175		955
176		959
177		971
178		993
179		933
180		926
181		913
182		913
183		865
184		861
185		889
186		900
187		808
188		856
189		807
190		836
191		829
192		818
193		820
194		834
195		779
196		871
197		822
198		783
199		766
200		802
201		772
202		792
203		719
204		758
205		741
206		696
207		730
208		744
209		743
210		713
211		731
212		693
213		711
214		667
215		668
216		702
217		626
218		671
219		690
220		628
221		697
222		653
223		605
224		611
225		654
226		667
227		594
228		618
229		601
230		586
231		609
232		608
233		611
234		579
235		575
236		549
237		533
238		576
239		564
240		601
241		556
242		569
243		527
244		539
245		534
246		528
247		545
248		588
249		481
250		506
251		512
252		529
253		522
254		534
255		492
256		530
257		507
258		491
259		500
260		511
261		471
262		472
263		485
264		473
265		491
266		459
267		480
268		441
269		466
270		439
271		446
272		464
273		455
274		482
275		442
276		460
277		442
278		433
279		429
280		420
281		403
282		445
283		383
284		422
285		423
286		414
287		406
288		406
289		393
290		467
291		414
292		382
293		439
294		379
295		397
296		435
297		439
298		361
299		362
300		391
301		379
302		396
303		369
304		368
305		389
306		395
307		342
308		406
309		362
310		394
311		391
312		363
313		376
314		350
315		344
316		347
317		386
318		351
319		350
320		346
321		347
322		379
323		331
324		356
325		322
326		342
327		315
328		341
329		350
330		283
331		317
332		333
333		315
334		333
335		350
336		308
337		313
338		318
339		305
340		304
341		312
342		328
343		279
344		321
345		320
346		271
347		298
348		331
349		283
350		272
351		297
352		334
353		290
354		302
355		327
356		291
357		300
358		281
359		304
360		272
361		306
362		291
363		263
364		273
365		248
366		262
367		277
368		254
369		260
370		262
371		275
372		290
373		281
374		270
375		281
376		262
377		272
378		231
379		267
380		239
381		257
382		277
383		263
384		271
385		270
386		260
387		248
388		269
389		253
390		270
391		226
392		253
393		242
394		249
395		246
396		229
397		228
398		239
399		236
400		230
401		220
402		227
403		248
404		240
405		225
406		236
407		221
408		231
409		229
410		215
411		229
412		225
413		224
414		201
415		212
416		207
417		211
418		234
419		213
420		237
421		221
422		236
423		213
424		215
425		210
426		234
427		227
428		216
429		195
430		221
431		240
432		199
433		204
434		230
435		222
436		187
437		182
438		209
439		211
440		183
441		211
442		204
443		192
444		201
445		185
446		184
447		188
448		179
449		207
450		198
451		191
452		198
453		193
454		214
455		186
456		200
457		161
458		202
459		196
460		196
461		158
462		190
463		199
464		170
465		171
466		181
467		163
468		193
469		156
470		185
471		202
472		176
473		175
474		196
475		156
476		173
477		167
478		172
479		170
480		173
481		159
482		182
483		166
484		189
485		143
486		153
487		158
488		167
489		162
490		160
491		154
492		172
493		177
494		153
495		169
496		183
497		141
498		150
499		174
500		152
501		184
502		138
503		155
504		153
505		164
506		142
507		166
508		131
509		163
510		142
511		153
512		142
513		161
514		173
515		152
516		154
517		161
518		165
519		132
520		171
521		170
522		150
523		149
524		152
525		144
526		142
527		156
528		158
529		137
530		151
531		153
532		130
533		147
534		132
535		143
536		138
537		158
538		147
539		142
540		138
541		131
542		131
543		140
544		137
545		139
546		156
547		125
548		143
549		161
550		138
551		153
552		143
553		148
554		135
555		132
556		124
557		145
558		162
559		137
560		145
561		141
562		129
563		149
564		124
565		120
566		120
567		131
568		130
569		133
570		126
571		128
572		136
573		133
574		132
575		135
576		128
577		130
578		129
579		129
580		116
581		122
582		119
583		129
584		123
585		136
586		138
587		123
588		111
589		117
590		115
591		129
592		103
593		115
594		119
595		110
596		121
597		131
598		93
599		122
600		111
601		100
602		134
603		111
604		116
605		130
606		115
607		114
608		125
609		107
610		123
611		109
612		124
613		142
614		123
615		118
616		107
617		107
618		119
619		93
620		117
621		102
622		84
623		142
624		99
625		108
626		108
627		114
628		107
629		115
630		123
631		100
632		108
633		110
634		115
635		108
636		112
637		100
638		107
639		102
640		122
641		118
642		108
643		100
644		102
645		98
646		96
647		90
648		109
649		90
650		103
651		97
652		99
653		103
654		99
655		110
656		92
657		99
658		113
659		107
660		96
661		98
662		110
663		108
664		103
665		92
666		109
667		104
668		96
669		103
670		105
671		89
672		120
673		107
674		87
675		99
676		93
677		97
678		102
679		102
680		102
681		94
682		98
683		109
684		103
685		81
686		77
687		88
688		89
689		90
690		95
691		92
692		95
693		91
694		88
695		99
696		110
697		100
698		90
699		102
700		90
701		106
702		94
703		74
704		84
705		75
706		101
707		83
708		95
709		92
710		100
711		84
712		105
713		85
714		82
715		95
716		108
717		85
718		93
719		83
720		89
721		70
722		102
723		92
724		78
725		102
726		92
727		73
728		98
729		98
730		97
731		92
732		90
733		78
734		84
735		90
736		83
737		72
738		85
739		87
740		82
741		74
742		101
743		80
744		70
745		93
746		79
747		87
748		79
749		82
750		84
751		78
752		74
753		90
754		74
755		93
756		91
757		77
758		80
759		94
760		80
761		66
762		93
763		70
764		85
765		89
766		94
767		71
768		59
769		76
770		67
771		84
772		83
773		77
774		83
775		73
776		68
777		63
778		77
779		80
780		69
781		75
782		60
783		71
784		75
785		82
786		84
787		72
788		75
789		80
790		75
791		80
792		72
793		70
794		108
795		74
796		69
797		54
798		74
799		82
800		65
801		75
802		63
803		80
804		86
805		69
806		90
807		71
808		61
809		79
810		90
811		79
812		66
813		69
814		75
815		72
816		65
817		68
818		71
819		72
820		67
821		80
822		72
823		79
824		53
825		69
826		83
827		68
828		69
829		66
830		67
831		55
832		66
833		48
834		69
835		68
836		66
837		92
838		70
839		69
840		73
841		49
842		79
843		65
844		62
845		71
846		70
847		64
848		65
849		64
850		64
851		84
852		83
853		56
854		78
855		62
856		74
857		54
858		54
859		79
860		70
861		57
862		58
863		62
864		57
865		63
866		64
867		59
868		59
869		66
870		46
871		72
872		49
873		71
874		54
875		73
876		61
877		66
878		61
879		80
880		64
881		64
882		59
883		47
884		64
885		56
886		67
887		76
888		63
889		53
890		68
891		56
892		53
893		57
894		72
895		64
896		66
897		60
898		63
899		67
900		55
901		66
902		71
903		66
904		67
905		43
906		61
907		54
908		61
909		57
910		50
911		65
912		62
913		55
914		60
915		50
916		57
917		55
918		61
919		62
920		63
921		61
922		60
923		58
924		62
925		66
926		69
927		52
928		58
929		48
930		48
931		52
932		52
933		49
934		69
935		51
936		63
937		67
938		56
939		60
940		47
941		53
942		65
943		56
944		65
945		57
946		68
947		64
948		50
949		56
950		53
951		55
952		58
953		53
954		54
955		68
956		50
957		41
958		50
959		56
960		52
961		44
962		54
963		51
964		53
965		47
966		46
967		56
968		37
969		57
970		66
971		48
972		56
973		51
974		43
975		47
976		54
977		59
978		57
979		59
980		50
981		50
982		60
983		61
984		45
985		34
986		49
987		47
988		60
989		49
990		54
991		46
992		42
993		42
994		55
995		48
996		59
997		50
998		52
999		55
1000		67
1001		44
1002		60
1003		46
1004		41
1005		62
1006		55
1007		38
1008		42
1009		51
1010		61
1011		57
1012		43
1013		57
1014		52
1015		61
1016		58
1017		44
1018		52
1019		50
1020		54
1021		45
1022		41
1023		42
1024		47
1025		59
1026		52
1027		45
1028		40
1029		32
1030		46
1031		40
1032		56
1033		53
1034		47
1035		48
1036		38
1037		53
1038		44
1039		58
1040		51
1041		41
1042		54
1043		42
1044		45
1045		33
1046		45
1047		54
1048		40
1049		37
1050		50
1051		43
1052		39
1053		47
1054		49
1055		35
1056		42
1057		58
1058		47
1059		35
1060		45
1061		46
1062		44
1063		36
1064		37
1065		43
1066		41
1067		36
1068		60
1069		38
1070		46
1071		58
1072		47
1073		48
1074		49
1075		49
1076		41
1077		42
1078		46
1079		48
1080		36
1081		38
1082		61
1083		32
1084		44
1085		40
1086		34
1087		34
1088		32
1089		53
1090		35
1091		39
1092		52
1093		47
1094		41
1095		42
1096		35
1097		46
1098		35
1099		44
1100		50
1101		42
1102		49
1103		37
1104		52
1105		43
1106		37
1107		44
1108		37
1109		39
1110		42
1111		46
1112		37
1113		37
1114		40
1115		36
1116		32
1117		53
1118		38
1119		41
1120		35
1121		34
1122		45
1123		31
1124		41
1125		33
1126		39
1127		37
1128		31
1129		37
1130		35
1131		39
1132		42
1133		40
1134		61
1135		34
1136		45
1137		42
1138		39
1139		46
1140		42
1141		38
1142		51
1143		43
1144		30
1145		37
1146		45
1147		44
1148		28
1149		46
1150		36
1151		35
1152		49
1153		43
1154		35
1155		44
1156		42
1157		35
1158		46
1159		50
1160		31
1161		42
1162		42
1163		49
1164		32
1165		33
1166		39
1167		32
1168		39
1169		40
1170		31
1171		42
1172		40
1173		35
1174		43
1175		43
1176		26
1177		31
1178		37
1179		40
1180		37
1181		44
1182		35
1183		29
1184		32
1185		34
1186		42
1187		27
1188		36
1189		30
1190		33
1191		35
1192		30
1193		39
1194		42
1195		37
1196		38
1197		35
1198		39
1199		33
1200		38
1201		37
1202		35
1203		28
1204		43
1205		38
1206		30
1207		32
1208		43
1209		40
1210		30
1211		27
1212		27
1213		39
1214		35
1215		35
1216		30
1217		30
1218		34
1219		39
1220		20
1221		32
1222		36
1223		38
1224		41
1225		42
1226		30
1227		30
1228		37
1229		33
1230		35
1231		27
1232		37
1233		31
1234		32
1235		31
1236		43
1237		37
1238		32
1239		38
1240		44
1241		31
1242		33
1243		46
1244		28
1245		32
1246		39
1247		40
1248		46
1249		34
1250		22
1251		39
1252		29
1253		40
1254		30
1255		30
1256		28
1257		43
1258		35
1259		38
1260		28
1261		31
1262		38
1263		23
1264		37
1265		36
1266		37
1267		25
1268		25
1269		42
1270		40
1271		32
1272		43
1273		36
1274		33
1275		38
1276		31
1277		32
1278		33
1279		29
1280		30
1281		32
1282		20
1283		32
1284		27
1285		27
1286		35
1287		24
1288		35
1289		41
1290		31
1291		30
1292		28
1293		24
1294		25
1295		40
1296		32
1297		27
1298		35
1299		35
1300		19
1301		28
1302		31
1303		28
1304		30
1305		32
1306		41
1307		35
1308		30
1309		37
1310		34
1311		15
1312		33
1313		20
1314		26
1315		29
1316		29
1317		33
1318		27
1319		18
1320		34
1321		38
1322		35
1323		21
1324		33
1325		30
1326		43
1327		25
1328		31
1329		21
1330		33
1331		31
1332		21
1333		31
1334		28
1335		27
1336		25
1337		30
1338		28
1339		29
1340		27
1341		28
1342		32
1343		31
1344		32
1345		31
1346		28
1347		27
1348		27
1349		31
1350		24
1351		32
1352		35
1353		31
1354		43
1355		30
1356		14
1357		27
1358		27
1359		27
1360		26
1361		35
1362		29
1363		28
1364		29
1365		29
1366		32
1367		27
1368		35
1369		35
1370		25
1371		24
1372		22
1373		32
1374		34
1375		30
1376		22
1377		29
1378		32
1379		26
1380		28
1381		35
1382		20
1383		32
1384		28
1385		28
1386		26
1387		29
1388		25
1389		28
1390		31
1391		32
1392		22
1393		30
1394		32
1395		23
1396		29
1397		26
1398		23
1399		29
1400		17
1401		27
1402		30
1403		25
1404		33
1405		33
1406		20
1407		26
1408		19
1409		34
1410		25
1411		35
1412		20
1413		22
1414		19
1415		29
1416		32
1417		28
1418		28
1419		30
1420		26
1421		28
1422		24
1423		24
1424		19
1425		21
1426		23
1427		32
1428		30
1429		23
1430		27
1431		20
1432		19
1433		16
1434		17
1435		35
1436		26
1437		32
1438		23
1439		25
1440		28
1441		14
1442		21
1443		29
1444		19
1445		19
1446		24
1447		15
1448		25
1449		27
1450		27
1451		30
1452		19
1453		22
1454		20
1455		32
1456		26
1457		30
1458		32
1459		23
1460		22
1461		23
1462		18
1463		28
1464		25
1465		31
1466		24
1467		27
1468		24
1469		25
1470		37
1471		20
1472		13
1473		22
1474		23
1475		27
1476		26
1477		26
1478		25
1479		22
1480		15
1481		30
1482		28
1483		29
1484		27
1485		25
1486		33
1487		19
1488		29
1489		21
1490		15
1491		14
1492		29
1493		23
1494		29
1495		24
1496		25
1497		22
1498		22
1499		25
1500		20
1501		23
1502		23
1503		26
1504		22
1505		20
1506		18
1507		15
1508		20
1509		28
1510		30
1511		30
1512		24
1513		35
1514		27
1515		25
1516		22
1517		17
1518		23
1519		22
1520		20
1521		26
1522		32
1523		26
1524		22
1525		31
1526		23
1527		24
1528		23
1529		25
1530		17
1531		19
1532		22
1533		25
1534		32
1535		19
1536		15
1537		19
1538		22
1539		19
1540		14
1541		16
1542		20
1543		22
1544		21
1545		22
1546		26
1547		19
1548		28
1549		24
1550		19
1551		21
1552		27
1553		22
1554		25
1555		21
1556		15
1557		20
1558		31
1559		21
1560		21
1561		26
1562		21
1563		22
1564		17
1565		31
1566		20
1567		27
1568		18
1569		20
1570		16
1571		24
1572		27
1573		18
1574		26
1575		25
1576		29
1577		21
1578		24
1579		24
1580		22
1581		15
1582		25
1583		14
1584		21
1585		28
1586		24
1587		25
1588		12
1589		25
1590		13
1591		25
1592		28
1593		14
1594		28
1595		17
1596		19
1597		22
1598		20
1599		19
1600		28
1601		19
1602		27
1603		18
1604		19
1605		19
1606		26
1607		18
1608		18
1609		22
1610		25
1611		21
1612		16
1613		20
1614		19
1615		16
1616		13
1617		28
1618		22
1619		27
1620		25
1621		20
1622		20
1623		14
1624		25
1625		24
1626		17
1627		23
1628		22
1629		18
1630		29
1631		23
1632		25
1633		23
1634		14
1635		14
1636		24
1637		19
1638		22
1639		24
1640		22
1641		19
1642		13
1643		24
1644		22
1645		29
1646		14
1647		21
1648		21
1649		19
1650		18
1651		13
1652		23
1653		19
1654		24
1655		21
1656		18
1657		18
1658		21
1659		18
1660		17
1661		24
1662		24
1663		15
1664		23
1665		20
1666		11
1667		23
1668		24
1669		11
1670		22
1671		18
1672		21
1673		23
1674		23
1675		18
1676		21
1677		17
1678		12
1679		16
1680		20
1681		27
1682		25
1683		19
1684		18
1685		12
1686		19
1687		26
1688		19
1689		25
1690		22
1691		23
1692		24
1693		26
1694		27
1695		18
1696		15
1697		16
1698		17
1699		26
1700		17
1701		31
1702		18
1703		18
1704		21
1705		16
1706		22
1707		16
1708		23
1709		17
1710		15
1711		22
1712		20
1713		19
1714		14
1715		20
1716		17
1717		21
1718		15
1719		13
1720		21
1721		18
1722		20
1723		19
1724		23
1725		18
1726		14
1727		21
1728		13
1729		16
1730		11
1731		17
1732		16
1733		12
1734		18
1735		18
1736		23
1737		15
1738		20
1739		23
1740		17
1741		18
1742		22
1743		18
1744		21
1745		20
1746		18
1747		15
1748		13
1749		13
1750		16
1751		22
1752		18
1753		25
1754		23
1755		17
1756		10
1757		10
1758		22
1759		15
1760		22
1761		19
1762		20
1763		16
1764		13
1765		13
1766		19
1767		15
1768		13
1769		16
1770		15
1771		17
1772		14
1773		19
1774		16
1775		11
1776		12
1777		13
1778		18
1779		11
1780		17
1781		21
1782		12
1783		15
1784		12
1785		20
1786		16
1787		26
1788		11
1789		22
1790		15
1791		16
1792		13
1793		17
1794		22
1795		10
1796		17
1797		13
1798		19
1799		17
1800		11
1801		17
1802		15
1803		22
1804		15
1805		23
1806		15
1807		13
1808		12
1809		13
1810		12
1811		16
1812		15
1813		17
1814		23
1815		18
1816		15
1817		18
1818		23
1819		13
1820		19
1821		11
1822		19
1823		18
1824		15
1825		16
1826		15
1827		25
1828		15
1829		18
1830		11
1831		15
1832		21
1833		21
1834		22
1835		17
1836		26
1837		25
1838		17
1839		11
1840		20
1841		13
1842		17
1843		11
1844		20
1845		20
1846		17
1847		23
1848		17
1849		19
1850		19
1851		12
1852		18
1853		15
1854		12
1855		12
1856		17
1857		11
1858		17
1859		16
1860		21
1861		11
1862		12
1863		20
1864		15
1865		12
1866		10
1867		17
1868		20
1869		14
1870		19
1871		18
1872		14
1873		15
1874		16
1875		19
1876		14
1877		12
1878		14
1879		23
1880		17
1881		8
1882		13
1883		17
1884		12
1885		12
1886		20
1887		11
1888		15
1889		13
1890		19
1891		17
1892		16
1893		10
1894		16
1895		13
1896		12
1897		16
1898		10
1899		18
1900		14
1901		14
1902		22
1903		17
1904		13
1905		12
1906		18
1907		12
1908		11
1909		15
1910		13
1911		13
1912		10
1913		12
1914		11
1915		21
1916		17
1917		10
1918		15
1919		15
1920		14
1921		12
1922		16
1923		16
1924		19
1925		19
1926		24
1927		21
1928		15
1929		14
1930		18
1931		9
1932		18
1933		13
1934		16
1935		13
1936		16
1937		13
1938		7
1939		18
1940		13
1941		13
1942		16
1943		12
1944		20
1945		17
1946		13
1947		17
1948		13
1949		15
1950		10
1951		23
1952		22
1953		12
1954		10
1955		16
1956		12
1957		12
1958		21
1959		15
1960		15
1961		21
1962		18
1963		13
1964		17
1965		10
1966		17
1967		6
1968		16
1969		10
1970		14
1971		24
1972		7
1973		20
1974		15
1975		16
1976		13
1977		12
1978		20
1979		12
1980		16
1981		12
1982		18
1983		14
1984		15
1985		15
1986		15
1987		13
1988		20
1989		15
1990		13
1991		12
1992		11
1993		13
1994		15
1995		21
1996		15
1997		10
1998		9
1999		16
2000		14
2001		19
2002		8
2003		23
2004		17
2005		8
2006		10
2007		10
2008		19
2009		21
2010		13
2011		17
2012		12
2013		17
2014		14
2015		15
2016		8
2017		13
2018		17
2019		5
2020		10
2021		19
2022		13
2023		15
2024		15
2025		17
2026		8
2027		16
2028		13
2029		16
2030		10
2031		19
2032		19
2033		9
2034		14
2035		12
2036		16
2037		8
2038		14
2039		10
2040		14
2041		9
2042		7
2043		14
2044		8
2045		9
2046		14
2047		10
2048		17
2049		16
2050		15
2051		16
2052		11
2053		14
2054		16
2055		11
2056		8
2057		11
2058		12
2059		11
2060		9
2061		4
2062		15
2063		20
2064		13
2065		9
2066		14
2067		10
2068		9
2069		16
2070		13
2071		11
2072		10
2073		13
2074		14
2075		14
2076		11
2077		10
2078		16
2079		8
2080		13
2081		10
2082		15
2083		14
2084		7
2085		8
2086		11
2087		13
2088		9
2089		14
2090		11
2091		14
2092		19
2093		8
2094		14
2095		15
2096		15
2097		10
2098		11
2099		10
2100		13
2101		9
2102		11
2103		11
2104		13
2105		16
2106		9
2107		13
2108		11
2109		14
2110		10
2111		13
2112		14
2113		16
2114		7
2115		8
2116		25
2117		15
2118		20
2119		9
2120		10
2121		4
2122		19
2123		18
2124		12
2125		15
2126		8
2127		18
2128		13
2129		14
2130		11
2131		14
2132		12
2133		15
2134		6
2135		10
2136		12
2137		15
2138		15
2139		15
2140		12
2141		9
2142		11
2143		16
2144		9
2145		16
2146		18
2147		9
2148		11
2149		14
2150		16
2151		11
2152		8
2153		8
2154		12
2155		15
2156		12
2157		14
2158		9
2159		10
2160		19
2161		18
2162		7
2163		5
2164		14
2165		10
2166		10
2167		15
2168		9
2169		6
2170		7
2171		18
2172		15
2173		13
2174		16
2175		10
2176		18
2177		8
2178		12
2179		15
2180		13
2181		15
2182		15
2183		7
2184		7
2185		18
2186		5
2187		7
2188		16
2189		9
2190		12
2191		8
2192		16
2193		16
2194		12
2195		14
2196		12
2197		11
2198		10
2199		13
2200		10
2201		9
2202		8
2203		14
2204		9
2205		8
2206		16
2207		13
2208		15
2209		8
2210		9
2211		12
2212		8
2213		13
2214		11
2215		10
2216		13
2217		12
2218		5
2219		10
2220		11
2221		13
2222		16
2223		7
2224		11
2225		13
2226		7
2227		7
2228		16
2229		9
2230		13
2231		11
2232		8
2233		6
2234		12
2235		12
2236		11
2237		7
2238		7
2239		5
2240		11
2241		11
2242		14
2243		7
2244		7
2245		9
2246		12
2247		11
2248		10
2249		15
2250		8
2251		14
2252		11
2253		16
2254		9
2255		15
2256		15
2257		5
2258		10
2259		7
2260		13
2261		16
2262		13
2263		13
2264		15
2265		12
2266		11
2267		7
2268		10
2269		13
2270		20
2271		11
2272		12
2273		12
2274		4
2275		7
2276		9
2277		14
2278		13
2279		9
2280		11
2281		9
2282		8
2283		9
2284		13
2285		12
2286		8
2287		6
2288		16
2289		8
2290		11
2291		12
2292		10
2293		10
2294		9
2295		9
2296		15
2297		11
2298		10
2299		19
2300		11
2301		14
2302		11
2303		11
2304		11
2305		16
2306		7
2307		7
2308		8
2309		8
2310		10
2311		8
2312		16
2313		20
2314		9
2315		11
2316		15
2317		13
2318		6
2319		15
2320		9
2321		12
2322		9
2323		14
2324		11
2325		13
2326		14
2327		11
2328		16
2329		11
2330		8
2331		13
2332		12
2333		14
2334		11
2335		13
2336		16
2337		10
2338		8
2339		5
2340		13
2341		8
2342		8
2343		8
2344		6
2345		4
2346		9
2347		14
2348		8
2349		11
2350		8
2351		12
2352		11
2353		14
2354		11
2355		8
2356		7
2357		12
2358		7
2359		9
2360		9
2361		3
2362		10
2363		9
2364		15
2365		15
2366		10
2367		5
2368		9
2369		6
2370		11
2371		11
2372		7
2373		5
2374		10
2375		12
2376		11
2377		13
2378		14
2379		11
2380		11
2381		6
2382		13
2383		15
2384		12
2385		9
2386		6
2387		6
2388		15
2389		9
2390		8
2391		10
2392		12
2393		7
2394		15
2395		12
2396		13
2397		8
2398		10
2399		6
2400		11
2401		7
2402		7
2403		17
2404		9
2405		8
2406		13
2407		10
2408		6
2409		13
2410		4
2411		16
2412		7
2413		7
2414		14
2415		11
2416		9
2417		9
2418		8
2419		12
2420		13
2421		14
2422		5
2423		11
2424		9
2425		9
2426		5
2427		13
2428		18
2429		4
2430		15
2431		10
2432		5
2433		15
2434		11
2435		6
2436		10
2437		6
2438		10
2439		8
2440		6
2441		10
2442		3
2443		13
2444		7
2445		10
2446		9
2447		12
2448		4
2449		11
2450		9
2451		9
2452		9
2453		7
2454		8
2455		13
2456		7
2457		5
2458		8
2459		7
2460		10
2461		9
2462		11
2463		7
2464		13
2465		9
2466		6
2467		11
2468		8
2469		11
2470		8
2471		7
2472		10
2473		6
2474		12
2475		6
2476		11
2477		7
2478		11
2479		10
2480		5
2481		7
2482		5
2483		11
2484		8
2485		9
2486		5
2487		8
2488		14
2489		12
2490		9
2491		6
2492		9
2493		6
2494		9
2495		9
2496		6
2497		7
2498		18
2499		9
2500		6
2501		5
2502		6
2503		13
2504		8
2505		9
2506		7
2507		11
2508		15
2509		9
2510		4
2511		8
2512		8
2513		13
2514		7
2515		8
2516		9
2517		9
2518		10
2519		14
2520		6
2521		9
2522		10
2523		11
2524		9
2525		4
2526		10
2527		4
2528		6
2529		5
2530		9
2531		9
2532		10
2533		5
2534		10
2535		12
2536		7
2537		6
2538		7
2539		11
2540		5
2541		7
2542		7
2543		5
2544		7
2545		5
2546		8
2547		7
2548		10
2549		11
2550		8
2551		6
2552		10
2553		6
2554		12
2555		9
2556		9
2557		8
2558		5
2559		3
2560		11
2561		8
2562		11
2563		9
2564		7
2565		9
2566		14
2567		9
2568		4
2569		3
2570		9
2571		9
2572		10
2573		6
2574		4
2575		8
2576		3
2577		12
2578		11
2579		5
2580		6
2581		11
2582		9
2583		5
2584		8
2585		14
2586		14
2587		9
2588		5
2589		7
2590		6
2591		7
2592		10
2593		8
2594		5
2595		5
2596		6
2597		7
2598		6
2599		4
2600		3
2601		11
2602		9
2603		9
2604		7
2605		9
2606		10
2607		8
2608		6
2609		3
2610		8
2611		3
2612		7
2613		10
2614		7
2615		7
2616		9
2617		7
2618		3
2619		8
2620		4
2621		5
2622		9
2623		5
2624		8
2625		11
2626		9
2627		7
2628		5
2629		11
2630		7
2631		7
2632		7
2633		9
2634		3
2635		10
2636		4
2637		14
2638		6
2639		7
2640		7
2641		5
2642		9
2643		11
2644		10
2645		4
2646		7
2647		9
2648		12
2649		9
2650		4
2651		11
2652		13
2653		6
2654		9
2655		4
2656		4
2657		8
2658		8
2659		12
2660		7
2661		3
2662		7
2663		7
2664		10
2665		6
2666		4
2667		4
2668		6
2669		8
2670		9
2671		10
2672		5
2673		4
2674		10
2675		11
2676		4
2677		4
2678		8
2679		11
2680		9
2681		2
2682		9
2683		7
2684		10
2685		3
2686		6
2687		6
2688		8
2689		10
2690		11
2691		8
2692		7
2693		5
2694		3
2695		8
2696		14
2697		13
2698		3
2699		3
2700		7
2701		14
2702		10
2703		7
2704		11
2705		8
2706		7
2707		9
2708		13
2709		10
2710		9
2711		7
2712		13
2713		5
2714		8
2715		3
2716		6
2717		4
2718		5
2719		11
2720		9
2721		7
2722		3
2724		5
2725		2
2726		8
2727		6
2728		5
2729		7
2730		6
2731		11
2732		8
2733		8
2734		5
2735		8
2736		3
2737		5
2738		5
2739		8
2740		10
2741		9
2742		5
2743		12
2744		6
2745		10
2746		8
2747		11
2748		8
2749		10
2750		10
2751		10
2752		10
2753		9
2754		3
2755		11
2756		6
2757		9
2758		8
2759		11
2760		5
2761		11
2762		7
2763		4
2764		7
2765		8
2766		9
2767		8
2768		7
2769		8
2770		5
2771		5
2772		9
2773		8
2774		6
2775		8
2776		5
2777		3
2778		3
2779		5
2780		9
2781		8
2782		6
2783		7
2784		4
2785		5
2786		9
2787		4
2788		9
2789		5
2790		11
2791		10
2792		9
2793		5
2794		2
2795		11
2796		4
2797		7
2798		6
2799		7
2800		6
2801		6
2802		9
2803		5
2804		1
2805		5
2806		12
2807		5
2808		14
2809		6
2810		5
2811		5
2812		9
2813		7
2814		8
2815		12
2816		6
2817		6
2818		5
2819		9
2820		3
2821		3
2822		6
2823		7
2824		7
2825		5
2826		7
2827		6
2828		8
2829		7
2830		8
2831		10
2832		9
2833		6
2834		6
2835		9
2836		4
2837		5
2838		8
2839		11
2840		8
2841		7
2842		9
2843		10
2844		5
2845		8
2846		5
2847		7
2848		4
2849		6
2850		6
2851		9
2852		9
2853		6
2854		4
2855		10
2856		8
2857		6
2858		7
2859		6
2860		6
2861		6
2862		7
2863		8
2864		5
2865		5
2866		5
2867		10
2868		7
2869		8
2870		3
2871		5
2872		5
2873		4
2874		3
2875		13
2876		5
2877		6
2878		3
2879		12
2880		3
2881		6
2882		4
2883		5
2884		2
2885		8
2886		4
2887		13
2888		7
2889		4
2890		1
2891		1
2892		8
2893		7
2894		13
2895		5
2896		8
2897		3
2898		7
2899		7
2900		9
2901		5
2902		5
2903		3
2904		4
2905		2
2906		7
2907		8
2908		8
2909		4
2910		7
2911		5
2912		3
2913		10
2914		7
2915		4
2916		10
2917		4
2918		3
2919		4
2920		1
2921		2
2922		3
2923		5
2924		5
2925		8
2926		4
2927		8
2928		7
2929		5
2930		9
2931		8
2932		5
2933		7
2934		8
2935		5
2936		4
2937		4
2938		5
2939		3
2940		9
2941		6
2942		6
2943		3
2944		2
2945		13
2946		6
2947		8
2948		3
2949		9
2950		6
2951		8
2952		3
2953		7
2954		3
2955		4
2956		9
2957		11
2958		6
2959		9
2960		7
2961		4
2962		10
2963		2
2964		4
2965		11
2966		7
2967		5
2968		6
2969		2
2970		6
2971		10
2972		5
2973		6
2974		8
2975		4
2976		3
2977		6
2978		6
2979		3
2980		8
2982		4
2983		12
2984		9
2985		9
2986		5
2987		6
2988		2
2989		4
2990		8
2991		3
2992		6
2993		5
2994		8
2995		5
2996		2
2997		6
2998		6
2999		7
3000		6
3001		8
3002		6
3003		9
3004		5
3005		8
3006		7
3007		3
3008		7
3009		3
3010		4
3011		10
3012		10
3013		3
3014		1
3015		2
3016		7
3017		5
3018		7
3019		4
3020		8
3021		4
3022		12
3023		9
3024		3
3025		8
3026		1
3027		6
3028		5
3029		4
3030		4
3031		6
3032		8
3033		2
3035		5
3036		11
3037		2
3038		5
3039		3
3040		7
3041		4
3042		1
3043		3
3044		5
3045		6
3046		4
3047		8
3048		6
3049		7
3050		5
3051		8
3052		7
3053		9
3054		6
3055		4
3056		2
3057		7
3058		2
3059		4
3060		8
3061		3
3062		8
3063		3
3064		5
3065		8
3066		4
3067		4
3068		3
3069		1
3070		5
3071		5
3072		7
3073		7
3074		7
3075		4
3076		9
3077		2
3078		9
3079		8
3080		6
3081		5
3082		7
3083		2
3084		7
3085		6
3086		5
3087		8
3088		5
3089		3
3090		6
3091		10
3092		7
3093		7
3094		8
3095		7
3096		5
3097		6
3098		4
3099		5
3100		2
3101		2
3102		6
3103		6
3104		4
3105		5
3106		6
3107		3
3108		3
3109		4
3110		1
3111		7
3112		4
3113		4
3114		3
3115		4
3116		6
3117		7
3118		5
3119		6
3120		7
3121		10
3122		3
3123		3
3124		4
3125		4
3126		5
3127		7
3128		5
3129		5
3130		8
3131		5
3132		2
3133		5
3134		7
3135		4
3136		5
3137		6
3138		2
3139		2
3140		9
3141		1
3142		3
3143		5
3144		4
3145		3
3146		11
3147		4
3148		4
3149		1
3150		10
3151		6
3152		4
3153		8
3154		7
3155		5
3156		6
3157		10
3158		3
3159		6
3160		11
3161		5
3162		7
3163		2
3164		8
3165		4
3166		9
3167		6
3168		6
3169		5
3170		7
3171		7
3172		5
3173		4
3174		7
3175		2
3176		6
3177		5
3178		6
3179		6
3180		3
3181		9
3182		5
3183		4
3184		4
3185		6
3186		2
3187		3
3188		4
3189		5
3190		6
3191		6
3192		8
3193		6
3194		4
3195		10
3196		3
3197		2
3198		6
3199		8
3200		3
3201		5
3202		3
3203		2
3204		3
3205		6
3206		8
3207		1
3208		6
3209		3
3210		8
3211		4
3212		7
3213		3
3214		10
3215		4
3216		6
3217		8
3218		4
3219		3
3220		4
3221		5
3222		4
3223		4
3224		2
3225		2
3226		3
3227		3
3228		1
3229		11
3230		6
3231		3
3232		3
3233		6
3234		5
3235		3
3236		6
3237		3
3239		3
3240		4
3241		5
3243		2
3244		1
3246		2
3247		4
3248		7
3249		2
3250		7
3251		6
3252		2
3253		9
3254		7
3255		1
3256		6
3257		6
3258		6
3259		8
3260		5
3261		2
3262		4
3263		7
3264		4
3265		4
3266		2
3267		5
3268		1
3269		4
3270		2
3271		10
3272		5
3273		5
3274		3
3275		6
3276		3
3277		4
3278		10
3279		2
3280		2
3281		5
3282		4
3283		8
3284		4
3285		2
3286		8
3287		2
3288		5
3289		6
3290		3
3291		6
3292		4
3293		1
3294		2
3295		1
3296		2
3297		4
3298		4
3299		5
3300		6
3301		6
3302		7
3303		8
3304		2
3305		2
3306		3
3307		2
3308		7
3309		2
3310		5
3311		6
3312		6
3313		4
3314		2
3315		2
3316		3
3317		9
3318		3
3319		3
3321		6
3322		4
3323		3
3324		5
3325		5
3326		6
3327		1
3328		6
3329		7
3330		10
3331		4
3332		4
3333		2
3334		2
3335		7
3336		5
3337		4
3338		4
3339		3
3340		7
3341		5
3342		2
3343		3
3344		5
3345		5
3346		6
3347		5
3348		5
3349		2
3350		5
3351		7
3352		4
3353		1
3354		6
3355		3
3356		5
3357		7
3358		6
3359		5
3360		3
3361		7
3362		2
3363		2
3364		8
3365		3
3366		5
3367		5
3368		1
3370		8
3371		2
3372		5
3373		6
3374		5
3375		4
3376		3
3377		4
3378		3
3379		6
3380		3
3381		3
3382		2
3383		4
3384		2
3385		1
3386		6
3387		4
3388		4
3389		4
3390		5
3391		2
3392		1
3393		2
3394		7
3395		1
3396		4
3398		3
3399		2
3400		8
3401		3
3402		4
3403		3
3404		3
3405		2
3406		5
3407		7
3408		4
3409		3
3410		4
3411		5
3412		3
3413		3
3414		9
3415		6
3416		3
3417		3
3418		6
3419		5
3420		2
3421		4
3422		3
3423		1
3424		4
3425		1
3426		3
3427		6
3428		3
3429		6
3430		3
3431		3
3432		4
3433		1
3434		3
3435		8
3436		5
3437		5
3438		4
3439		2
3440		7
3441		2
3442		4
3443		2
3444		5
3445		7
3446		2
3447		4
3448		5
3449		5
3450		2
3451		2
3452		6
3453		2
3454		7
3455		3
3456		5
3457		4
3458		3
3459		4
3460		4
3461		3
3462		1
3463		6
3464		4
3465		1
3466		2
3467		6
3468		3
3469		5
3470		4
3471		5
3472		7
3473		4
3474		1
3475		3
3476		1
3477		2
3478		2
3479		3
3480		5
3481		3
3482		6
3483		2
3484		2
3485		1
3486		4
3487		5
3488		2
3489		1
3490		9
3491		5
3492		5
3493		4
3494		4
3495		1
3496		1
3497		1
3498		3
3499		1
3500		2
3501		3
3502		4
3503		4
3504		4
3505		4
3506		1
3507		4
3509		3
3510		5
3511		4
3512		5
3513		3
3515		2
3516		2
3517		8
3518		3
3519		7
3521		7
3523		3
3524		5
3525		2
3526		3
3527		5
3528		2
3529		3
3531		2
3532		4
3533		8
3534		4
3535		2
3537		4
3538		2
3539		4
3540		3
3541		4
3542		3
3543		3
3544		4
3545		4
3546		3
3547		2
3548		3
3549		7
3550		4
3551		5
3552		5
3553		3
3554		4
3555		5
3556		4
3557		6
3558		2
3559		4
3560		3
3561		5
3562		2
3563		4
3564		6
3566		5
3567		3
3568		3
3569		5
3570		6
3572		3
3573		4
3574		5
3575		7
3576		4
3577		3
3578		5
3579		3
3580		5
3581		5
3582		1
3583		2
3584		7
3585		3
3586		2
3587		3
3588		2
3589		6
3590		4
3591		3
3592		4
3593		5
3594		4
3595		4
3596		6
3597		4
3598		2
3599		4
3600		2
3601		1
3602		5
3603		1
3604		3
3605		5
3606		2
3607		3
3608		6
3609		1
3610		1
3611		3
3612		2
3613		2
3614		2
3615		2
3616		3
3617		2
3618		3
3619		2
3620		2
3621		2
3622		8
3624		3
3625		2
3626		1
3627		1
3628		2
3629		5
3630		9
3631		3
3632		4
3633		5
3634		4
3635		4
3636		6
3637		5
3638		2
3639		5
3640		4
3641		1
3642		3
3643		2
3644		4
3645		5
3646		3
3647		1
3648		4
3649		4
3650		2
3651		3
3652		1
3653		12
3654		2
3655		2
3656		5
3657		1
3658		7
3659		6
3660		1
3661		1
3662		5
3663		3
3664		1
3665		1
3666		2
3667		2
3668		4
3669		4
3670		7
3671		2
3672		5
3673		2
3674		3
3675		1
3676		3
3677		1
3678		5
3679		6
3680		4
3681		6
3682		3
3683		2
3684		2
3685		1
3687		3
3688		3
3689		1
3690		2
3691		3
3692		4
3693		2
3694		2
3695		1
3696		4
3697		3
3698		3
3699		3
3700		4
3701		1
3702		1
3703		3
3704		2
3705		2
3706		3
3707		2
3708		2
3709		5
3710		1
3711		3
3712		4
3713		1
3714		2
3715		10
3716		1
3718		1
3719		4
3720		1
3722		3
3724		3
3725		3
3726		3
3727		6
3729		3
3730		2
3731		3
3732		2
3733		1
3734		1
3735		2
3736		4
3737		4
3738		1
3739		2
3740		4
3741		4
3742		5
3743		3
3744		3
3745		2
3746		3
3747		3
3748		1
3749		1
3750		8
3751		1
3752		6
3753		3
3754		2
3755		3
3756		2
3757		1
3758		4
3759		2
3760		2
3761		6
3762		3
3763		2
3764		2
3765		4
3766		2
3767		2
3769		3
3770		4
3771		4
3772		4
3773		3
3774		9
3775		2
3776		6
3777		2
3778		2
3779		3
3780		4
3781		3
3782		1
3783		5
3784		3
3785		3
3786		3
3787		6
3788		1
3789		3
3790		4
3791		1
3792		4
3793		3
3794		4
3795		4
3796		1
3797		3
3798		3
3799		1
3800		3
3801		4
3802		2
3803		2
3804		4
3805		1
3806		1
3807		3
3810		5
3812		1
3813		2
3814		2
3815		4
3816		3
3817		2
3818		2
3819		1
3820		2
3821		2
3822		5
3823		2
3824		2
3825		3
3826		6
3827		1
3828		1
3829		2
3830		4
3831		3
3832		5
3833		6
3834		4
3835		3
3836		3
3837		4
3838		2
3839		6
3840		2
3841		3
3842		1
3843		2
3844		2
3845		5
3846		3
3847		3
3848		4
3849		3
3850		3
3851		8
3852		1
3853		2
3854		3
3855		6
3856		3
3858		3
3859		1
3860		2
3861		5
3862		3
3863		5
3864		3
3865		2
3866		1
3867		3
3868		1
3869		3
3870		4
3872		1
3873		2
3874		4
3875		3
3876		1
3877		3
3878		2
3879		2
3880		1
3881		5
3882		3
3883		2
3884		2
3885		2
3886		2
3887		4
3888		3
3889		4
3890		4
3892		3
3893		4
3894		4
3895		4
3896		2
3897		2
3898		3
3899		1
3900		10
3901		1
3903		1
3904		4
3905		6
3906		4
3907		3
3908		2
3909		1
3910		2
3911		3
3913		2
3914		4
3915		4
3916		2
3917		3
3918		3
3919		2
3920		4
3922		2
3923		4
3925		2
3926		2
3927		7
3928		5
3930		2
3932		3
3934		1
3935		1
3936		1
3937		1
3938		2
3939		2
3940		2
3941		1
3942		2
3943		2
3944		3
3945		4
3947		1
3948		3
3949		3
3950		1
3951		3
3952		6
3953		4
3954		3
3955		1
3956		2
3957		4
3959		2
3960		1
3961		1
3962		5
3963		2
3964		3
3965		3
3966		4
3967		1
3968		1
3969		4
3970		2
3971		3
3972		1
3973		1
3974		1
3975		2
3976		3
3977		3
3978		2
3979		1
3981		2
3982		1
3983		2
3984		2
3985		3
3986		1
3987		1
3988		3
3989		1
3990		2
3991		1
3992		3
3993		2
3994		4
3995		2
3996		1
3997		2
3998		4
3999		1
4000		5
4001		1
4002		1
4003		1
4004		2
4005		3
4006		1
4007		4
4008		2
4009		3
4010		4
4011		1
4012		6
4013		2
4014		2
4015		2
4016		2
4017		2
4019		2
4020		1
4021		4
4022		5
4023		1
4024		3
4025		1
4026		2
4027		2
4028		4
4031		4
4032		1
4033		1
4034		2
4035		3
4036		6
4037		2
4038		1
4039		1
4040		3
4042		3
4043		4
4044		3
4045		2
4046		3
4048		3
4049		5
4051		1
4053		2
4054		2
4055		3
4056		6
4059		3
4060		2
4061		1
4062		1
4063		1
4064		1
4065		3
4066		2
4067		1
4068		5
4069		2
4070		2
4071		2
4072		1
4073		3
4074		4
4075		3
4076		4
4077		5
4078		1
4079		2
4080		2
4081		3
4082		2
4083		1
4084		1
4085		2
4086		1
4087		1
4088		1
4091		2
4092		3
4093		1
4094		1
4095		3
4097		2
4098		2
4099		6
4100		2
4101		3
4102		1
4103		3
4104		2
4105		3
4106		5
4107		4
4108		2
4109		1
4110		1
4111		3
4112		2
4113		1
4114		3
4115		2
4116		2
4117		1
4118		2
4119		1
4120		1
4121		3
4122		5
4123		2
4124		4
4125		1
4126		2
4127		6
4128		2
4129		4
4130		3
4131		2
4132		1
4133		1
4134		1
4135		3
4136		1
4137		2
4138		1
4139		1
4140		1
4143		3
4144		1
4145		1
4146		4
4147		1
4148		2
4149		3
4150		2
4151		7
4153		1
4154		1
4155		2
4156		2
4157		2
4158		2
4159		2
4160		3
4161		6
4162		2
4163		3
4164		1
4165		1
4166		2
4167		2
4168		3
4169		6
4170		2
4171		5
4172		1
4173		1
4174		1
4175		1
4176		1
4177		3
4178		1
4181		1
4182		3
4184		3
4186		1
4187		4
4189		2
4190		2
4191		1
4192		1
4194		2
4195		2
4196		1
4197		4
4198		1
4199		2
4200		1
4201		2
4202		1
4203		2
4204		5
4206		2
4207		1
4208		2
4209		1
4211		1
4212		2
4213		2
4214		1
4216		1
4217		1
4218		1
4219		2
4220		1
4221		3
4222		1
4223		1
4224		1
4225		1
4226		2
4227		1
4228		2
4229		2
4230		1
4232		4
4234		3
4235		2
4236		2
4237		3
4238		1
4239		1
4240		3
4241		1
4242		1
4243		2
4244		2
4245		3
4246		2
4247		1
4249		2
4250		2
4251		7
4252		2
4254		1
4255		2
4258		3
4259		3
4260		3
4261		2
4262		1
4263		4
4265		2
4267		1
4268		4
4269		5
4270		2
4271		2
4272		1
4273		2
4274		1
4275		2
4276		4
4279		1
4282		2
4283		2
4284		1
4285		2
4287		2
4288		5
4290		2
4292		1
4293		2
4295		3
4296		2
4297		1
4298		4
4299		3
4300		1
4301		2
4302		5
4303		1
4304		1
4305		2
4306		1
4307		1
4308		1
4309		1
4312		1
4314		4
4317		1
4320		3
4321		2
4322		2
4324		1
4325		1
4326		1
4328		1
4330		1
4331		1
4332		3
4333		4
4335		1
4336		2
4338		3
4340		1
4341		2
4342		2
4344		5
4345		1
4347		1
4348		1
4349		1
4350		4
4352		2
4353		1
4355		1
4356		1
4357		1
4358		3
4360		1
4361		1
4362		2
4363		4
4364		1
4365		2
4367		1
4368		1
4370		2
4372		1
4373		2
4374		2
4375		2
4376		3
4377		1
4378		3
4379		1
4380		1
4381		1
4382		2
4383		1
4384		1
4385		3
4386		4
4387		3
4388		1
4389		3
4390		1
4391		1
4394		1
4395		1
4397		3
4398		1
4399		2
4400		1
4403		1
4404		1
4405		1
4406		2
4407		3
4409		1
4410		1
4411		2
4412		1
4413		1
4415		1
4417		1
4419		1
4420		2
4423		1
4424		1
4425		1
4427		4
4428		2
4429		1
4430		1
4432		3
4435		1
4436		1
4438		2
4439		3
4440		2
4441		1
4442		2
4444		2
4445		1
4446		1
4447		2
4448		3
4449		1
4450		2
4451		1
4452		4
4453		1
4457		1
4463		1
4464		3
4465		1
4466		1
4467		1
4468		1
4469		4
4472		1
4473		1
4475		2
4476		1
4477		1
4478		2
4479		6
4480		2
4481		1
4483		1
4484		1
4485		1
4486		2
4487		2
4489		2
4490		2
4492		2
4493		1
4494		2
4495		1
4497		2
4498		1
4499		4
4501		2
4502		1
4504		1
4508		1
4509		2
4510		1
4511		1
4516		1
4518		3
4519		2
4520		1
4521		1
4522		1
4524		3
4526		2
4527		2
4529		1
4530		2
4531		1
4532		2
4534		4
4535		1
4536		3
4538		1
4539		1
4540		1
4541		1
4543		1
4544		1
4553		2
4555		3
4556		4
4557		3
4558		3
4560		1
4561		1
4563		2
4565		2
4566		1
4567		1
4568		1
4570		2
4571		2
4572		2
4573		2
4574		2
4575		1
4576		3
4577		1
4578		2
4580		2
4581		1
4582		2
4583		2
4584		1
4585		2
4586		1
4587		1
4588		1
4589		2
4592		1
4593		2
4594		2
4595		1
4597		1
4602		2
4603		1
4606		1
4607		4
4609		2
4610		1
4611		3
4612		3
4613		1
4614		1
4616		1
4618		1
4622		2
4624		1
4625		2
4626		2
4627		2
4632		2
4633		1
4636		4
4637		2
4640		2
4641		1
4643		1
4645		2
4646		1
4647		1
4648		3
4650		1
4652		1
4653		3
4654		1
4657		1
4658		1
4659		2
4660		1
4661		2
4663		1
4665		1
4667		1
4668		1
4669		1
4670		1
4672		2
4673		2
4676		1
4678		1
4679		2
4680		2
4684		2
4685		1
4686		1
4687		1
4692		1
4694		2
4695		3
4696		1
4697		2
4698		1
4699		1
4700		1
4705		1
4706		1
4714		3
4717		1
4718		1
4722		3
4723		1
4724		1
4725		1
4727		1
4729		1
4731		1
4732		1
4734		1
4737		1
4738		2
4739		1
4741		3
4744		1
4745		2
4746		1
4747		2
4748		2
4749		2
4752		1
4754		2
4756		1
4757		1
4758		2
4760		2
4761		1
4762		1
4763		3
4764		2
4766		1
4767		2
4770		1
4771		3
4775		1
4776		1
4779		1
4781		1
4784		1
4785		2
4786		1
4788		1
4789		4
4790		3
4791		1
4795		1
4799		1
4800		3
4805		1
4809		1
4811		1
4812		1
4813		1
4817		1
4818		2
4819		1
4820		1
4821		1
4822		2
4823		2
4828		2
4830		1
4833		2
4834		2
4835		2
4839		1
4844		1
4845		2
4848		2
4851		1
4854		1
4855		1
4856		1
4858		1
4859		1
4860		1
4863		1
4865		1
4866		1
4867		1
4868		1
4869		2
4874		1
4875		1
4877		1
4878		1
4879		1
4882		1
4883		1
4884		1
4887		2
4888		1
4890		3
4891		2
4892		1
4894		1
4897		2
4899		2
4901		1
4904		1
4905		1
4906		1
4913		1
4916		1
4917		1
4924		2
4926		3
4930		1
4933		3
4935		2
4936		3
4937		2
4940		1
4946		1
4948		1
4950		1
4951		2
4953		1
4956		2
4963		1
4967		1
4968		1
4973		1
4979		1
4980		2
4984		1
4985		1
4987		3
4990		1
4991		1
4992		1
4993		1
4994		1
4998		1
4999		1
5004		1
5005		1
5007		3
5010		2
5012		1
5013		1
5017		1
5021		1
5022		1
5027		1
5030		1
5032		1
5034		1
5036		2
5038		1
5039		1
5040		1
5042		1
5044		1
5045		1
5056		1
5058		1
5059		1
5064		1
5067		1
5069		1
5073		1
5075		2
5076		1
5078		1
5079		1
5080		1
5086		2
5087		1
5094		1
5102		3
5106		1
5112		1
5114		1
5115		1
5118		3
5120		2
5123		1
5126		1
5128		1
5129		1
5131		2
5134		1
5137		1
5139		1
5140		2
5146		1
5147		1
5148		1
5149		2
5150		2
5152		1
5153		1
5156		2
5157		1
5158		1
5162		1
5165		1
5168		2
5174		1
5175		1
5176		1
5179		1
5181		1
5182		1
5186		1
5187		1
5197		1
5201		3
5212		1
5217		1
5219		1
5220		1
5221		1
5224		1
5226		2
5228		1
5233		1
5236		2
5238		1
5240		1
5259		1
5265		1
5268		1
5269		1
5270		1
5273		1
5274		1
5277		1
5278		1
5283		1
5289		1
5290		2
5299		1
5301		1
5307		1
5310		1
5321		1
5326		1
5336		1
5340		1
5345		1
5348		1
5353		1
5362		2
5363		1
5366		1
5367		1
5368		1
5369		2
5372		2
5373		1
5378		1
5382		1
5383		2
5387		1
5391		2
5394		1
5406		1
5410		1
5414		1
5421		1
5430		1
5451		1
5455		3
5460		1
5471		1
5479		1
5483		1
5484		1
5499		1
5502		1
5505		1
5509		1
5516		1
5522		1
5539		1
5540		1
5542		1
5549		1
5550		1
5567		2
5572		1
5579		1
5582		1
5600		1
5609		1
5617		1
5621		1
5626		1
5629		1
5648		1
5652		1
5660		1
5669		1
5672		1
5673		1
5675		1
5707		1
5719		1
5728		1
5730		2
5735		1
5740		1
5774		1
5799		1
5814		1
5838		1
5862		1
5868		1
5898		1
5904		1
5907		1
5959		1
5976		1
6022		1
6054		1
6125		1
6225		1
6267		1
6276		1
6922		1
