Tamaños		Cantidades
1		8075872
2		1704819
3		1014214
4		655903
5		457408
6		336964
7		258363
8		205448
9		167453
10		139423
11		118026
12		101828
13		88329
14		77037
15		69141
16		61061
17		55192
18		49613
19		45127
20		41071
21		37782
22		34601
23		31823
24		29861
25		27755
26		25794
27		23912
28		22476
29		21194
30		19904
31		19000
32		17658
33		17167
34		16000
35		15002
36		14706
37		13594
38		13088
39		12463
40		12105
41		11445
42		11064
43		10278
44		9978
45		9727
46		9080
47		8927
48		8558
49		8353
50		7922
51		7859
52		7536
53		7329
54		7020
55		6776
56		6461
57		6423
58		6176
59		5977
60		5860
61		5628
62		5529
63		5269
64		5243
65		5051
66		4823
67		4679
68		4653
69		4486
70		4369
71		4411
72		4171
73		4047
74		3932
75		3834
76		3879
77		3828
78		3564
79		3533
80		3484
81		3445
82		3308
83		3261
84		3159
85		3088
86		3011
87		3014
88		2943
89		2811
90		2732
91		2690
92		2724
93		2702
94		2579
95		2541
96		2537
97		2527
98		2534
99		2327
100		2406
101		2327
102		2240
103		2173
104		2200
105		2119
106		2116
107		2092
108		2087
109		2078
110		2016
111		1966
112		2015
113		1893
114		1899
115		1922
116		1830
117		1794
118		1770
119		1710
120		1739
121		1700
122		1665
123		1642
124		1651
125		1602
126		1533
127		1520
128		1549
129		1525
130		1505
131		1423
132		1475
133		1401
134		1460
135		1330
136		1361
137		1399
138		1310
139		1323
140		1318
141		1295
142		1295
143		1256
144		1305
145		1248
146		1113
147		1137
148		1177
149		1141
150		1119
151		1106
152		1119
153		1041
154		1118
155		1057
156		1064
157		1105
158		1099
159		1083
160		997
161		1013
162		994
163		1014
164		1009
165		927
166		1014
167		966
168		956
169		895
170		950
171		920
172		907
173		895
174		878
175		903
176		867
177		858
178		851
179		916
180		822
181		803
182		842
183		796
184		812
185		823
186		763
187		783
188		785
189		748
190		763
191		748
192		758
193		791
194		796
195		767
196		714
197		730
198		724
199		695
200		731
201		717
202		723
203		655
204		671
205		671
206		676
207		709
208		675
209		709
210		632
211		609
212		716
213		610
214		602
215		626
216		554
217		628
218		627
219		581
220		622
221		557
222		580
223		604
224		561
225		545
226		576
227		527
228		595
229		552
230		558
231		530
232		558
233		532
234		545
235		546
236		515
237		554
238		550
239		507
240		525
241		537
242		524
243		527
244		487
245		484
246		479
247		503
248		491
249		457
250		507
251		520
252		481
253		452
254		473
255		479
256		443
257		405
258		447
259		427
260		417
261		459
262		423
263		443
264		464
265		445
266		449
267		409
268		429
269		435
270		396
271		415
272		398
273		466
274		430
275		401
276		430
277		381
278		359
279		370
280		391
281		379
282		353
283		375
284		401
285		371
286		380
287		372
288		402
289		378
290		361
291		371
292		349
293		334
294		334
295		369
296		338
297		358
298		318
299		312
300		355
301		337
302		368
303		343
304		320
305		330
306		337
307		362
308		353
309		326
310		336
311		346
312		343
313		328
314		310
315		320
316		341
317		324
318		317
319		298
320		325
321		314
322		333
323		319
324		326
325		301
326		312
327		285
328		296
329		296
330		319
331		280
332		272
333		268
334		315
335		293
336		310
337		297
338		297
339		290
340		309
341		295
342		268
343		276
344		276
345		287
346		292
347		254
348		275
349		263
350		288
351		259
352		265
353		272
354		287
355		274
356		241
357		259
358		254
359		254
360		257
361		250
362		239
363		274
364		231
365		243
366		259
367		272
368		259
369		249
370		243
371		253
372		263
373		250
374		224
375		225
376		230
377		232
378		231
379		242
380		224
381		219
382		258
383		241
384		206
385		220
386		212
387		238
388		235
389		212
390		227
391		215
392		222
393		213
394		221
395		218
396		243
397		233
398		178
399		203
400		215
401		204
402		229
403		212
404		219
405		193
406		206
407		191
408		221
409		228
410		198
411		212
412		205
413		236
414		209
415		175
416		180
417		169
418		202
419		175
420		185
421		199
422		212
423		203
424		197
425		223
426		181
427		198
428		187
429		184
430		198
431		181
432		180
433		209
434		170
435		197
436		186
437		179
438		200
439		173
440		215
441		174
442		168
443		214
444		200
445		215
446		175
447		168
448		180
449		200
450		167
451		177
452		152
453		172
454		178
455		183
456		178
457		173
458		162
459		171
460		180
461		196
462		169
463		147
464		155
465		171
466		154
467		187
468		179
469		172
470		165
471		155
472		149
473		167
474		143
475		165
476		169
477		139
478		143
479		170
480		149
481		146
482		150
483		148
484		156
485		165
486		147
487		157
488		146
489		123
490		140
491		152
492		154
493		164
494		135
495		152
496		157
497		127
498		149
499		150
500		137
501		152
502		137
503		152
504		147
505		133
506		138
507		144
508		148
509		147
510		144
511		132
512		132
513		139
514		127
515		139
516		144
517		121
518		130
519		138
520		136
521		153
522		134
523		163
524		148
525		141
526		134
527		131
528		126
529		140
530		159
531		135
532		131
533		123
534		141
535		148
536		111
537		121
538		123
539		126
540		124
541		126
542		142
543		124
544		119
545		127
546		127
547		118
548		125
549		103
550		111
551		117
552		108
553		122
554		121
555		124
556		135
557		123
558		130
559		132
560		145
561		108
562		129
563		142
564		130
565		120
566		141
567		100
568		103
569		107
570		97
571		129
572		114
573		139
574		139
575		125
576		119
577		116
578		117
579		117
580		105
581		110
582		109
583		123
584		106
585		99
586		105
587		105
588		99
589		98
590		90
591		108
592		112
593		122
594		108
595		100
596		98
597		123
598		103
599		112
600		117
601		117
602		104
603		104
604		104
605		116
606		100
607		107
608		128
609		125
610		115
611		109
612		112
613		100
614		100
615		126
616		90
617		86
618		83
619		88
620		104
621		95
622		100
623		124
624		98
625		102
626		90
627		102
628		84
629		111
630		84
631		83
632		99
633		81
634		106
635		91
636		122
637		102
638		91
639		100
640		87
641		111
642		108
643		89
644		98
645		82
646		91
647		103
648		98
649		100
650		91
651		91
652		95
653		101
654		89
655		107
656		99
657		94
658		76
659		110
660		98
661		86
662		84
663		96
664		111
665		89
666		85
667		79
668		120
669		96
670		80
671		89
672		90
673		89
674		82
675		93
676		90
677		88
678		71
679		93
680		79
681		98
682		100
683		79
684		90
685		93
686		84
687		93
688		85
689		93
690		87
691		96
692		79
693		101
694		95
695		87
696		79
697		87
698		76
699		78
700		86
701		95
702		97
703		88
704		87
705		80
706		79
707		85
708		92
709		86
710		86
711		76
712		70
713		75
714		72
715		77
716		69
717		88
718		77
719		74
720		87
721		88
722		86
723		77
724		83
725		69
726		71
727		75
728		67
729		53
730		62
731		67
732		65
733		89
734		79
735		83
736		79
737		80
738		77
739		84
740		60
741		77
742		75
743		77
744		78
745		77
746		78
747		88
748		69
749		69
750		65
751		65
752		78
753		76
754		69
755		75
756		89
757		78
758		84
759		83
760		65
761		68
762		67
763		80
764		66
765		86
766		75
767		56
768		68
769		91
770		81
771		51
772		84
773		67
774		62
775		77
776		66
777		76
778		73
779		65
780		71
781		63
782		71
783		77
784		66
785		71
786		51
787		76
788		69
789		65
790		62
791		72
792		56
793		73
794		69
795		66
796		59
797		67
798		62
799		72
800		79
801		49
802		71
803		63
804		75
805		50
806		64
807		68
808		64
809		70
810		61
811		57
812		77
813		81
814		64
815		66
816		76
817		56
818		60
819		66
820		53
821		57
822		66
823		73
824		71
825		60
826		64
827		72
828		63
829		66
830		61
831		56
832		72
833		46
834		68
835		55
836		67
837		49
838		64
839		58
840		61
841		50
842		53
843		67
844		63
845		52
846		56
847		55
848		71
849		69
850		61
851		55
852		67
853		51
854		62
855		69
856		51
857		61
858		50
859		71
860		60
861		61
862		64
863		68
864		74
865		51
866		77
867		56
868		57
869		47
870		59
871		52
872		51
873		65
874		63
875		61
876		54
877		62
878		46
879		51
880		49
881		61
882		50
883		65
884		57
885		45
886		57
887		39
888		64
889		50
890		50
891		47
892		46
893		56
894		46
895		50
896		45
897		45
898		59
899		63
900		48
901		45
902		58
903		50
904		54
905		54
906		44
907		47
908		62
909		52
910		45
911		56
912		49
913		67
914		49
915		47
916		46
917		70
918		55
919		57
920		59
921		58
922		52
923		58
924		49
925		58
926		42
927		56
928		64
929		55
930		53
931		47
932		48
933		45
934		50
935		49
936		50
937		71
938		29
939		61
940		40
941		52
942		55
943		56
944		36
945		51
946		36
947		51
948		38
949		39
950		54
951		44
952		59
953		43
954		53
955		58
956		54
957		55
958		47
959		55
960		49
961		39
962		58
963		32
964		51
965		50
966		48
967		54
968		48
969		46
970		37
971		52
972		35
973		35
974		53
975		53
976		58
977		54
978		46
979		44
980		48
981		53
982		58
983		50
984		53
985		43
986		48
987		44
988		63
989		46
990		42
991		40
992		62
993		53
994		48
995		33
996		37
997		39
998		41
999		37
1000		47
1001		40
1002		54
1003		48
1004		54
1005		52
1006		39
1007		46
1008		46
1009		45
1010		53
1011		48
1012		52
1013		32
1014		43
1015		48
1016		49
1017		53
1018		34
1019		48
1020		51
1021		50
1022		57
1023		55
1024		34
1025		47
1026		40
1027		43
1028		41
1029		39
1030		37
1031		47
1032		42
1033		42
1034		46
1035		37
1036		35
1037		38
1038		50
1039		40
1040		39
1041		34
1042		48
1043		46
1044		36
1045		54
1046		47
1047		45
1048		47
1049		32
1050		31
1051		42
1052		41
1053		42
1054		27
1055		45
1056		42
1057		28
1058		40
1059		55
1060		43
1061		30
1062		29
1063		31
1064		52
1065		44
1066		41
1067		44
1068		35
1069		35
1070		36
1071		43
1072		45
1073		37
1074		46
1075		32
1076		37
1077		38
1078		32
1079		31
1080		48
1081		30
1082		39
1083		25
1084		34
1085		39
1086		37
1087		38
1088		38
1089		34
1090		40
1091		46
1092		39
1093		38
1094		42
1095		33
1096		36
1097		41
1098		39
1099		34
1100		32
1101		31
1102		39
1103		34
1104		33
1105		38
1106		44
1107		39
1108		36
1109		44
1110		28
1111		28
1112		43
1113		39
1114		40
1115		35
1116		40
1117		32
1118		35
1119		48
1120		38
1121		40
1122		35
1123		28
1124		41
1125		52
1126		42
1127		34
1128		48
1129		35
1130		30
1131		32
1132		34
1133		42
1134		29
1135		32
1136		29
1137		27
1138		33
1139		34
1140		34
1141		36
1142		30
1143		40
1144		33
1145		31
1146		39
1147		32
1148		25
1149		41
1150		38
1151		33
1152		43
1153		40
1154		32
1155		33
1156		28
1157		25
1158		22
1159		45
1160		39
1161		28
1162		37
1163		31
1164		48
1165		31
1166		35
1167		32
1168		30
1169		38
1170		38
1171		24
1172		31
1173		34
1174		36
1175		34
1176		48
1177		36
1178		22
1179		33
1180		32
1181		33
1182		28
1183		36
1184		35
1185		42
1186		33
1187		39
1188		34
1189		29
1190		34
1191		45
1192		25
1193		38
1194		41
1195		33
1196		37
1197		42
1198		26
1199		50
1200		35
1201		32
1202		33
1203		35
1204		43
1205		30
1206		36
1207		34
1208		33
1209		40
1210		26
1211		39
1212		34
1213		28
1214		36
1215		29
1216		31
1217		36
1218		31
1219		33
1220		34
1221		38
1222		27
1223		27
1224		35
1225		38
1226		28
1227		35
1228		27
1229		24
1230		25
1231		32
1232		25
1233		29
1234		31
1235		29
1236		32
1237		29
1238		25
1239		24
1240		46
1241		32
1242		27
1243		27
1244		34
1245		26
1246		36
1247		21
1248		33
1249		27
1250		25
1251		36
1252		32
1253		32
1254		27
1255		31
1256		32
1257		33
1258		40
1259		31
1260		26
1261		40
1262		32
1263		29
1264		43
1265		28
1266		41
1267		32
1268		18
1269		26
1270		28
1271		33
1272		34
1273		23
1274		36
1275		33
1276		31
1277		29
1278		21
1279		36
1280		27
1281		31
1282		26
1283		31
1284		26
1285		30
1286		27
1287		35
1288		27
1289		30
1290		37
1291		41
1292		20
1293		29
1294		23
1295		38
1296		28
1297		38
1298		23
1299		34
1300		26
1301		39
1302		26
1303		24
1304		28
1305		33
1306		25
1307		33
1308		26
1309		24
1310		28
1311		31
1312		34
1313		24
1314		32
1315		18
1316		23
1317		32
1318		29
1319		27
1320		33
1321		37
1322		22
1323		33
1324		28
1325		25
1326		30
1327		24
1328		31
1329		31
1330		31
1331		22
1332		28
1333		20
1334		25
1335		32
1336		25
1337		21
1338		24
1339		25
1340		23
1341		31
1342		33
1343		25
1344		27
1345		31
1346		27
1347		19
1348		24
1349		21
1350		28
1351		22
1352		28
1353		27
1354		39
1355		47
1356		28
1357		38
1358		31
1359		19
1360		26
1361		25
1362		20
1363		32
1364		26
1365		19
1366		27
1367		33
1368		27
1369		34
1370		35
1371		30
1372		30
1373		27
1374		25
1375		20
1376		28
1377		24
1378		26
1379		30
1380		24
1381		29
1382		24
1383		29
1384		24
1385		30
1386		39
1387		24
1388		22
1389		26
1390		34
1391		24
1392		28
1393		24
1394		24
1395		25
1396		30
1397		28
1398		30
1399		25
1400		25
1401		25
1402		19
1403		22
1404		32
1405		25
1406		37
1407		21
1408		35
1409		17
1410		30
1411		27
1412		25
1413		18
1414		23
1415		23
1416		20
1417		31
1418		29
1419		27
1420		22
1421		26
1422		18
1423		30
1424		27
1425		28
1426		29
1427		21
1428		18
1429		22
1430		27
1431		28
1432		26
1433		29
1434		37
1435		25
1436		18
1437		28
1438		27
1439		23
1440		26
1441		27
1442		24
1443		25
1444		26
1445		24
1446		21
1447		32
1448		21
1449		23
1450		19
1451		18
1452		27
1453		24
1454		22
1455		27
1456		22
1457		22
1458		25
1459		23
1460		28
1461		33
1462		23
1463		16
1464		13
1465		16
1466		23
1467		22
1468		33
1469		12
1470		27
1471		28
1472		23
1473		21
1474		23
1475		18
1476		39
1477		30
1478		26
1479		14
1480		20
1481		18
1482		21
1483		19
1484		19
1485		16
1486		15
1487		22
1488		29
1489		27
1490		20
1491		23
1492		12
1493		22
1494		26
1495		24
1496		18
1497		21
1498		26
1499		17
1500		22
1501		24
1502		30
1503		21
1504		31
1505		29
1506		28
1507		33
1508		18
1509		26
1510		24
1511		18
1512		22
1513		22
1514		37
1515		22
1516		27
1517		15
1518		21
1519		24
1520		25
1521		32
1522		22
1523		27
1524		19
1525		25
1526		29
1527		33
1528		24
1529		24
1530		27
1531		17
1532		29
1533		28
1534		22
1535		22
1536		21
1537		10
1538		25
1539		24
1540		24
1541		23
1542		27
1543		22
1544		26
1545		24
1546		15
1547		22
1548		21
1549		20
1550		19
1551		19
1552		24
1553		20
1554		18
1555		24
1556		18
1557		14
1558		20
1559		18
1560		21
1561		22
1562		14
1563		24
1564		27
1565		15
1566		22
1567		26
1568		19
1569		20
1570		15
1571		21
1572		21
1573		29
1574		27
1575		16
1576		25
1577		21
1578		22
1579		17
1580		26
1581		19
1582		24
1583		19
1584		19
1585		25
1586		19
1587		20
1588		22
1589		25
1590		23
1591		20
1592		24
1593		24
1594		20
1595		23
1596		20
1597		24
1598		25
1599		22
1600		25
1601		17
1602		19
1603		23
1604		16
1605		26
1606		22
1607		19
1608		18
1609		16
1610		20
1611		22
1612		23
1613		27
1614		25
1615		18
1616		19
1617		24
1618		21
1619		18
1620		19
1621		17
1622		10
1623		20
1624		19
1625		18
1626		14
1627		22
1628		20
1629		19
1630		16
1631		23
1632		17
1633		16
1634		17
1635		21
1636		23
1637		20
1638		23
1639		19
1640		28
1641		14
1642		17
1643		19
1644		26
1645		18
1646		16
1647		24
1648		12
1649		22
1650		16
1651		17
1652		10
1653		21
1654		20
1655		13
1656		21
1657		18
1658		26
1659		20
1660		24
1661		15
1662		25
1663		10
1664		23
1665		26
1666		15
1667		21
1668		11
1669		20
1670		22
1671		22
1672		21
1673		24
1674		16
1675		18
1676		22
1677		21
1678		14
1679		20
1680		20
1681		14
1682		9
1683		27
1684		15
1685		20
1686		21
1687		20
1688		23
1689		26
1690		8
1691		13
1692		21
1693		18
1694		25
1695		20
1696		20
1697		12
1698		16
1699		21
1700		21
1701		13
1702		20
1703		16
1704		11
1705		19
1706		19
1707		19
1708		22
1709		19
1710		13
1711		13
1712		17
1713		20
1714		14
1715		23
1716		10
1717		14
1718		20
1719		17
1720		22
1721		16
1722		14
1723		12
1724		23
1725		16
1726		18
1727		9
1728		22
1729		12
1730		8
1731		15
1732		20
1733		18
1734		17
1735		23
1736		18
1737		18
1738		22
1739		12
1740		17
1741		23
1742		12
1743		17
1744		11
1745		20
1746		11
1747		11
1748		14
1749		23
1750		22
1751		17
1752		19
1753		21
1754		13
1755		20
1756		20
1757		9
1758		15
1759		18
1760		18
1761		11
1762		17
1763		19
1764		19
1765		24
1766		23
1767		17
1768		17
1769		15
1770		24
1771		15
1772		12
1773		21
1774		18
1775		18
1776		20
1777		21
1778		12
1779		16
1780		18
1781		16
1782		19
1783		13
1784		18
1785		16
1786		12
1787		16
1788		19
1789		13
1790		18
1791		17
1792		25
1793		16
1794		12
1795		21
1796		19
1797		14
1798		19
1799		14
1800		14
1801		18
1802		19
1803		15
1804		18
1805		13
1806		14
1807		17
1808		12
1809		22
1810		21
1811		18
1812		16
1813		15
1814		19
1815		18
1816		16
1817		11
1818		13
1819		13
1820		12
1821		21
1822		17
1823		14
1824		11
1825		22
1826		14
1827		9
1828		18
1829		15
1830		12
1831		15
1832		20
1833		11
1834		24
1835		15
1836		21
1837		20
1838		19
1839		15
1840		22
1841		14
1842		10
1843		19
1844		19
1845		15
1846		18
1847		19
1848		9
1849		17
1850		14
1851		26
1852		21
1853		13
1854		11
1855		12
1856		16
1857		12
1858		14
1859		19
1860		14
1861		14
1862		18
1863		22
1864		12
1865		14
1866		15
1867		17
1868		16
1869		21
1870		12
1871		10
1872		14
1873		20
1874		16
1875		9
1876		13
1877		15
1878		15
1879		18
1880		9
1881		15
1882		13
1883		7
1884		19
1885		18
1886		17
1887		15
1888		12
1889		15
1890		11
1891		21
1892		15
1893		9
1894		14
1895		18
1896		17
1897		12
1898		14
1899		21
1900		8
1901		12
1902		12
1903		19
1904		16
1905		15
1906		19
1907		19
1908		15
1909		9
1910		16
1911		11
1912		13
1913		9
1914		18
1915		18
1916		13
1917		17
1918		12
1919		15
1920		19
1921		12
1922		19
1923		10
1924		15
1925		16
1926		12
1927		12
1928		15
1929		16
1930		14
1931		16
1932		7
1933		11
1934		14
1935		23
1936		14
1937		17
1938		9
1939		19
1940		22
1941		22
1942		12
1943		13
1944		7
1945		13
1946		16
1947		15
1948		10
1949		15
1950		9
1951		18
1952		15
1953		16
1954		13
1955		7
1956		19
1957		17
1958		18
1959		17
1960		18
1961		16
1962		14
1963		12
1964		17
1965		13
1966		11
1967		15
1968		13
1969		17
1970		17
1971		15
1972		19
1973		16
1974		13
1975		14
1976		13
1977		15
1978		11
1979		14
1980		17
1981		18
1982		17
1983		8
1984		13
1985		24
1986		10
1987		14
1988		13
1989		8
1990		13
1991		12
1992		15
1993		11
1994		8
1995		21
1996		14
1997		23
1998		11
1999		10
2000		14
2001		16
2002		10
2003		18
2004		8
2005		12
2006		16
2007		18
2008		16
2009		14
2010		8
2011		17
2012		17
2013		12
2014		13
2015		9
2016		5
2017		10
2018		10
2019		8
2020		17
2021		16
2022		18
2023		18
2024		11
2025		21
2026		16
2027		11
2028		11
2029		17
2030		14
2031		9
2032		17
2033		16
2034		23
2035		15
2036		10
2037		20
2038		20
2039		14
2040		7
2041		13
2042		13
2043		16
2044		10
2045		15
2046		11
2047		15
2048		11
2049		15
2050		8
2051		14
2052		12
2053		15
2054		13
2055		26
2056		11
2057		15
2058		14
2059		20
2060		6
2061		12
2062		12
2063		19
2064		6
2065		13
2066		12
2067		11
2068		13
2069		19
2070		11
2071		18
2072		12
2073		5
2074		13
2075		14
2076		10
2077		14
2078		11
2079		9
2080		13
2081		12
2082		9
2083		7
2084		15
2085		18
2086		9
2087		12
2088		14
2089		14
2090		14
2091		13
2092		13
2093		6
2094		8
2095		16
2096		14
2097		13
2098		14
2099		12
2100		10
2101		17
2102		12
2103		5
2104		15
2105		11
2106		11
2107		10
2108		15
2109		12
2110		8
2111		12
2112		16
2113		16
2114		17
2115		15
2116		10
2117		11
2118		13
2119		11
2120		25
2121		16
2122		12
2123		16
2124		7
2125		10
2126		8
2127		8
2128		14
2129		13
2130		14
2131		11
2132		19
2133		16
2134		11
2135		15
2136		14
2137		13
2138		14
2139		9
2140		8
2141		20
2142		16
2143		12
2144		12
2145		17
2146		16
2147		13
2148		18
2149		14
2150		13
2151		16
2152		18
2153		13
2154		11
2155		9
2156		7
2157		15
2158		11
2159		8
2160		18
2161		15
2162		15
2163		12
2164		10
2165		11
2166		18
2167		12
2168		12
2169		9
2170		12
2171		7
2172		8
2173		10
2174		15
2175		8
2176		13
2177		5
2178		5
2179		11
2180		10
2181		13
2182		9
2183		14
2184		16
2185		7
2186		15
2187		8
2188		9
2189		9
2190		9
2191		8
2192		8
2193		8
2194		10
2195		13
2196		8
2197		7
2198		7
2199		12
2200		13
2201		7
2202		6
2203		10
2204		23
2205		11
2206		13
2207		8
2208		14
2209		13
2210		12
2211		13
2212		19
2213		14
2214		11
2215		11
2216		9
2217		12
2218		9
2219		11
2220		8
2221		12
2222		10
2223		12
2224		4
2225		15
2226		8
2227		13
2228		10
2229		15
2230		12
2231		7
2232		18
2233		14
2234		11
2235		9
2236		12
2237		20
2238		17
2239		7
2240		14
2241		8
2242		14
2243		10
2244		7
2245		13
2246		8
2247		11
2248		14
2249		13
2250		10
2251		8
2252		10
2253		10
2254		8
2255		9
2256		7
2257		8
2258		17
2259		12
2260		11
2261		13
2262		7
2263		9
2264		7
2265		12
2266		5
2267		8
2268		11
2269		9
2270		11
2271		10
2272		8
2273		15
2274		10
2275		12
2276		9
2277		7
2278		17
2279		14
2280		11
2281		8
2282		7
2283		6
2284		11
2285		14
2286		10
2287		11
2288		8
2289		19
2290		17
2291		8
2292		10
2293		10
2294		10
2295		4
2296		6
2297		14
2298		9
2299		7
2300		10
2301		8
2302		16
2303		16
2304		12
2305		13
2306		11
2307		13
2308		6
2309		14
2310		9
2311		8
2312		11
2313		9
2314		8
2315		15
2316		5
2317		9
2318		13
2319		7
2320		13
2321		9
2322		17
2323		11
2324		11
2325		14
2326		10
2327		11
2328		12
2329		9
2330		9
2331		13
2332		7
2333		15
2334		11
2335		13
2336		14
2337		6
2338		9
2339		15
2340		8
2341		10
2342		7
2343		9
2344		12
2345		9
2346		15
2347		12
2348		11
2349		9
2350		14
2351		7
2352		10
2353		11
2354		12
2355		7
2356		8
2357		13
2358		8
2359		7
2360		10
2361		10
2362		9
2363		9
2364		14
2365		7
2366		6
2367		9
2368		11
2369		15
2370		8
2371		10
2372		8
2373		10
2374		9
2375		11
2376		7
2377		14
2378		10
2379		4
2380		14
2381		9
2382		11
2383		8
2384		9
2385		14
2386		11
2387		10
2388		13
2389		10
2390		10
2391		12
2392		13
2393		7
2394		9
2395		12
2396		7
2397		10
2398		9
2399		10
2400		9
2401		12
2402		14
2403		6
2404		14
2405		9
2406		10
2407		14
2408		7
2409		9
2410		11
2411		8
2412		17
2413		10
2414		9
2415		13
2416		13
2417		9
2418		4
2419		20
2420		10
2421		10
2422		9
2423		9
2424		15
2425		9
2426		6
2427		16
2428		10
2429		9
2430		8
2431		18
2432		9
2433		12
2434		9
2435		5
2436		12
2437		7
2438		12
2439		11
2440		9
2441		10
2442		12
2443		12
2444		10
2445		9
2446		7
2447		7
2448		6
2449		10
2450		13
2451		11
2452		7
2453		13
2454		9
2455		5
2456		7
2457		8
2458		16
2459		7
2460		10
2461		8
2462		12
2463		10
2464		5
2465		12
2466		13
2467		11
2468		14
2469		11
2470		10
2471		17
2472		9
2473		13
2474		8
2475		9
2476		15
2477		9
2478		6
2479		9
2480		9
2481		10
2482		10
2483		8
2484		11
2485		7
2486		8
2487		5
2488		11
2489		11
2490		8
2491		13
2492		9
2493		9
2494		7
2495		9
2496		7
2497		9
2498		10
2499		9
2500		8
2501		9
2502		11
2503		11
2504		11
2505		8
2506		8
2507		9
2508		9
2509		6
2510		14
2511		6
2512		14
2513		14
2514		7
2515		11
2516		3
2517		7
2518		11
2519		4
2520		9
2521		14
2522		9
2523		14
2524		6
2525		13
2526		12
2527		12
2528		11
2529		12
2530		8
2531		8
2532		14
2533		9
2534		6
2535		14
2536		9
2537		12
2538		5
2539		16
2540		11
2541		11
2542		7
2543		3
2544		9
2545		13
2546		8
2547		6
2548		4
2549		5
2550		20
2551		9
2552		7
2553		11
2554		6
2555		7
2556		12
2557		10
2558		11
2559		14
2560		12
2561		8
2562		2
2563		13
2564		8
2565		8
2566		6
2567		10
2568		13
2569		6
2570		12
2571		10
2572		10
2573		6
2574		5
2575		14
2576		4
2577		9
2578		8
2579		11
2580		5
2581		7
2582		10
2583		6
2584		6
2585		14
2586		6
2587		8
2588		8
2589		10
2590		9
2591		11
2592		5
2593		5
2594		8
2595		9
2596		8
2597		10
2598		12
2599		6
2600		4
2601		4
2602		9
2603		10
2604		6
2605		12
2606		9
2607		10
2608		13
2609		12
2610		6
2611		11
2612		9
2613		9
2614		8
2615		10
2616		8
2617		12
2618		9
2619		9
2620		6
2621		10
2622		8
2623		7
2624		13
2625		6
2626		13
2627		12
2628		9
2629		10
2630		17
2631		8
2632		9
2633		3
2634		6
2635		8
2636		15
2637		6
2638		4
2639		9
2640		8
2641		8
2642		11
2643		12
2644		9
2645		10
2646		6
2647		6
2648		9
2649		6
2650		9
2651		4
2652		9
2653		8
2654		12
2655		6
2656		3
2657		9
2658		9
2659		8
2660		10
2661		8
2662		7
2663		8
2664		3
2665		6
2666		10
2667		3
2668		9
2669		4
2670		6
2671		7
2672		10
2673		5
2674		8
2675		4
2676		5
2677		1
2678		7
2679		11
2680		6
2681		5
2682		10
2683		10
2684		6
2685		5
2686		12
2687		12
2688		9
2689		9
2690		6
2691		12
2692		11
2693		6
2694		11
2695		5
2696		8
2697		16
2698		10
2699		7
2700		9
2701		6
2702		2
2703		8
2704		9
2705		6
2706		8
2707		9
2708		7
2709		7
2710		4
2711		2
2712		11
2713		11
2714		7
2715		5
2716		2
2717		5
2718		9
2719		8
2720		8
2721		7
2722		9
2723		7
2724		11
2725		6
2726		12
2727		9
2728		8
2729		7
2730		5
2731		4
2732		3
2733		6
2734		14
2735		6
2736		10
2737		9
2738		7
2739		6
2740		4
2741		6
2742		2
2743		6
2744		9
2745		8
2746		8
2747		6
2748		10
2749		12
2750		8
2751		7
2752		11
2753		6
2754		12
2755		7
2756		8
2757		6
2758		10
2759		7
2760		10
2761		8
2762		11
2763		6
2764		7
2765		10
2766		6
2767		5
2768		7
2769		13
2770		12
2771		5
2772		9
2773		13
2774		11
2775		11
2776		6
2777		13
2778		6
2779		6
2780		7
2781		8
2782		8
2783		7
2784		7
2785		7
2786		11
2787		7
2788		5
2789		5
2790		8
2791		7
2792		4
2793		9
2794		3
2795		13
2796		4
2797		4
2798		10
2799		9
2800		3
2801		5
2802		7
2803		4
2804		11
2805		4
2806		8
2807		8
2808		4
2809		6
2810		5
2811		12
2812		2
2813		4
2814		3
2815		4
2816		5
2817		10
2818		6
2819		6
2820		4
2821		8
2822		8
2823		4
2824		5
2825		14
2826		9
2827		8
2828		2
2829		10
2830		11
2831		5
2832		10
2833		11
2834		4
2835		10
2836		7
2837		2
2838		11
2839		13
2840		10
2841		15
2842		8
2843		3
2844		7
2845		10
2846		7
2847		6
2848		2
2849		9
2850		11
2851		8
2852		10
2853		7
2854		6
2855		9
2856		6
2857		8
2858		7
2859		7
2860		10
2861		11
2862		9
2863		3
2864		4
2865		6
2866		5
2867		6
2868		11
2869		9
2870		10
2871		5
2872		4
2873		8
2874		8
2875		8
2876		6
2877		5
2878		10
2879		8
2880		4
2881		4
2882		11
2883		6
2884		7
2885		6
2886		4
2887		11
2888		7
2889		3
2890		6
2891		5
2892		4
2893		5
2894		5
2895		10
2896		11
2897		5
2898		8
2899		7
2900		8
2901		5
2902		7
2903		10
2904		4
2905		8
2906		9
2907		7
2908		8
2909		2
2910		7
2911		5
2912		7
2913		6
2914		6
2915		5
2916		5
2917		9
2918		4
2919		7
2920		9
2921		11
2922		11
2923		5
2924		6
2925		9
2926		8
2927		6
2928		6
2929		10
2930		2
2931		10
2932		5
2933		6
2934		5
2935		4
2936		10
2937		12
2938		10
2939		5
2940		4
2941		8
2942		10
2943		9
2944		9
2945		6
2946		7
2947		4
2948		2
2949		6
2950		5
2951		9
2952		4
2953		4
2954		6
2955		8
2956		2
2957		3
2958		6
2959		7
2960		8
2961		7
2962		5
2963		8
2964		10
2965		6
2966		12
2967		8
2968		6
2969		7
2970		3
2971		5
2972		5
2973		9
2974		9
2975		4
2976		5
2977		6
2978		5
2979		4
2980		10
2981		8
2982		10
2983		3
2984		11
2985		6
2986		4
2987		9
2988		5
2989		3
2990		10
2991		8
2992		4
2993		2
2994		5
2995		5
2996		10
2997		6
2998		6
2999		5
3000		9
3001		5
3002		14
3003		8
3004		5
3005		10
3006		7
3007		9
3008		5
3009		9
3010		7
3011		1
3012		3
3013		2
3014		6
3015		7
3016		3
3017		7
3018		8
3019		7
3020		9
3021		11
3022		3
3023		9
3024		3
3025		5
3026		4
3027		2
3028		6
3029		3
3030		3
3031		6
3032		13
3033		8
3034		3
3035		6
3036		5
3037		5
3038		9
3039		3
3040		4
3041		4
3042		12
3043		3
3044		2
3045		8
3046		14
3047		5
3048		7
3049		5
3050		13
3051		3
3052		2
3053		9
3054		5
3055		6
3056		9
3057		5
3058		3
3059		10
3060		7
3061		9
3062		4
3063		5
3064		5
3065		4
3066		2
3067		7
3068		5
3069		2
3070		7
3071		8
3072		7
3074		6
3075		9
3076		14
3077		10
3078		8
3079		5
3080		3
3081		5
3082		4
3083		4
3084		7
3085		2
3086		8
3087		4
3088		5
3089		4
3090		14
3091		7
3092		6
3093		4
3094		3
3095		2
3096		6
3097		7
3098		2
3099		5
3100		5
3101		3
3102		8
3103		6
3104		10
3105		5
3106		8
3107		5
3108		7
3109		7
3110		11
3111		5
3112		3
3113		7
3114		2
3115		8
3116		4
3117		7
3118		3
3119		2
3120		7
3121		9
3122		5
3123		5
3124		6
3125		5
3126		7
3127		7
3128		9
3129		6
3130		3
3131		8
3132		6
3133		8
3134		4
3135		7
3136		7
3137		8
3138		8
3139		7
3140		9
3141		5
3142		6
3143		7
3144		4
3145		4
3146		8
3147		8
3148		8
3149		3
3150		4
3151		7
3152		7
3153		6
3154		5
3155		2
3156		6
3157		4
3158		5
3159		5
3160		7
3161		6
3162		7
3163		9
3164		6
3165		8
3166		5
3167		2
3168		1
3169		8
3170		8
3171		8
3172		1
3173		10
3174		4
3175		3
3176		5
3177		5
3178		7
3179		4
3180		8
3181		6
3182		7
3183		5
3184		5
3185		4
3186		8
3187		7
3188		5
3189		8
3190		3
3191		8
3192		5
3193		4
3194		7
3195		4
3196		9
3197		3
3198		4
3199		4
3200		6
3201		3
3202		4
3203		3
3204		2
3205		7
3206		8
3207		6
3208		4
3209		10
3210		7
3211		3
3212		6
3213		3
3214		9
3215		8
3216		5
3217		3
3218		5
3219		3
3220		2
3221		1
3222		1
3223		3
3224		4
3225		2
3226		7
3227		5
3228		9
3229		7
3230		1
3231		5
3232		8
3233		9
3234		4
3235		8
3236		5
3237		7
3238		8
3239		4
3240		9
3241		5
3242		7
3243		2
3244		6
3245		5
3246		8
3247		4
3248		9
3249		7
3250		3
3251		10
3252		3
3253		8
3254		3
3255		6
3256		4
3257		3
3258		6
3259		7
3260		5
3261		8
3262		6
3263		6
3264		5
3265		2
3266		3
3267		6
3268		2
3269		3
3270		4
3271		2
3272		7
3273		5
3274		3
3275		6
3276		3
3277		4
3278		4
3279		4
3280		3
3281		2
3282		7
3283		8
3284		4
3285		8
3286		9
3287		8
3288		7
3289		6
3290		7
3291		6
3292		3
3293		3
3294		3
3295		2
3296		6
3297		7
3298		7
3299		5
3300		3
3301		4
3303		3
3304		4
3305		1
3306		4
3307		4
3308		9
3309		3
3310		4
3311		5
3312		6
3313		3
3314		7
3315		5
3316		6
3317		5
3318		7
3319		3
3320		1
3321		5
3322		4
3323		11
3324		4
3325		6
3326		6
3327		3
3328		6
3329		3
3330		5
3331		5
3332		1
3333		7
3334		7
3335		8
3336		8
3337		3
3338		6
3339		3
3340		6
3341		2
3342		2
3343		5
3344		4
3345		4
3346		4
3347		4
3348		2
3349		6
3350		2
3351		6
3352		4
3353		6
3354		4
3355		7
3356		11
3357		1
3358		1
3359		8
3360		4
3361		6
3362		7
3363		4
3364		6
3365		7
3366		5
3367		5
3368		3
3369		7
3370		3
3371		1
3372		9
3373		5
3374		5
3375		4
3376		6
3377		4
3378		9
3379		4
3380		7
3381		5
3382		7
3383		2
3384		4
3385		5
3386		10
3387		8
3388		4
3389		3
3390		6
3391		5
3392		5
3393		2
3394		4
3395		1
3396		2
3397		4
3398		6
3399		3
3400		2
3401		2
3402		3
3403		7
3404		3
3405		2
3406		3
3407		5
3408		3
3409		4
3410		2
3411		4
3412		6
3413		5
3414		2
3415		4
3416		3
3417		4
3418		4
3419		5
3420		8
3421		2
3422		3
3423		2
3424		7
3425		8
3426		8
3427		3
3428		5
3429		5
3431		6
3432		2
3433		2
3434		6
3435		5
3436		5
3437		7
3438		3
3439		2
3440		3
3441		3
3442		3
3443		6
3444		6
3445		3
3446		5
3447		6
3448		4
3449		7
3450		5
3451		3
3452		4
3453		4
3454		5
3455		5
3456		7
3457		4
3458		8
3459		4
3460		10
3461		3
3462		6
3463		4
3464		1
3465		8
3466		7
3467		6
3468		7
3469		7
3470		3
3471		5
3472		7
3473		6
3474		3
3475		7
3476		7
3477		4
3478		4
3479		8
3480		3
3481		5
3482		6
3483		5
3484		2
3485		1
3486		1
3487		2
3488		6
3489		3
3490		1
3491		2
3492		7
3493		7
3494		2
3496		6
3497		3
3498		5
3499		5
3500		4
3501		3
3502		4
3503		3
3504		5
3505		4
3506		6
3507		4
3508		5
3509		5
3510		4
3511		8
3512		6
3513		6
3514		6
3515		3
3516		4
3517		3
3518		9
3519		3
3520		4
3521		4
3522		3
3523		5
3524		3
3525		4
3526		3
3527		3
3528		2
3529		4
3530		7
3531		4
3532		2
3533		3
3534		1
3535		5
3536		1
3537		3
3538		4
3539		5
3540		5
3541		5
3542		3
3544		2
3545		6
3546		4
3547		4
3548		1
3549		5
3550		3
3551		5
3552		2
3553		2
3554		4
3555		8
3556		2
3558		2
3559		4
3560		3
3561		1
3562		3
3563		2
3564		8
3565		8
3566		3
3567		2
3568		2
3569		6
3570		4
3571		7
3572		4
3573		6
3574		5
3575		7
3576		4
3577		4
3578		4
3579		3
3580		2
3581		7
3582		4
3583		4
3584		1
3585		5
3586		2
3587		3
3588		7
3589		3
3590		3
3591		1
3592		6
3593		3
3594		3
3595		3
3596		5
3597		4
3598		2
3599		6
3600		4
3601		5
3602		5
3603		3
3604		6
3605		4
3606		3
3607		3
3608		1
3609		3
3610		3
3611		2
3612		1
3613		5
3614		5
3615		5
3616		6
3617		4
3618		2
3619		4
3620		5
3621		1
3622		1
3623		6
3624		6
3625		5
3626		6
3627		3
3628		7
3629		3
3630		4
3631		4
3632		3
3633		5
3634		3
3635		3
3636		1
3637		6
3638		4
3639		2
3640		6
3641		4
3642		4
3643		3
3644		4
3645		7
3646		2
3647		2
3648		5
3649		2
3650		6
3651		4
3652		4
3653		3
3654		1
3655		4
3656		3
3657		3
3658		5
3659		3
3660		4
3661		4
3662		3
3663		6
3664		1
3665		3
3666		7
3668		4
3669		6
3670		2
3671		1
3672		5
3673		5
3674		6
3675		2
3676		3
3677		1
3678		7
3679		5
3680		4
3681		2
3682		3
3683		3
3684		7
3685		2
3686		3
3687		6
3688		4
3689		4
3690		3
3691		2
3692		2
3693		5
3695		1
3696		3
3697		4
3698		2
3699		3
3700		2
3701		8
3702		1
3703		4
3704		1
3705		3
3706		6
3707		1
3708		1
3709		4
3710		1
3711		4
3712		3
3713		4
3714		3
3715		4
3716		7
3717		3
3718		1
3719		4
3720		2
3721		6
3722		3
3723		3
3724		4
3725		4
3726		4
3727		2
3728		2
3729		2
3730		3
3731		4
3732		5
3733		3
3734		4
3735		2
3736		6
3737		7
3738		2
3739		1
3740		8
3741		2
3742		3
3743		4
3744		5
3745		2
3746		3
3747		3
3749		2
3750		6
3751		8
3752		2
3753		4
3754		1
3755		2
3756		2
3757		7
3758		3
3759		3
3760		4
3761		6
3762		3
3763		5
3764		4
3765		4
3766		1
3767		4
3769		3
3770		4
3771		6
3772		3
3773		7
3774		3
3775		2
3776		3
3777		8
3778		2
3779		5
3780		3
3781		3
3782		2
3783		3
3784		3
3785		3
3786		3
3787		2
3788		2
3789		7
3790		3
3791		2
3792		1
3793		4
3794		1
3795		1
3796		5
3798		3
3799		5
3800		7
3801		4
3802		5
3803		2
3804		5
3805		3
3806		4
3807		3
3808		1
3809		3
3810		7
3811		2
3812		5
3814		2
3815		1
3816		4
3817		5
3819		1
3820		3
3821		3
3822		2
3823		4
3824		2
3825		4
3826		2
3827		4
3828		2
3829		6
3830		3
3831		2
3832		4
3833		6
3834		2
3836		2
3837		4
3838		3
3839		2
3840		1
3841		1
3842		2
3843		2
3844		2
3845		5
3846		2
3847		2
3848		2
3849		4
3850		4
3851		6
3852		2
3853		6
3854		3
3855		2
3856		3
3857		2
3858		2
3859		1
3860		3
3861		2
3862		2
3863		4
3864		5
3865		7
3866		1
3867		2
3868		4
3869		8
3870		1
3871		3
3872		1
3873		5
3874		3
3875		5
3876		7
3877		3
3878		2
3879		2
3880		6
3881		2
3882		2
3883		4
3884		7
3885		1
3887		5
3888		5
3889		5
3890		2
3891		6
3892		5
3893		2
3894		2
3895		2
3896		2
3897		3
3898		1
3899		9
3900		1
3901		1
3902		4
3903		2
3904		2
3905		1
3906		1
3907		4
3908		4
3909		2
3910		3
3911		3
3912		4
3913		3
3914		1
3915		3
3916		3
3917		4
3918		2
3919		3
3920		2
3921		4
3922		1
3923		1
3924		4
3925		3
3926		2
3927		2
3928		3
3929		1
3930		4
3931		2
3932		1
3933		3
3934		1
3935		2
3936		4
3937		3
3938		1
3939		4
3940		3
3941		1
3943		1
3944		2
3945		1
3948		3
3949		5
3950		2
3951		8
3952		1
3953		2
3954		9
3955		4
3956		1
3957		3
3958		7
3959		1
3960		3
3961		2
3962		1
3963		1
3964		4
3965		4
3966		5
3967		2
3968		1
3969		3
3970		4
3971		3
3972		1
3973		2
3974		1
3975		3
3976		3
3977		3
3978		4
3979		3
3980		1
3981		1
3982		3
3984		1
3985		2
3986		3
3987		2
3989		1
3990		3
3991		1
3992		4
3993		4
3994		6
3996		4
3997		5
3998		2
3999		3
4000		4
4001		4
4002		4
4003		5
4004		3
4005		1
4006		1
4007		4
4008		1
4009		5
4010		1
4011		2
4012		5
4013		2
4014		1
4015		1
4016		1
4017		4
4018		5
4019		5
4020		4
4021		4
4024		2
4025		2
4026		4
4027		2
4028		3
4029		2
4030		5
4031		3
4032		1
4033		3
4034		1
4035		1
4036		3
4037		5
4038		4
4040		3
4041		2
4042		1
4043		2
4044		2
4045		2
4046		1
4047		2
4048		4
4049		4
4050		3
4051		4
4052		2
4053		2
4055		1
4056		1
4057		5
4059		1
4061		3
4062		2
4063		1
4064		2
4065		2
4066		1
4067		3
4068		1
4069		3
4070		2
4071		3
4072		7
4073		1
4074		6
4075		5
4076		2
4077		2
4078		2
4079		2
4080		7
4081		1
4082		2
4083		4
4084		6
4085		5
4086		2
4087		4
4088		6
4089		4
4090		2
4091		4
4093		2
4094		2
4095		2
4096		1
4097		3
4098		2
4099		2
4100		2
4102		1
4103		3
4104		3
4105		3
4106		2
4107		4
4108		2
4109		1
4110		3
4111		2
4112		3
4113		5
4114		4
4115		4
4116		4
4117		3
4118		2
4119		3
4120		3
4121		1
4122		3
4123		3
4124		3
4125		2
4126		3
4127		4
4129		1
4130		1
4131		1
4132		2
4133		1
4134		1
4135		1
4136		1
4138		2
4139		2
4140		5
4141		1
4142		1
4143		2
4144		1
4145		1
4146		1
4147		2
4148		2
4149		2
4150		5
4151		3
4152		3
4153		2
4154		4
4155		4
4157		4
4158		3
4159		3
4160		1
4161		2
4162		2
4163		4
4164		2
4166		1
4167		3
4168		1
4169		7
4170		1
4171		3
4172		1
4173		5
4174		1
4176		2
4177		2
4178		1
4179		2
4180		1
4182		3
4183		4
4184		1
4185		3
4186		4
4187		1
4188		1
4189		2
4190		4
4191		2
4192		1
4193		3
4194		3
4195		1
4196		6
4197		3
4198		3
4201		3
4202		5
4203		2
4205		2
4206		1
4208		5
4209		2
4210		1
4211		2
4212		2
4213		3
4214		3
4215		1
4217		1
4218		2
4219		2
4220		5
4221		4
4222		1
4223		2
4224		3
4225		1
4226		2
4227		4
4228		6
4229		3
4230		4
4231		6
4233		1
4234		3
4235		2
4237		3
4238		1
4240		4
4241		1
4243		2
4244		1
4245		1
4246		3
4247		2
4248		1
4250		4
4251		3
4252		2
4253		3
4255		2
4256		3
4257		1
4258		1
4259		4
4260		2
4261		4
4263		2
4264		4
4266		1
4267		3
4269		4
4270		2
4271		4
4272		1
4273		1
4274		1
4275		2
4276		7
4277		3
4278		3
4279		2
4281		4
4282		2
4283		1
4284		3
4285		4
4286		2
4287		1
4288		1
4289		5
4290		2
4291		2
4292		3
4293		3
4294		1
4295		1
4296		3
4298		3
4299		3
4300		3
4301		3
4302		2
4303		5
4304		1
4305		3
4306		1
4308		1
4309		3
4310		3
4311		2
4312		2
4313		1
4314		1
4315		1
4316		2
4318		5
4319		1
4322		5
4323		1
4324		1
4325		3
4326		1
4327		2
4328		1
4329		2
4330		2
4331		2
4332		2
4333		4
4334		1
4335		2
4336		1
4337		1
4338		1
4339		2
4341		1
4342		1
4343		3
4344		2
4345		2
4346		1
4347		4
4348		6
4349		3
4350		2
4351		2
4352		1
4353		1
4354		3
4355		1
4357		1
4358		1
4359		4
4360		3
4362		4
4363		1
4364		1
4365		2
4366		1
4367		2
4368		3
4369		1
4370		1
4373		2
4374		2
4375		4
4376		1
4377		2
4378		1
4379		2
4380		2
4381		2
4382		2
4383		4
4384		1
4385		2
4386		1
4387		4
4388		2
4389		1
4390		3
4391		2
4393		1
4394		1
4395		1
4396		5
4397		1
4398		2
4399		1
4401		2
4402		1
4403		3
4404		2
4405		3
4407		3
4409		1
4410		6
4411		1
4412		3
4413		1
4414		2
4415		1
4416		3
4417		1
4418		1
4419		4
4420		3
4421		3
4422		1
4424		3
4425		1
4426		1
4427		1
4428		1
4429		1
4430		2
4431		1
4432		1
4433		1
4434		1
4435		1
4436		1
4437		4
4438		1
4439		2
4440		2
4441		2
4442		2
4443		2
4444		1
4445		5
4447		1
4448		2
4449		4
4450		2
4451		2
4452		1
4453		2
4454		1
4456		4
4458		3
4460		2
4461		2
4462		4
4464		2
4465		2
4466		1
4467		1
4468		1
4469		1
4470		1
4472		1
4473		2
4475		3
4477		2
4479		3
4480		3
4482		3
4483		3
4485		2
4486		1
4488		4
4489		1
4490		1
4491		1
4492		1
4493		2
4494		2
4495		1
4497		3
4498		3
4500		2
4501		3
4502		3
4503		1
4504		2
4505		1
4506		3
4507		5
4509		2
4510		2
4511		2
4512		3
4513		1
4514		3
4515		2
4516		1
4517		2
4520		1
4522		1
4523		1
4524		1
4527		1
4531		1
4532		1
4533		1
4534		2
4535		3
4537		1
4538		2
4539		3
4540		2
4541		2
4542		2
4545		3
4546		1
4547		1
4548		5
4550		1
4551		1
4553		1
4554		2
4558		2
4559		2
4562		2
4564		1
4565		1
4566		3
4567		3
4568		3
4571		1
4573		5
4574		3
4575		2
4577		2
4581		4
4582		1
4583		2
4584		1
4585		3
4586		1
4587		1
4588		1
4589		2
4590		1
4591		3
4592		1
4593		2
4594		1
4596		3
4597		4
4598		1
4599		4
4602		3
4603		2
4605		2
4606		1
4607		3
4608		5
4609		2
4611		1
4612		2
4613		2
4614		2
4615		1
4616		1
4617		1
4618		1
4619		1
4620		1
4621		4
4622		1
4625		2
4627		2
4628		1
4629		2
4630		1
4633		2
4634		1
4635		4
4636		3
4637		3
4639		1
4640		3
4641		1
4646		1
4647		2
4648		2
4649		1
4650		1
4651		1
4654		1
4656		3
4658		1
4659		1
4660		1
4663		2
4665		2
4667		2
4668		2
4669		2
4670		1
4672		1
4673		1
4674		1
4677		2
4679		2
4680		2
4681		2
4682		1
4683		1
4684		1
4685		1
4688		1
4689		1
4690		2
4692		1
4693		1
4694		1
4696		1
4697		1
4701		1
4702		1
4703		1
4704		1
4705		1
4706		3
4707		2
4708		1
4709		1
4710		1
4713		1
4714		1
4715		1
4717		1
4718		1
4719		1
4720		1
4722		2
4723		1
4728		5
4729		2
4730		1
4731		2
4732		1
4734		2
4735		2
4736		1
4738		1
4739		2
4741		1
4742		2
4744		1
4745		1
4746		3
4747		1
4748		1
4749		2
4750		2
4752		2
4755		1
4757		2
4758		1
4760		2
4761		4
4762		1
4766		1
4767		2
4768		1
4770		1
4772		2
4773		2
4774		1
4777		1
4778		2
4779		1
4780		1
4781		1
4782		1
4783		2
4786		2
4789		2
4790		2
4792		1
4794		1
4795		1
4796		1
4799		3
4800		1
4801		1
4802		1
4803		2
4805		4
4806		2
4808		2
4809		2
4810		1
4815		2
4816		1
4817		1
4818		1
4819		1
4820		2
4821		1
4822		2
4824		2
4825		1
4828		1
4829		1
4830		1
4831		2
4832		1
4833		2
4834		2
4835		2
4837		1
4838		2
4839		1
4841		1
4842		1
4847		2
4848		1
4849		2
4851		1
4852		2
4853		2
4854		1
4855		1
4857		1
4860		1
4861		1
4863		1
4865		1
4866		2
4867		1
4868		1
4869		1
4871		1
4873		1
4877		1
4878		2
4880		1
4882		2
4883		1
4884		2
4885		3
4886		1
4887		1
4888		2
4889		1
4890		1
4891		2
4892		1
4893		1
4894		4
4895		3
4896		1
4899		4
4903		1
4904		2
4905		1
4906		1
4907		2
4909		1
4911		1
4912		3
4915		1
4916		2
4918		1
4921		1
4925		1
4926		2
4927		1
4929		1
4930		1
4931		3
4933		2
4934		1
4935		2
4936		1
4937		2
4938		4
4939		1
4940		1
4942		1
4943		2
4945		1
4947		1
4949		1
4950		1
4953		1
4954		3
4956		1
4957		1
4958		1
4961		1
4962		1
4963		1
4964		1
4968		1
4969		1
4971		1
4972		1
4973		3
4975		1
4977		2
4979		1
4982		1
4983		2
4990		1
4991		1
4996		1
4998		1
5004		4
5005		1
5006		1
5013		1
5014		1
5015		2
5016		2
5017		2
5020		1
5022		2
5026		1
5027		2
5028		2
5029		1
5030		1
5031		1
5032		3
5035		1
5037		1
5038		1
5040		1
5043		1
5045		2
5050		2
5055		1
5056		1
5061		1
5062		3
5063		1
5064		2
5067		3
5068		2
5069		1
5070		1
5071		1
5072		1
5074		1
5075		1
5076		2
5077		1
5078		1
5079		2
5086		2
5088		1
5089		1
5090		1
5091		1
5093		1
5096		3
5100		2
5101		1
5102		1
5104		2
5106		1
5110		1
5112		2
5114		1
5118		1
5120		2
5123		1
5125		1
5126		1
5128		1
5129		1
5136		2
5137		1
5139		1
5142		1
5146		2
5148		2
5149		1
5151		2
5152		1
5160		3
5161		1
5163		2
5164		3
5165		1
5166		1
5167		1
5168		1
5171		1
5172		1
5173		2
5176		1
5177		1
5180		1
5184		1
5187		1
5188		1
5189		1
5190		1
5192		3
5197		1
5198		1
5199		3
5200		1
5203		3
5204		1
5206		1
5207		1
5208		3
5209		2
5212		1
5214		2
5218		1
5222		1
5223		1
5227		1
5229		1
5230		3
5234		3
5235		1
5237		1
5241		2
5242		1
5243		1
5246		1
5248		1
5251		1
5257		1
5259		1
5260		1
5261		1
5265		1
5266		1
5274		1
5275		1
5277		1
5278		2
5281		1
5283		1
5293		1
5294		1
5296		1
5297		1
5301		1
5303		1
5306		1
5307		1
5310		2
5314		1
5317		1
5318		1
5319		1
5321		1
5322		1
5324		1
5326		2
5330		1
5332		1
5334		1
5336		1
5340		1
5343		1
5345		1
5346		2
5347		1
5349		1
5354		1
5355		1
5357		1
5358		1
5360		1
5363		1
5366		1
5370		2
5372		1
5374		1
5375		2
5376		3
5378		1
5381		1
5388		2
5391		1
5392		2
5393		1
5394		1
5395		1
5397		1
5398		1
5403		2
5411		2
5420		1
5421		1
5424		2
5428		1
5429		1
5431		1
5432		1
5437		1
5440		1
5448		2
5452		1
5454		1
5455		1
5458		1
5463		1
5465		1
5475		1
5477		1
5483		1
5485		1
5494		1
5495		1
5496		1
5497		1
5498		1
5506		2
5512		1
5521		1
5522		1
5525		1
5527		1
5536		1
5539		1
5545		1
5549		1
5557		1
5560		1
5562		1
5565		1
5571		1
5578		1
5580		1
5582		1
5587		1
5590		1
5593		1
5596		1
5598		2
5604		1
5607		1
5611		1
5613		1
5622		1
5626		1
5630		1
5631		1
5637		1
5640		1
5644		1
5649		1
5654		1
5657		1
5658		1
5664		1
5668		1
5669		1
5675		1
5677		1
5692		1
5694		1
5707		1
5733		1
5741		2
5751		1
5754		1
5755		1
5770		1
5771		1
5776		1
5777		1
5786		1
5789		1
5792		1
5794		1
5805		1
5806		1
5808		2
5811		1
5828		1
5829		1
5836		1
5853		1
5854		1
5858		1
5865		1
5871		1
5880		1
5899		1
5900		1
5904		1
5909		1
5932		1
5944		1
5952		1
5957		1
5958		1
5965		1
5986		1
6001		1
6003		1
6014		1
6058		1
6083		1
6087		1
6091		1
6106		1
6121		1
6128		1
6184		1
6221		1
6244		1
6245		1
6259		1
6287		1
6305		1
6327		1
6330		1
6342		1
6380		1
6383		1
6421		1
6444		1
6507		1
6520		1
6524		1
6541		1
6554		1
6678		1
6856		1
