Tamaños		Cantidades
1		8147839
2		1722316
3		1025403
4		662757
5		463435
6		340187
7		262586
8		208831
9		170772
10		141893
11		120583
12		103599
13		89971
14		79646
15		69839
16		62423
17		55886
18		50667
19		45757
20		42276
21		38714
22		35468
23		32890
24		30295
25		28016
26		26546
27		24573
28		23225
29		21523
30		20437
31		19170
32		18249
33		17382
34		16320
35		15451
36		14804
37		13828
38		13579
39		12654
40		12396
41		11697
42		11059
43		10734
44		10414
45		9995
46		9596
47		9361
48		8725
49		8385
50		8285
51		7944
52		7772
53		7445
54		7083
55		6960
56		6631
57		6576
58		6412
59		6117
60		5874
61		5697
62		5573
63		5657
64		5303
65		5199
66		5114
67		4934
68		4733
69		4619
70		4632
71		4388
72		4267
73		4171
74		4100
75		3948
76		3883
77		3878
78		3748
79		3681
80		3502
81		3516
82		3400
83		3236
84		3270
85		3220
86		3196
87		3147
88		2992
89		2849
90		2964
91		2799
92		2809
93		2636
94		2637
95		2626
96		2597
97		2627
98		2471
99		2472
100		2323
101		2400
102		2395
103		2325
104		2254
105		2160
106		2205
107		2114
108		2161
109		2125
110		2137
111		1926
112		1930
113		1883
114		1840
115		1928
116		1910
117		1817
118		1768
119		1766
120		1810
121		1730
122		1710
123		1644
124		1679
125		1657
126		1676
127		1580
128		1514
129		1584
130		1588
131		1499
132		1495
133		1401
134		1443
135		1426
136		1446
137		1403
138		1372
139		1326
140		1377
141		1337
142		1334
143		1259
144		1255
145		1286
146		1256
147		1247
148		1243
149		1186
150		1196
151		1136
152		1162
153		1178
154		1140
155		1136
156		1110
157		1121
158		1115
159		1103
160		1046
161		1055
162		975
163		1058
164		1073
165		994
166		1009
167		975
168		979
169		954
170		965
171		998
172		956
173		894
174		876
175		919
176		902
177		947
178		912
179		863
180		890
181		868
182		873
183		809
184		854
185		865
186		792
187		848
188		817
189		808
190		770
191		790
192		754
193		742
194		757
195		758
196		788
197		764
198		724
199		749
200		751
201		721
202		685
203		685
204		711
205		728
206		685
207		719
208		668
209		678
210		692
211		644
212		651
213		646
214		624
215		599
216		583
217		628
218		641
219		646
220		630
221		581
222		580
223		581
224		600
225		611
226		584
227		550
228		571
229		576
230		555
231		546
232		589
233		584
234		544
235		537
236		535
237		541
238		504
239		550
240		597
241		538
242		494
243		542
244		494
245		500
246		495
247		524
248		542
249		513
250		507
251		449
252		495
253		474
254		492
255		435
256		487
257		460
258		428
259		424
260		472
261		476
262		460
263		452
264		467
265		457
266		478
267		415
268		417
269		455
270		442
271		460
272		433
273		438
274		421
275		444
276		411
277		453
278		380
279		390
280		423
281		402
282		421
283		399
284		405
285		409
286		375
287		392
288		388
289		418
290		355
291		372
292		369
293		360
294		370
295		369
296		371
297		342
298		376
299		359
300		361
301		321
302		351
303		355
304		379
305		347
306		382
307		357
308		354
309		337
310		316
311		359
312		343
313		303
314		318
315		325
316		327
317		325
318		284
319		331
320		328
321		316
322		340
323		327
324		327
325		328
326		312
327		322
328		351
329		280
330		326
331		320
332		277
333		307
334		319
335		330
336		288
337		318
338		326
339		301
340		263
341		300
342		289
343		260
344		294
345		304
346		272
347		282
348		285
349		304
350		273
351		264
352		272
353		280
354		273
355		272
356		256
357		280
358		247
359		259
360		249
361		252
362		295
363		266
364		262
365		218
366		253
367		247
368		278
369		247
370		239
371		282
372		259
373		276
374		234
375		258
376		261
377		242
378		230
379		241
380		237
381		247
382		249
383		252
384		227
385		234
386		233
387		225
388		247
389		207
390		228
391		229
392		214
393		211
394		230
395		232
396		228
397		216
398		239
399		221
400		222
401		244
402		195
403		215
404		221
405		209
406		230
407		238
408		198
409		222
410		208
411		213
412		197
413		221
414		196
415		200
416		199
417		207
418		185
419		212
420		199
421		199
422		205
423		188
424		176
425		219
426		183
427		173
428		204
429		195
430		208
431		205
432		199
433		200
434		187
435		217
436		220
437		193
438		204
439		179
440		169
441		190
442		166
443		190
444		186
445		181
446		203
447		199
448		177
449		186
450		172
451		194
452		155
453		187
454		175
455		170
456		174
457		173
458		158
459		166
460		168
461		178
462		155
463		168
464		184
465		162
466		154
467		177
468		173
469		161
470		173
471		167
472		179
473		198
474		166
475		180
476		186
477		157
478		174
479		168
480		149
481		146
482		135
483		171
484		163
485		148
486		143
487		132
488		166
489		171
490		163
491		139
492		146
493		164
494		171
495		156
496		183
497		162
498		138
499		161
500		162
501		137
502		149
503		135
504		150
505		143
506		152
507		141
508		138
509		133
510		146
511		152
512		139
513		146
514		136
515		143
516		145
517		157
518		116
519		129
520		147
521		141
522		144
523		149
524		141
525		163
526		131
527		133
528		175
529		151
530		140
531		140
532		132
533		112
534		134
535		125
536		129
537		132
538		140
539		145
540		124
541		136
542		136
543		135
544		140
545		139
546		135
547		143
548		130
549		140
550		159
551		127
552		131
553		126
554		136
555		135
556		130
557		122
558		127
559		123
560		147
561		132
562		119
563		125
564		144
565		116
566		122
567		108
568		115
569		102
570		117
571		113
572		134
573		138
574		130
575		116
576		110
577		122
578		108
579		125
580		111
581		111
582		119
583		120
584		106
585		102
586		122
587		110
588		109
589		104
590		119
591		115
592		107
593		104
594		96
595		122
596		109
597		110
598		102
599		105
600		125
601		114
602		109
603		108
604		111
605		109
606		106
607		110
608		94
609		114
610		118
611		118
612		107
613		129
614		101
615		120
616		104
617		110
618		123
619		101
620		100
621		89
622		117
623		122
624		112
625		107
626		101
627		104
628		96
629		109
630		97
631		87
632		95
633		94
634		108
635		100
636		107
637		108
638		106
639		100
640		90
641		110
642		102
643		108
644		100
645		90
646		86
647		100
648		100
649		88
650		95
651		100
652		77
653		109
654		116
655		89
656		83
657		109
658		98
659		113
660		97
661		101
662		97
663		100
664		122
665		89
666		98
667		81
668		86
669		86
670		102
671		90
672		86
673		91
674		89
675		98
676		82
677		90
678		79
679		84
680		96
681		88
682		91
683		94
684		79
685		102
686		85
687		96
688		92
689		87
690		95
691		85
692		87
693		91
694		79
695		92
696		94
697		88
698		89
699		99
700		78
701		72
702		94
703		96
704		73
705		92
706		88
707		89
708		81
709		75
710		76
711		68
712		80
713		89
714		69
715		107
716		113
717		90
718		74
719		87
720		75
721		89
722		79
723		83
724		77
725		71
726		75
727		81
728		93
729		93
730		77
731		91
732		91
733		65
734		83
735		76
736		64
737		75
738		87
739		84
740		71
741		73
742		83
743		72
744		68
745		80
746		68
747		83
748		82
749		72
750		77
751		65
752		73
753		69
754		76
755		76
756		55
757		89
758		65
759		80
760		74
761		91
762		64
763		83
764		88
765		77
766		64
767		66
768		85
769		77
770		77
771		80
772		78
773		85
774		69
775		70
776		86
777		65
778		87
779		69
780		55
781		78
782		71
783		70
784		78
785		65
786		50
787		65
788		70
789		69
790		79
791		69
792		73
793		80
794		65
795		71
796		73
797		73
798		78
799		87
800		75
801		81
802		83
803		59
804		71
805		65
806		64
807		79
808		74
809		68
810		77
811		68
812		70
813		58
814		82
815		69
816		66
817		62
818		70
819		75
820		80
821		62
822		72
823		72
824		64
825		58
826		73
827		69
828		56
829		78
830		62
831		76
832		77
833		62
834		53
835		69
836		50
837		77
838		64
839		63
840		74
841		53
842		57
843		67
844		72
845		63
846		70
847		54
848		55
849		67
850		68
851		61
852		46
853		62
854		61
855		65
856		71
857		56
858		69
859		63
860		66
861		59
862		70
863		54
864		58
865		47
866		66
867		60
868		59
869		59
870		62
871		52
872		63
873		57
874		55
875		69
876		59
877		56
878		56
879		66
880		58
881		58
882		61
883		75
884		70
885		54
886		68
887		49
888		55
889		60
890		59
891		64
892		60
893		57
894		66
895		52
896		56
897		53
898		72
899		55
900		55
901		54
902		47
903		71
904		52
905		69
906		56
907		52
908		57
909		65
910		55
911		60
912		60
913		59
914		62
915		41
916		57
917		47
918		39
919		56
920		51
921		50
922		61
923		63
924		50
925		66
926		67
927		62
928		55
929		42
930		67
931		50
932		53
933		53
934		50
935		52
936		46
937		66
938		61
939		47
940		41
941		46
942		54
943		52
944		50
945		54
946		54
947		59
948		57
949		49
950		54
951		42
952		47
953		55
954		53
955		37
956		63
957		64
958		60
959		44
960		56
961		46
962		56
963		62
964		55
965		60
966		41
967		47
968		51
969		52
970		34
971		59
972		36
973		53
974		59
975		58
976		47
977		42
978		53
979		54
980		58
981		58
982		44
983		49
984		45
985		38
986		41
987		48
988		44
989		50
990		57
991		50
992		39
993		60
994		50
995		54
996		41
997		48
998		45
999		41
1000		50
1001		47
1002		65
1003		53
1004		44
1005		44
1006		51
1007		54
1008		63
1009		44
1010		41
1011		47
1012		49
1013		48
1014		43
1015		45
1016		61
1017		48
1018		59
1019		46
1020		47
1021		57
1022		55
1023		52
1024		44
1025		53
1026		49
1027		50
1028		42
1029		54
1030		49
1031		40
1032		51
1033		43
1034		47
1035		38
1036		42
1037		44
1038		50
1039		49
1040		39
1041		34
1042		42
1043		60
1044		39
1045		57
1046		46
1047		47
1048		43
1049		38
1050		39
1051		33
1052		39
1053		47
1054		47
1055		44
1056		42
1057		41
1058		45
1059		44
1060		43
1061		36
1062		35
1063		38
1064		30
1065		31
1066		50
1067		42
1068		41
1069		37
1070		40
1071		45
1072		40
1073		42
1074		52
1075		53
1076		41
1077		41
1078		41
1079		48
1080		50
1081		39
1082		46
1083		50
1084		33
1085		45
1086		37
1087		47
1088		38
1089		49
1090		50
1091		42
1092		36
1093		40
1094		42
1095		38
1096		35
1097		53
1098		43
1099		32
1100		40
1101		48
1102		39
1103		47
1104		34
1105		46
1106		33
1107		33
1108		29
1109		38
1110		46
1111		36
1112		28
1113		35
1114		33
1115		40
1116		37
1117		35
1118		41
1119		45
1120		40
1121		40
1122		29
1123		23
1124		46
1125		44
1126		44
1127		26
1128		47
1129		36
1130		27
1131		36
1132		39
1133		32
1134		37
1135		42
1136		34
1137		29
1138		36
1139		44
1140		45
1141		32
1142		46
1143		35
1144		30
1145		38
1146		35
1147		46
1148		42
1149		35
1150		34
1151		26
1152		30
1153		39
1154		39
1155		44
1156		46
1157		42
1158		36
1159		31
1160		50
1161		23
1162		39
1163		32
1164		39
1165		27
1166		34
1167		30
1168		42
1169		33
1170		42
1171		34
1172		41
1173		28
1174		32
1175		37
1176		29
1177		43
1178		39
1179		38
1180		40
1181		27
1182		42
1183		35
1184		33
1185		37
1186		35
1187		24
1188		36
1189		31
1190		24
1191		39
1192		41
1193		43
1194		29
1195		24
1196		38
1197		21
1198		31
1199		33
1200		29
1201		39
1202		37
1203		27
1204		32
1205		40
1206		29
1207		33
1208		34
1209		23
1210		38
1211		38
1212		33
1213		44
1214		32
1215		32
1216		41
1217		34
1218		36
1219		35
1220		36
1221		40
1222		41
1223		31
1224		38
1225		55
1226		26
1227		31
1228		31
1229		28
1230		42
1231		34
1232		31
1233		37
1234		32
1235		31
1236		30
1237		35
1238		29
1239		29
1240		27
1241		29
1242		39
1243		33
1244		30
1245		29
1246		38
1247		31
1248		30
1249		25
1250		37
1251		26
1252		25
1253		30
1254		32
1255		27
1256		28
1257		31
1258		25
1259		36
1260		45
1261		30
1262		37
1263		31
1264		29
1265		40
1266		36
1267		30
1268		36
1269		30
1270		41
1271		30
1272		37
1273		29
1274		44
1275		25
1276		32
1277		32
1278		26
1279		24
1280		23
1281		35
1282		34
1283		34
1284		29
1285		28
1286		35
1287		36
1288		38
1289		20
1290		34
1291		46
1292		39
1293		24
1294		40
1295		25
1296		27
1297		36
1298		31
1299		19
1300		32
1301		32
1302		26
1303		34
1304		29
1305		31
1306		18
1307		32
1308		34
1309		31
1310		25
1311		32
1312		31
1313		33
1314		23
1315		20
1316		36
1317		24
1318		22
1319		36
1320		34
1321		21
1322		29
1323		35
1324		32
1325		32
1326		37
1327		32
1328		30
1329		33
1330		29
1331		27
1332		21
1333		23
1334		29
1335		38
1336		34
1337		16
1338		36
1339		28
1340		30
1341		28
1342		35
1343		33
1344		25
1345		29
1346		33
1347		31
1348		26
1349		28
1350		32
1351		16
1352		28
1353		34
1354		24
1355		24
1356		32
1357		36
1358		25
1359		22
1360		34
1361		33
1362		23
1363		35
1364		27
1365		18
1366		18
1367		27
1368		35
1369		31
1370		30
1371		28
1372		31
1373		30
1374		28
1375		34
1376		27
1377		25
1378		24
1379		31
1380		28
1381		18
1382		38
1383		33
1384		32
1385		28
1386		18
1387		26
1388		32
1389		33
1390		30
1391		31
1392		25
1393		16
1394		21
1395		27
1396		22
1397		26
1398		27
1399		32
1400		27
1401		28
1402		32
1403		28
1404		25
1405		29
1406		14
1407		24
1408		31
1409		29
1410		29
1411		24
1412		30
1413		20
1414		26
1415		27
1416		25
1417		29
1418		30
1419		29
1420		21
1421		32
1422		24
1423		27
1424		27
1425		28
1426		24
1427		19
1428		23
1429		29
1430		34
1431		24
1432		32
1433		23
1434		21
1435		28
1436		37
1437		25
1438		27
1439		24
1440		30
1441		20
1442		29
1443		25
1444		23
1445		27
1446		21
1447		24
1448		33
1449		16
1450		32
1451		25
1452		30
1453		24
1454		13
1455		18
1456		19
1457		23
1458		23
1459		30
1460		21
1461		19
1462		16
1463		18
1464		21
1465		18
1466		28
1467		19
1468		29
1469		28
1470		23
1471		21
1472		36
1473		28
1474		20
1475		25
1476		21
1477		15
1478		19
1479		19
1480		23
1481		29
1482		18
1483		21
1484		31
1485		21
1486		19
1487		19
1488		17
1489		15
1490		18
1491		28
1492		28
1493		25
1494		20
1495		20
1496		24
1497		26
1498		23
1499		19
1500		36
1501		27
1502		17
1503		22
1504		21
1505		18
1506		17
1507		19
1508		23
1509		32
1510		23
1511		32
1512		27
1513		22
1514		24
1515		27
1516		20
1517		25
1518		25
1519		23
1520		17
1521		21
1522		25
1523		25
1524		28
1525		21
1526		27
1527		24
1528		26
1529		20
1530		20
1531		22
1532		27
1533		35
1534		23
1535		21
1536		22
1537		18
1538		23
1539		18
1540		27
1541		21
1542		28
1543		16
1544		25
1545		13
1546		21
1547		27
1548		21
1549		18
1550		20
1551		20
1552		26
1553		16
1554		17
1555		21
1556		20
1557		30
1558		25
1559		32
1560		17
1561		18
1562		28
1563		23
1564		23
1565		21
1566		19
1567		24
1568		25
1569		12
1570		26
1571		27
1572		22
1573		23
1574		20
1575		21
1576		17
1577		21
1578		15
1579		19
1580		19
1581		26
1582		20
1583		20
1584		20
1585		15
1586		22
1587		13
1588		18
1589		20
1590		23
1591		22
1592		23
1593		23
1594		18
1595		12
1596		16
1597		28
1598		29
1599		20
1600		26
1601		22
1602		26
1603		28
1604		18
1605		17
1606		24
1607		15
1608		25
1609		21
1610		20
1611		24
1612		21
1613		18
1614		16
1615		19
1616		18
1617		23
1618		24
1619		16
1620		20
1621		20
1622		16
1623		14
1624		21
1625		13
1626		20
1627		23
1628		26
1629		24
1630		27
1631		14
1632		23
1633		22
1634		17
1635		15
1636		19
1637		26
1638		26
1639		15
1640		20
1641		18
1642		17
1643		21
1644		21
1645		14
1646		26
1647		21
1648		27
1649		16
1650		24
1651		17
1652		26
1653		26
1654		20
1655		13
1656		22
1657		22
1658		15
1659		25
1660		23
1661		17
1662		20
1663		20
1664		13
1665		20
1666		21
1667		21
1668		17
1669		19
1670		11
1671		22
1672		19
1673		24
1674		21
1675		25
1676		20
1677		20
1678		18
1679		16
1680		15
1681		23
1682		21
1683		15
1684		20
1685		13
1686		17
1687		23
1688		22
1689		16
1690		17
1691		18
1692		14
1693		16
1694		19
1695		23
1696		17
1697		19
1698		20
1699		21
1700		16
1701		19
1702		27
1703		16
1704		19
1705		17
1706		18
1707		17
1708		29
1709		15
1710		18
1711		13
1712		15
1713		16
1714		15
1715		20
1716		14
1717		18
1718		14
1719		17
1720		16
1721		23
1722		12
1723		18
1724		12
1725		18
1726		13
1727		22
1728		19
1729		22
1730		16
1731		16
1732		26
1733		20
1734		20
1735		18
1736		18
1737		13
1738		20
1739		20
1740		14
1741		18
1742		16
1743		15
1744		23
1745		20
1746		26
1747		12
1748		21
1749		24
1750		12
1751		17
1752		18
1753		15
1754		14
1755		11
1756		18
1757		20
1758		14
1759		23
1760		14
1761		17
1762		25
1763		18
1764		13
1765		19
1766		16
1767		13
1768		25
1769		22
1770		21
1771		20
1772		25
1773		19
1774		13
1775		15
1776		29
1777		19
1778		16
1779		11
1780		16
1781		21
1782		11
1783		21
1784		16
1785		19
1786		14
1787		20
1788		13
1789		26
1790		23
1791		15
1792		19
1793		11
1794		12
1795		16
1796		25
1797		21
1798		16
1799		14
1800		20
1801		14
1802		15
1803		20
1804		18
1805		15
1806		15
1807		16
1808		14
1809		21
1810		9
1811		22
1812		17
1813		16
1814		18
1815		20
1816		13
1817		13
1818		10
1819		14
1820		17
1821		12
1822		20
1823		17
1824		16
1825		14
1826		13
1827		13
1828		23
1829		19
1830		16
1831		19
1832		16
1833		17
1834		21
1835		15
1836		20
1837		16
1838		13
1839		15
1840		14
1841		12
1842		16
1843		16
1844		20
1845		13
1846		23
1847		7
1848		9
1849		19
1850		15
1851		13
1852		14
1853		13
1854		20
1855		14
1856		16
1857		21
1858		17
1859		12
1860		10
1861		11
1862		19
1863		21
1864		16
1865		13
1866		12
1867		23
1868		21
1869		16
1870		14
1871		16
1872		17
1873		15
1874		15
1875		17
1876		11
1877		23
1878		11
1879		12
1880		16
1881		18
1882		11
1883		10
1884		16
1885		12
1886		14
1887		17
1888		15
1889		16
1890		10
1891		19
1892		16
1893		19
1894		15
1895		16
1896		20
1897		18
1898		19
1899		16
1900		8
1901		13
1902		14
1903		16
1904		13
1905		18
1906		20
1907		13
1908		14
1909		12
1910		7
1911		16
1912		15
1913		18
1914		19
1915		9
1916		13
1917		21
1918		25
1919		16
1920		13
1921		12
1922		26
1923		20
1924		17
1925		16
1926		10
1927		13
1928		15
1929		16
1930		19
1931		10
1932		14
1933		11
1934		15
1935		14
1936		11
1937		23
1938		16
1939		19
1940		10
1941		16
1942		15
1943		22
1944		17
1945		13
1946		12
1947		11
1948		15
1949		14
1950		15
1951		21
1952		14
1953		10
1954		15
1955		23
1956		19
1957		11
1958		13
1959		23
1960		11
1961		7
1962		9
1963		11
1964		12
1965		11
1966		11
1967		16
1968		13
1969		8
1970		11
1971		16
1972		16
1973		17
1974		14
1975		14
1976		17
1977		16
1978		13
1979		18
1980		16
1981		16
1982		16
1983		19
1984		18
1985		13
1986		18
1987		28
1988		12
1989		14
1990		6
1991		18
1992		12
1993		19
1994		22
1995		14
1996		8
1997		11
1998		14
1999		9
2000		15
2001		18
2002		21
2003		10
2004		17
2005		12
2006		13
2007		14
2008		10
2009		20
2010		9
2011		12
2012		16
2013		11
2014		10
2015		15
2016		11
2017		15
2018		8
2019		17
2020		12
2021		14
2022		14
2023		19
2024		13
2025		21
2026		12
2027		10
2028		10
2029		10
2030		24
2031		10
2032		16
2033		15
2034		25
2035		19
2036		10
2037		19
2038		11
2039		12
2040		16
2041		10
2042		13
2043		12
2044		25
2045		11
2046		16
2047		9
2048		17
2049		21
2050		12
2051		14
2052		18
2053		16
2054		17
2055		11
2056		10
2057		10
2058		16
2059		13
2060		12
2061		7
2062		12
2063		12
2064		18
2065		9
2066		13
2067		14
2068		12
2069		11
2070		15
2071		9
2072		12
2073		20
2074		12
2075		5
2076		14
2077		9
2078		16
2079		8
2080		10
2081		15
2082		20
2083		13
2084		13
2085		8
2086		8
2087		7
2088		13
2089		11
2090		13
2091		12
2092		7
2093		15
2094		13
2095		9
2096		14
2097		19
2098		11
2099		13
2100		23
2101		17
2102		14
2103		20
2104		7
2105		12
2106		7
2107		13
2108		16
2109		16
2110		15
2111		15
2112		13
2113		13
2114		11
2115		11
2116		16
2117		10
2118		6
2119		11
2120		12
2121		11
2122		21
2123		11
2124		12
2125		15
2126		16
2127		5
2128		7
2129		12
2130		13
2131		9
2132		8
2133		11
2134		9
2135		14
2136		18
2137		18
2138		10
2139		6
2140		13
2141		12
2142		13
2143		9
2144		11
2145		14
2146		11
2147		10
2148		15
2149		13
2150		10
2151		14
2152		10
2153		20
2154		15
2155		9
2156		5
2157		15
2158		23
2159		5
2160		13
2161		11
2162		5
2163		13
2164		7
2165		17
2166		18
2167		11
2168		8
2169		18
2170		12
2171		9
2172		16
2173		9
2174		10
2175		14
2176		8
2177		10
2178		7
2179		16
2180		11
2181		13
2182		14
2183		11
2184		10
2185		5
2186		8
2187		10
2188		15
2189		14
2190		6
2191		10
2192		8
2193		11
2194		9
2195		17
2196		20
2197		3
2198		13
2199		12
2200		15
2201		3
2202		18
2203		9
2204		13
2205		8
2206		13
2207		9
2208		14
2209		17
2210		15
2211		8
2212		9
2213		11
2214		8
2215		13
2216		16
2217		11
2218		10
2219		16
2220		16
2221		15
2222		7
2223		9
2224		13
2225		12
2226		9
2227		12
2228		15
2229		12
2230		12
2231		9
2232		11
2233		10
2234		9
2235		18
2236		11
2237		9
2238		14
2239		11
2240		11
2241		7
2242		13
2243		16
2244		16
2245		11
2246		12
2247		11
2248		15
2249		14
2250		12
2251		15
2252		18
2253		15
2254		11
2255		6
2256		10
2257		7
2258		14
2259		11
2260		13
2261		12
2262		16
2263		8
2264		9
2265		15
2266		14
2267		9
2268		13
2269		12
2270		13
2271		9
2272		9
2273		14
2274		8
2275		15
2276		16
2277		8
2278		14
2279		13
2280		13
2281		7
2282		13
2283		16
2284		8
2285		5
2286		14
2287		12
2288		10
2289		9
2290		11
2291		12
2292		5
2293		12
2294		10
2295		10
2296		9
2297		15
2298		13
2299		10
2300		10
2301		11
2302		12
2303		6
2304		8
2305		8
2306		14
2307		15
2308		9
2309		6
2310		10
2311		11
2312		9
2313		9
2314		11
2315		17
2316		12
2317		10
2318		11
2319		6
2320		11
2321		11
2322		17
2323		12
2324		16
2325		14
2326		13
2327		10
2328		10
2329		11
2330		13
2331		9
2332		14
2333		8
2334		10
2335		11
2336		11
2337		17
2338		6
2339		13
2340		10
2341		14
2342		11
2343		8
2344		11
2345		11
2346		16
2347		10
2348		4
2349		13
2350		16
2351		11
2352		11
2353		10
2354		7
2355		8
2356		8
2357		17
2358		6
2359		12
2360		9
2361		10
2362		6
2363		13
2364		14
2365		11
2366		13
2367		10
2368		14
2369		13
2370		12
2371		4
2372		8
2373		13
2374		10
2375		8
2376		8
2377		13
2378		7
2379		8
2380		5
2381		8
2382		10
2383		9
2384		13
2385		11
2386		11
2387		6
2388		12
2389		15
2390		16
2391		9
2392		8
2393		7
2394		9
2395		9
2396		13
2397		15
2398		8
2399		3
2400		13
2401		6
2402		15
2403		7
2404		9
2405		10
2406		10
2407		13
2408		13
2409		9
2410		9
2411		3
2412		15
2413		8
2414		9
2415		8
2416		15
2417		10
2418		9
2419		7
2420		7
2421		9
2422		9
2423		5
2424		12
2425		12
2426		9
2427		4
2428		8
2429		8
2430		11
2431		13
2432		14
2433		11
2434		9
2435		7
2436		8
2437		6
2438		10
2439		14
2440		8
2441		10
2442		8
2443		11
2444		6
2445		6
2446		5
2447		9
2448		12
2449		15
2450		9
2451		9
2452		9
2453		16
2454		15
2455		12
2456		8
2457		10
2458		10
2459		10
2460		8
2461		10
2462		4
2463		13
2464		6
2465		11
2466		12
2467		21
2468		13
2469		8
2470		5
2471		5
2472		14
2473		10
2474		11
2475		12
2476		12
2477		10
2478		12
2479		6
2480		8
2481		13
2482		12
2483		8
2484		11
2485		10
2486		8
2487		10
2488		11
2489		13
2490		7
2491		6
2492		9
2493		7
2494		12
2495		2
2496		9
2497		11
2498		13
2499		11
2500		5
2501		7
2502		8
2503		11
2504		5
2505		12
2506		8
2507		9
2508		9
2509		7
2510		9
2511		9
2512		6
2513		8
2514		9
2515		10
2516		4
2517		12
2518		11
2519		7
2520		4
2521		6
2522		12
2523		14
2524		13
2525		11
2526		6
2527		8
2528		9
2529		4
2530		9
2531		11
2532		5
2533		13
2534		9
2535		12
2536		6
2537		6
2538		7
2539		13
2540		9
2541		10
2542		9
2543		7
2544		7
2545		8
2546		10
2547		7
2548		8
2549		7
2550		8
2551		9
2552		10
2553		9
2554		8
2555		7
2556		7
2557		11
2558		9
2559		8
2560		10
2561		9
2562		7
2563		8
2564		12
2565		13
2566		10
2567		8
2568		7
2569		10
2570		7
2571		7
2572		16
2573		5
2574		6
2575		10
2576		8
2577		9
2578		11
2579		5
2580		11
2581		8
2582		11
2583		8
2584		8
2585		10
2586		11
2587		5
2588		12
2589		15
2590		5
2591		4
2592		9
2593		13
2594		11
2595		4
2596		4
2597		10
2598		6
2599		10
2600		9
2601		9
2602		8
2603		5
2604		9
2605		11
2606		8
2607		9
2608		4
2609		9
2610		9
2611		8
2612		7
2613		7
2614		6
2615		12
2616		5
2617		5
2618		6
2619		8
2620		13
2621		4
2622		11
2623		11
2624		7
2625		10
2626		9
2627		8
2628		4
2629		9
2630		7
2631		12
2632		10
2633		6
2634		6
2635		7
2636		5
2637		9
2638		9
2639		2
2640		6
2641		5
2642		8
2643		6
2644		11
2645		7
2646		4
2647		5
2648		4
2649		7
2650		11
2651		9
2652		11
2653		10
2654		6
2655		7
2656		6
2657		6
2658		5
2659		12
2660		10
2661		10
2662		8
2663		4
2664		5
2665		9
2666		6
2667		4
2668		10
2669		6
2670		4
2671		6
2672		4
2673		10
2674		6
2675		8
2676		9
2677		10
2678		5
2679		9
2680		7
2681		8
2682		11
2683		11
2684		8
2685		11
2686		3
2687		4
2688		6
2689		8
2690		8
2691		5
2692		12
2693		4
2694		8
2695		7
2696		7
2697		8
2698		10
2699		10
2700		7
2701		3
2702		7
2703		8
2704		16
2705		11
2706		9
2707		6
2708		10
2709		10
2710		10
2711		6
2712		8
2713		8
2714		5
2715		5
2716		4
2717		4
2718		11
2719		9
2720		6
2721		14
2722		5
2723		7
2724		4
2725		9
2726		6
2727		3
2728		2
2729		4
2730		12
2731		8
2732		5
2733		11
2734		5
2735		4
2736		8
2737		8
2738		7
2739		10
2740		4
2741		2
2742		7
2743		8
2744		8
2745		11
2746		9
2747		12
2748		2
2749		6
2750		5
2751		9
2752		11
2753		4
2754		5
2755		8
2756		5
2757		4
2758		7
2759		3
2760		8
2761		10
2762		3
2763		3
2764		9
2765		6
2766		7
2767		4
2768		10
2769		8
2770		12
2771		6
2772		5
2773		6
2774		5
2775		8
2776		5
2777		6
2778		14
2779		10
2780		6
2781		8
2782		3
2783		10
2784		8
2785		5
2786		7
2787		7
2788		5
2789		8
2790		14
2791		7
2792		5
2793		10
2794		8
2795		9
2796		2
2797		4
2798		9
2799		11
2800		12
2801		9
2802		5
2803		6
2804		6
2805		6
2806		3
2807		10
2808		5
2809		5
2810		6
2811		6
2812		5
2813		6
2814		7
2815		9
2816		7
2817		6
2818		5
2819		6
2820		5
2821		6
2822		11
2823		5
2824		11
2825		5
2826		9
2827		9
2828		8
2829		8
2830		6
2831		5
2832		6
2833		12
2834		9
2835		5
2836		3
2837		10
2838		8
2839		6
2840		8
2841		4
2842		4
2843		5
2844		10
2845		7
2846		11
2847		7
2848		6
2849		10
2850		2
2851		6
2852		9
2853		7
2854		5
2855		9
2856		2
2857		8
2858		9
2859		7
2860		7
2861		11
2862		6
2863		10
2864		8
2865		8
2866		12
2867		3
2868		9
2869		13
2870		8
2871		5
2872		10
2873		3
2874		7
2875		4
2876		9
2877		11
2878		5
2879		9
2880		8
2881		8
2882		7
2883		4
2884		3
2885		7
2886		2
2887		3
2888		12
2889		8
2890		6
2891		5
2892		6
2893		4
2894		3
2895		10
2896		5
2897		11
2898		8
2899		3
2900		8
2901		3
2902		5
2903		5
2904		7
2905		7
2906		9
2907		8
2908		13
2909		7
2910		4
2911		5
2912		10
2913		8
2914		11
2915		6
2916		7
2917		7
2918		8
2919		7
2920		3
2921		4
2922		5
2923		9
2924		8
2925		5
2926		4
2927		8
2928		4
2929		3
2930		7
2931		7
2932		5
2933		4
2934		5
2935		4
2936		8
2937		11
2938		5
2939		4
2940		8
2941		8
2942		3
2943		8
2944		4
2945		2
2946		4
2947		3
2948		8
2949		3
2950		6
2951		4
2952		2
2953		3
2954		3
2955		4
2956		6
2957		3
2958		7
2959		6
2960		9
2961		9
2962		5
2963		6
2964		10
2965		5
2966		13
2967		8
2968		8
2969		2
2970		7
2971		4
2972		10
2973		12
2974		5
2975		8
2976		3
2977		9
2978		2
2979		8
2980		8
2981		10
2982		7
2983		5
2984		5
2985		6
2986		5
2987		8
2988		4
2989		7
2990		9
2991		6
2992		2
2993		9
2994		6
2995		6
2996		6
2997		6
2998		10
2999		5
3000		8
3001		6
3002		5
3003		8
3004		7
3005		6
3006		6
3007		8
3008		12
3009		5
3010		10
3011		3
3012		4
3013		7
3014		7
3015		9
3016		9
3017		7
3018		11
3019		7
3020		3
3021		2
3022		9
3023		5
3024		4
3025		3
3026		3
3027		3
3028		5
3029		5
3030		6
3031		7
3032		7
3033		6
3034		9
3035		5
3036		3
3037		6
3038		7
3039		11
3040		4
3041		7
3042		5
3043		8
3044		5
3045		6
3046		10
3047		5
3048		9
3049		7
3050		8
3051		5
3052		3
3053		7
3054		5
3055		4
3056		7
3057		7
3058		3
3059		8
3060		2
3061		12
3062		7
3063		8
3064		4
3065		5
3066		11
3067		10
3068		2
3069		8
3070		6
3071		6
3072		8
3073		5
3074		7
3075		5
3076		2
3077		5
3078		3
3079		4
3080		2
3081		4
3082		5
3083		10
3084		3
3085		4
3086		3
3087		4
3088		3
3089		2
3090		5
3091		4
3092		5
3093		8
3094		4
3095		8
3096		5
3097		6
3098		4
3099		4
3100		8
3101		6
3102		8
3103		7
3104		4
3105		4
3106		7
3107		3
3108		3
3109		4
3110		5
3111		6
3112		3
3113		5
3114		5
3115		4
3116		7
3117		2
3118		8
3119		8
3120		4
3121		7
3122		3
3123		6
3124		4
3125		6
3126		5
3127		4
3128		7
3129		7
3130		6
3131		5
3132		3
3133		5
3134		4
3135		7
3136		10
3137		6
3138		7
3139		6
3140		4
3141		7
3142		3
3143		4
3144		11
3145		7
3146		5
3147		11
3148		4
3149		1
3150		3
3151		5
3152		3
3153		5
3154		6
3155		6
3156		7
3157		6
3158		2
3159		11
3160		3
3161		5
3162		5
3163		4
3164		9
3165		4
3166		7
3167		9
3168		8
3169		5
3170		6
3171		8
3172		5
3173		4
3174		8
3175		9
3176		8
3177		2
3178		9
3179		6
3180		5
3181		4
3182		2
3183		2
3184		5
3185		4
3186		2
3187		2
3188		3
3189		1
3190		7
3191		5
3192		6
3193		6
3194		4
3195		8
3196		8
3197		4
3198		8
3199		1
3200		6
3201		4
3202		4
3203		5
3204		11
3205		3
3206		1
3207		4
3208		11
3209		4
3210		11
3211		2
3212		5
3213		1
3214		7
3215		3
3216		6
3217		2
3218		6
3219		2
3220		4
3221		2
3222		7
3223		5
3224		2
3225		7
3226		10
3227		3
3228		7
3229		2
3230		3
3231		5
3232		8
3233		7
3234		7
3235		2
3236		7
3237		4
3238		6
3239		4
3240		3
3241		8
3242		7
3243		6
3244		6
3245		7
3246		3
3247		4
3248		3
3249		2
3250		7
3251		2
3252		5
3253		6
3254		3
3255		7
3256		8
3257		5
3258		5
3259		5
3260		3
3261		5
3262		7
3263		5
3264		5
3265		2
3266		6
3267		3
3268		7
3269		7
3270		3
3271		2
3272		2
3273		5
3274		1
3275		2
3276		11
3277		5
3278		5
3279		5
3280		5
3281		2
3282		5
3283		6
3284		4
3285		4
3286		3
3287		2
3288		9
3289		4
3290		7
3291		5
3292		13
3293		5
3294		8
3295		4
3296		6
3297		6
3298		7
3299		1
3300		4
3301		7
3302		5
3303		1
3304		4
3305		3
3306		6
3307		8
3308		5
3309		1
3310		10
3311		2
3312		5
3313		2
3314		4
3315		4
3316		3
3317		4
3318		5
3319		7
3320		4
3321		4
3322		7
3323		3
3324		3
3325		5
3326		4
3327		7
3328		3
3329		6
3330		3
3331		4
3332		2
3333		3
3334		4
3335		3
3336		3
3337		6
3338		4
3339		6
3340		7
3341		8
3342		3
3343		2
3344		5
3345		5
3346		5
3347		9
3348		3
3350		2
3351		6
3352		5
3353		5
3354		11
3355		1
3356		6
3357		4
3358		8
3359		5
3360		7
3361		6
3362		2
3363		4
3364		4
3365		10
3366		2
3367		6
3368		4
3369		4
3370		7
3371		6
3372		3
3373		4
3374		5
3375		3
3376		4
3377		5
3378		4
3379		4
3380		3
3381		4
3382		5
3383		6
3384		2
3385		10
3386		2
3388		9
3389		5
3390		2
3391		1
3392		6
3393		4
3394		9
3395		6
3396		5
3397		3
3398		1
3399		8
3400		7
3401		7
3402		6
3403		6
3404		5
3405		6
3406		2
3407		4
3408		5
3409		6
3410		5
3411		4
3412		2
3413		3
3414		3
3415		1
3416		2
3417		3
3418		3
3419		2
3420		3
3421		4
3422		5
3423		6
3424		6
3425		3
3426		2
3427		1
3428		4
3429		6
3430		5
3431		6
3432		5
3433		5
3434		5
3435		7
3436		3
3437		2
3438		2
3439		1
3440		3
3441		7
3442		9
3443		3
3444		3
3445		3
3446		6
3447		6
3448		7
3449		4
3450		4
3451		7
3452		1
3453		10
3454		2
3455		4
3456		9
3457		3
3458		2
3459		3
3460		5
3461		6
3462		3
3463		9
3464		4
3465		4
3466		4
3467		4
3468		3
3469		4
3470		3
3471		4
3472		3
3473		1
3474		6
3475		3
3476		4
3477		4
3478		2
3479		6
3480		5
3481		4
3482		4
3483		5
3484		4
3485		1
3486		5
3487		2
3488		1
3489		4
3490		4
3491		7
3492		1
3493		4
3494		6
3495		5
3496		7
3497		5
3498		4
3499		5
3500		4
3501		4
3502		4
3503		2
3504		4
3505		3
3506		5
3507		12
3509		4
3510		5
3511		5
3512		2
3513		3
3514		5
3515		3
3516		4
3517		3
3518		3
3519		3
3520		2
3521		4
3522		9
3523		6
3524		9
3525		8
3526		4
3527		1
3528		4
3529		2
3530		1
3531		6
3532		3
3533		5
3534		1
3535		5
3536		4
3537		2
3538		4
3539		4
3540		3
3541		2
3542		4
3543		2
3544		6
3545		3
3546		3
3547		7
3548		1
3549		6
3550		5
3551		4
3552		4
3553		3
3554		4
3555		8
3556		5
3557		4
3558		3
3559		6
3560		4
3561		3
3562		8
3563		2
3564		5
3565		5
3566		5
3567		2
3568		2
3569		4
3570		9
3571		8
3572		2
3573		3
3574		6
3576		1
3577		5
3578		7
3579		4
3580		5
3581		6
3582		3
3583		9
3584		3
3585		1
3586		5
3587		2
3588		4
3589		4
3590		4
3591		3
3592		4
3593		4
3594		6
3595		3
3596		2
3597		7
3598		1
3599		2
3600		4
3601		3
3602		5
3603		2
3604		5
3605		2
3606		7
3607		8
3608		6
3609		4
3610		3
3611		4
3612		5
3613		8
3614		2
3615		4
3616		2
3617		5
3618		3
3619		2
3620		4
3621		5
3622		2
3623		5
3624		5
3625		7
3626		4
3627		1
3628		2
3629		3
3630		1
3631		3
3632		6
3633		4
3634		1
3635		2
3636		2
3637		3
3638		4
3639		2
3640		6
3641		1
3642		3
3643		4
3644		2
3645		5
3646		2
3647		3
3648		1
3649		6
3650		3
3651		3
3652		5
3653		2
3654		6
3655		3
3656		2
3657		7
3658		3
3659		1
3660		3
3661		5
3662		5
3663		8
3664		1
3665		2
3666		4
3667		5
3668		2
3669		1
3670		6
3671		3
3672		1
3673		1
3674		3
3675		8
3676		2
3677		3
3678		4
3679		5
3680		4
3681		2
3682		4
3683		1
3684		2
3685		3
3686		1
3687		3
3688		5
3689		5
3690		2
3691		1
3692		3
3693		8
3694		3
3695		5
3696		3
3697		4
3698		5
3699		2
3700		6
3701		6
3702		3
3703		2
3704		1
3705		4
3706		2
3707		2
3708		7
3709		3
3710		4
3711		4
3712		2
3713		3
3714		2
3715		4
3716		5
3717		2
3718		1
3719		6
3721		3
3722		3
3723		4
3724		6
3725		1
3726		1
3727		2
3728		5
3729		4
3730		4
3731		5
3732		2
3733		3
3734		6
3735		1
3736		3
3737		4
3738		4
3739		1
3740		2
3741		1
3742		3
3743		4
3744		4
3745		1
3746		7
3747		4
3748		3
3749		1
3750		5
3751		2
3752		1
3753		3
3754		8
3755		5
3756		4
3757		5
3758		2
3759		5
3760		5
3761		2
3762		3
3763		3
3764		1
3765		1
3766		3
3767		4
3768		2
3769		2
3771		4
3772		3
3773		2
3774		1
3775		3
3777		2
3778		2
3779		1
3780		1
3781		3
3782		5
3783		4
3784		5
3785		1
3786		3
3787		4
3788		1
3789		5
3790		4
3791		3
3792		2
3793		2
3794		1
3795		4
3796		2
3797		5
3799		3
3800		4
3801		5
3802		2
3803		6
3804		2
3805		3
3806		5
3807		5
3808		2
3810		3
3811		4
3812		2
3813		3
3815		7
3816		1
3817		3
3818		3
3819		1
3820		2
3821		2
3822		1
3823		1
3824		3
3825		4
3826		2
3827		2
3828		4
3829		2
3830		3
3831		4
3832		1
3833		3
3834		3
3835		4
3836		2
3837		1
3838		4
3839		2
3840		3
3841		5
3842		2
3843		1
3844		4
3845		4
3846		4
3847		1
3848		5
3849		3
3850		1
3851		2
3852		1
3853		2
3854		2
3855		2
3856		3
3857		7
3858		3
3860		2
3861		2
3862		2
3863		4
3864		2
3865		2
3866		1
3867		5
3868		4
3869		2
3870		5
3871		2
3872		6
3873		1
3874		5
3875		2
3876		2
3877		1
3878		2
3879		3
3880		2
3881		4
3882		4
3883		4
3884		3
3885		2
3886		3
3887		2
3888		5
3889		3
3890		2
3891		2
3892		2
3893		2
3894		1
3895		2
3896		3
3897		8
3898		2
3899		4
3900		5
3901		1
3902		1
3903		2
3904		2
3905		3
3906		6
3907		2
3908		6
3909		2
3910		4
3912		1
3913		1
3914		6
3915		3
3916		5
3917		3
3918		2
3919		1
3920		6
3921		2
3922		2
3923		3
3924		1
3925		4
3926		1
3927		3
3928		4
3929		2
3930		3
3931		6
3932		4
3933		2
3934		2
3935		1
3936		5
3937		2
3938		1
3939		3
3940		1
3941		2
3942		3
3943		4
3944		6
3945		6
3946		2
3947		3
3948		5
3949		4
3950		6
3951		2
3952		3
3953		3
3954		2
3955		4
3956		2
3957		4
3958		3
3959		5
3960		1
3962		3
3963		1
3964		2
3965		2
3966		2
3967		1
3968		1
3969		2
3970		2
3971		2
3972		1
3973		3
3974		2
3975		3
3976		4
3977		3
3978		1
3979		3
3980		2
3983		1
3984		1
3985		6
3986		1
3987		1
3988		4
3989		4
3990		1
3991		3
3992		1
3993		4
3994		7
3995		2
3996		4
3997		1
3998		2
3999		3
4000		4
4001		2
4002		7
4003		2
4004		4
4005		4
4006		2
4007		1
4008		3
4009		1
4010		2
4011		3
4012		2
4013		1
4014		1
4015		1
4016		3
4017		1
4018		4
4019		1
4020		3
4021		2
4022		2
4023		3
4024		2
4026		3
4027		3
4028		3
4029		4
4031		1
4032		3
4033		4
4034		2
4036		4
4037		3
4038		2
4040		2
4041		1
4042		4
4043		2
4044		6
4045		1
4046		2
4047		2
4048		1
4049		1
4050		1
4051		3
4052		2
4053		4
4054		3
4055		5
4056		2
4057		2
4058		4
4059		4
4060		4
4062		3
4063		4
4064		5
4065		3
4067		2
4068		2
4069		2
4070		1
4072		2
4073		1
4074		4
4075		2
4076		3
4077		3
4078		2
4079		1
4080		1
4081		2
4082		1
4083		6
4084		3
4085		2
4086		2
4087		1
4088		3
4089		2
4090		2
4091		3
4092		3
4093		3
4094		3
4095		4
4096		4
4097		3
4098		2
4099		4
4100		5
4103		3
4104		4
4105		1
4106		2
4107		2
4108		1
4109		4
4110		3
4111		3
4112		2
4113		2
4114		2
4115		3
4116		1
4117		2
4119		1
4120		1
4121		2
4122		3
4123		1
4124		3
4125		1
4126		3
4127		3
4128		1
4129		2
4130		5
4131		1
4132		5
4133		2
4135		2
4136		1
4137		6
4138		1
4139		1
4140		3
4141		1
4143		3
4144		1
4145		4
4146		3
4147		2
4148		4
4149		3
4150		3
4151		3
4152		1
4153		2
4154		5
4155		1
4156		1
4157		1
4158		4
4159		3
4160		4
4161		4
4162		2
4164		1
4165		2
4166		1
4167		3
4169		3
4171		4
4172		2
4173		1
4174		1
4175		3
4176		1
4177		2
4178		3
4179		2
4180		3
4181		2
4182		3
4183		1
4184		1
4185		6
4186		1
4187		2
4189		4
4190		5
4191		1
4192		4
4193		1
4194		1
4195		2
4196		2
4197		1
4198		3
4199		2
4200		2
4201		3
4202		2
4203		2
4204		2
4205		1
4208		1
4209		5
4210		4
4213		4
4214		4
4215		3
4216		1
4217		3
4218		2
4222		1
4223		2
4224		1
4225		4
4226		1
4227		1
4228		2
4230		5
4231		2
4232		1
4234		1
4235		2
4236		2
4238		2
4239		1
4240		1
4241		2
4243		1
4245		6
4246		2
4248		1
4249		3
4251		3
4252		5
4253		4
4255		1
4256		1
4257		1
4258		1
4259		3
4260		1
4261		3
4262		1
4263		3
4265		1
4266		2
4267		1
4268		3
4270		2
4271		1
4272		2
4273		1
4274		1
4277		3
4278		1
4279		3
4280		3
4281		1
4283		3
4284		1
4285		4
4286		3
4287		5
4288		1
4289		1
4290		3
4291		1
4292		1
4293		1
4294		1
4295		2
4296		1
4297		3
4298		1
4299		1
4300		1
4301		2
4302		1
4303		2
4305		1
4306		2
4308		5
4309		3
4310		1
4312		1
4313		3
4314		1
4316		1
4317		1
4318		4
4319		2
4320		2
4321		1
4322		1
4323		1
4324		6
4326		2
4327		2
4328		1
4330		2
4331		3
4332		2
4333		2
4334		1
4335		1
4337		2
4338		1
4339		2
4342		1
4343		1
4344		5
4345		3
4347		4
4348		1
4350		1
4351		2
4352		4
4353		1
4354		4
4357		1
4358		2
4359		2
4360		1
4361		4
4362		1
4363		1
4364		2
4365		2
4366		2
4367		1
4368		1
4369		1
4370		1
4371		2
4374		2
4375		2
4376		1
4377		1
4378		1
4379		1
4381		1
4382		2
4384		2
4385		1
4387		2
4388		1
4389		5
4392		4
4394		4
4395		1
4396		4
4397		3
4399		1
4401		2
4402		2
4405		4
4406		2
4407		2
4408		1
4409		2
4412		2
4414		2
4415		1
4416		5
4417		2
4419		1
4420		2
4421		4
4422		1
4423		3
4424		2
4425		3
4426		1
4427		3
4429		1
4430		2
4431		1
4432		4
4433		2
4434		3
4435		1
4437		1
4438		2
4439		4
4440		3
4441		3
4442		2
4443		2
4444		2
4445		1
4448		1
4449		2
4451		1
4453		1
4455		2
4457		2
4459		2
4460		1
4461		3
4462		1
4463		1
4464		2
4465		1
4466		1
4467		2
4468		1
4469		3
4470		1
4471		4
4472		2
4474		2
4475		2
4476		5
4477		1
4479		1
4481		3
4482		4
4483		2
4485		1
4487		3
4488		2
4489		1
4490		2
4491		3
4492		3
4493		2
4494		3
4496		1
4497		1
4498		1
4499		2
4500		2
4502		1
4503		1
4504		1
4506		1
4508		1
4509		3
4510		1
4512		3
4513		1
4514		3
4515		1
4516		1
4517		1
4518		4
4519		1
4520		3
4521		1
4522		3
4523		2
4524		2
4528		3
4530		4
4531		1
4532		2
4533		1
4534		3
4535		1
4536		4
4538		4
4540		2
4541		1
4543		1
4544		2
4545		2
4546		1
4549		1
4551		2
4552		1
4553		2
4554		4
4555		1
4557		1
4558		3
4559		2
4562		1
4563		2
4564		3
4565		1
4567		2
4569		1
4570		1
4571		3
4572		1
4577		3
4579		5
4580		2
4581		2
4582		1
4583		2
4584		4
4585		1
4586		1
4587		2
4588		3
4589		1
4590		2
4591		2
4592		1
4593		1
4594		3
4595		2
4598		1
4599		3
4600		1
4601		1
4602		2
4603		1
4606		1
4607		2
4608		4
4609		1
4610		1
4611		3
4612		1
4613		1
4614		2
4615		3
4616		4
4617		2
4618		1
4620		2
4622		2
4623		1
4624		1
4625		1
4626		2
4627		3
4628		1
4629		3
4631		3
4632		1
4633		2
4634		2
4635		1
4636		1
4637		2
4639		1
4640		1
4641		1
4642		2
4643		2
4644		1
4645		3
4646		1
4647		1
4649		2
4651		1
4653		1
4654		1
4655		1
4658		1
4660		1
4661		3
4662		1
4663		3
4664		2
4665		1
4666		1
4667		2
4668		2
4669		2
4670		2
4671		1
4675		1
4676		2
4678		1
4681		4
4682		1
4683		1
4687		1
4689		2
4690		1
4691		1
4692		1
4693		2
4694		1
4696		1
4699		1
4700		2
4702		1
4703		2
4704		1
4705		1
4706		3
4707		1
4711		1
4714		1
4715		1
4716		2
4717		2
4718		2
4719		4
4720		1
4721		1
4723		1
4724		2
4725		1
4727		3
4729		2
4731		1
4733		1
4735		1
4736		3
4737		3
4738		1
4740		2
4743		1
4744		2
4745		2
4747		1
4748		1
4750		3
4755		2
4756		1
4758		1
4760		1
4761		1
4762		2
4763		1
4764		1
4765		1
4766		4
4772		1
4774		1
4778		3
4779		1
4781		1
4782		1
4783		1
4784		1
4785		1
4787		1
4788		2
4789		1
4790		1
4791		1
4793		1
4794		2
4796		1
4799		2
4801		2
4802		2
4803		1
4804		4
4805		1
4807		1
4808		1
4809		2
4810		1
4811		1
4812		1
4815		1
4816		2
4817		2
4818		1
4819		1
4820		1
4821		2
4822		3
4827		3
4830		1
4832		2
4834		1
4837		1
4839		1
4840		1
4842		2
4843		2
4845		1
4848		2
4849		1
4850		2
4851		1
4853		2
4856		1
4857		1
4858		1
4860		1
4863		1
4866		2
4867		3
4868		2
4870		1
4872		1
4874		1
4875		1
4876		1
4877		1
4878		1
4880		1
4881		1
4882		1
4884		1
4885		1
4886		1
4887		1
4888		2
4891		1
4892		2
4893		1
4894		2
4895		1
4896		1
4898		1
4899		3
4900		1
4901		1
4902		2
4903		2
4904		3
4905		2
4906		2
4907		2
4908		2
4909		1
4912		1
4913		2
4914		1
4916		1
4918		3
4919		3
4920		1
4921		1
4922		1
4924		1
4925		1
4926		2
4928		4
4931		1
4932		2
4935		1
4937		1
4938		1
4939		1
4941		1
4942		1
4943		1
4945		1
4948		1
4949		1
4951		2
4952		2
4954		1
4955		2
4961		2
4963		2
4964		3
4967		2
4968		1
4969		1
4971		1
4973		1
4976		2
4977		1
4978		1
4982		1
4986		1
4987		1
4989		1
4990		1
4993		2
4996		2
4997		1
5001		1
5005		2
5007		1
5009		2
5010		1
5011		2
5014		1
5015		1
5018		2
5019		1
5020		1
5021		1
5023		1
5028		1
5031		1
5032		2
5035		1
5037		1
5038		1
5042		1
5044		1
5045		1
5048		2
5049		1
5050		1
5051		1
5054		1
5055		2
5057		1
5058		1
5066		2
5069		1
5070		1
5072		2
5074		1
5075		1
5076		1
5077		1
5079		2
5083		1
5087		2
5088		1
5090		2
5091		1
5092		1
5100		2
5101		2
5103		1
5104		1
5106		1
5112		2
5113		1
5115		2
5119		1
5120		2
5126		1
5127		1
5129		2
5131		1
5134		1
5136		1
5139		1
5142		3
5145		1
5147		1
5152		2
5153		1
5155		1
5158		1
5160		2
5166		1
5167		1
5172		1
5173		1
5175		1
5176		1
5181		1
5182		1
5196		1
5197		1
5198		1
5199		1
5210		1
5213		1
5222		1
5228		1
5235		1
5237		1
5240		1
5242		1
5243		1
5244		2
5247		1
5248		1
5258		1
5260		1
5263		1
5266		1
5268		1
5270		1
5271		1
5276		1
5284		1
5289		1
5291		2
5292		1
5295		1
5297		2
5299		1
5303		1
5304		1
5307		1
5309		1
5315		1
5316		1
5320		1
5324		1
5325		1
5330		1
5337		1
5338		1
5339		2
5342		1
5344		1
5345		1
5347		1
5351		1
5365		1
5366		1
5367		1
5368		1
5370		1
5375		1
5376		1
5378		1
5387		1
5390		2
5391		1
5396		1
5399		1
5402		1
5405		2
5412		1
5413		1
5423		1
5424		1
5430		1
5431		1
5434		1
5435		2
5441		1
5442		2
5446		1
5454		1
5457		1
5460		1
5467		1
5474		1
5477		1
5480		1
5493		1
5494		1
5495		1
5497		1
5501		1
5512		1
5514		1
5520		2
5523		1
5524		1
5526		2
5531		2
5532		1
5534		1
5536		1
5538		1
5544		1
5546		1
5550		1
5551		1
5570		1
5577		1
5585		1
5588		1
5589		1
5600		1
5620		1
5633		1
5638		1
5640		1
5644		1
5646		1
5647		1
5654		1
5655		1
5656		1
5657		1
5659		1
5671		1
5672		1
5676		1
5677		1
5686		1
5690		1
5692		1
5698		1
5701		1
5704		1
5705		2
5712		1
5714		1
5716		1
5718		1
5719		1
5720		2
5721		1
5722		1
5725		1
5727		1
5746		1
5747		1
5754		1
5764		1
5765		1
5767		1
5772		1
5779		1
5786		1
5805		1
5810		1
5812		1
5815		1
5836		1
5856		1
5877		1
5879		1
5885		1
5893		1
5907		1
5909		1
5922		1
5943		1
5944		1
5960		2
5964		1
5989		1
5994		1
6012		1
6033		1
6041		1
6089		1
6124		1
6140		1
6156		1
6161		1
6176		1
6208		1
6227		1
6256		1
6276		1
6577		1
6664		1
