Tamaños		Cantidades
1		7124875
2		1434331
3		838684
4		533261
5		368486
6		267289
7		203922
8		159870
9		129630
10		106719
11		90275
12		76584
13		66053
14		57782
15		50659
16		45329
17		40405
18		36126
19		32515
20		29650
21		27071
22		24775
23		22675
24		21136
25		19705
26		18288
27		17010
28		15707
29		14836
30		13736
31		13060
32		12172
33		11665
34		11014
35		10389
36		9970
37		9246
38		8928
39		8484
40		8026
41		7631
42		7382
43		7094
44		6709
45		6523
46		6075
47		5960
48		5646
49		5421
50		5135
51		5207
52		5017
53		4799
54		4595
55		4416
56		4229
57		4120
58		3953
59		3917
60		3630
61		3609
62		3495
63		3510
64		3321
65		3267
66		3167
67		2961
68		2910
69		2824
70		2789
71		2771
72		2627
73		2512
74		2447
75		2420
76		2394
77		2374
78		2266
79		2210
80		2084
81		2124
82		2026
83		2033
84		2037
85		1938
86		1871
87		1800
88		1863
89		1723
90		1746
91		1781
92		1624
93		1653
94		1700
95		1571
96		1524
97		1543
98		1503
99		1414
100		1439
101		1446
102		1363
103		1336
104		1326
105		1299
106		1274
107		1307
108		1231
109		1263
110		1129
111		1157
112		1163
113		1097
114		1148
115		1101
116		1069
117		1071
118		1063
119		1032
120		983
121		1027
122		1001
123		973
124		970
125		932
126		952
127		966
128		869
129		863
130		883
131		840
132		860
133		874
134		789
135		815
136		774
137		735
138		780
139		741
140		704
141		775
142		732
143		697
144		688
145		746
146		698
147		640
148		649
149		660
150		691
151		666
152		635
153		654
154		634
155		653
156		602
157		593
158		611
159		627
160		551
161		572
162		616
163		571
164		543
165		560
166		549
167		577
168		542
169		528
170		537
171		517
172		516
173		505
174		484
175		487
176		488
177		465
178		496
179		486
180		482
181		475
182		470
183		479
184		457
185		450
186		425
187		431
188		457
189		457
190		419
191		404
192		425
193		373
194		431
195		433
196		380
197		414
198		402
199		408
200		380
201		402
202		364
203		367
204		380
205		390
206		350
207		365
208		373
209		356
210		377
211		351
212		351
213		320
214		345
215		337
216		347
217		354
218		333
219		356
220		318
221		347
222		346
223		309
224		303
225		295
226		295
227		302
228		309
229		302
230		317
231		293
232		303
233		306
234		312
235		278
236		308
237		271
238		275
239		261
240		305
241		276
242		269
243		315
244		265
245		270
246		268
247		267
248		268
249		269
250		280
251		280
252		244
253		250
254		268
255		234
256		241
257		262
258		257
259		256
260		228
261		263
262		239
263		237
264		246
265		227
266		220
267		231
268		244
269		221
270		219
271		229
272		221
273		232
274		215
275		202
276		193
277		197
278		198
279		206
280		225
281		224
282		211
283		220
284		180
285		209
286		178
287		187
288		195
289		190
290		200
291		212
292		201
293		203
294		188
295		210
296		198
297		190
298		206
299		191
300		187
301		175
302		181
303		183
304		165
305		188
306		156
307		187
308		177
309		154
310		182
311		185
312		166
313		172
314		171
315		177
316		181
317		148
318		158
319		147
320		159
321		160
322		166
323		166
324		174
325		148
326		165
327		134
328		146
329		143
330		145
331		152
332		166
333		169
334		140
335		147
336		150
337		151
338		160
339		147
340		164
341		140
342		159
343		142
344		123
345		127
346		163
347		159
348		147
349		147
350		129
351		134
352		144
353		126
354		129
355		134
356		148
357		140
358		136
359		147
360		134
361		138
362		120
363		114
364		124
365		128
366		133
367		148
368		119
369		125
370		124
371		121
372		110
373		109
374		122
375		108
376		120
377		133
378		118
379		125
380		109
381		129
382		108
383		120
384		119
385		104
386		111
387		115
388		116
389		126
390		126
391		130
392		112
393		104
394		105
395		99
396		117
397		119
398		114
399		116
400		119
401		115
402		122
403		105
404		94
405		103
406		108
407		95
408		102
409		113
410		114
411		100
412		117
413		121
414		87
415		91
416		107
417		92
418		117
419		96
420		106
421		113
422		93
423		107
424		91
425		99
426		102
427		112
428		98
429		95
430		91
431		97
432		81
433		100
434		79
435		83
436		81
437		95
438		88
439		95
440		85
441		89
442		82
443		88
444		104
445		92
446		73
447		75
448		90
449		87
450		107
451		89
452		87
453		95
454		84
455		97
456		89
457		83
458		79
459		86
460		86
461		95
462		78
463		83
464		77
465		83
466		78
467		88
468		95
469		67
470		89
471		90
472		101
473		79
474		65
475		86
476		84
477		75
478		70
479		86
480		76
481		97
482		64
483		68
484		69
485		79
486		70
487		68
488		74
489		73
490		72
491		65
492		73
493		80
494		70
495		77
496		69
497		77
498		73
499		63
500		79
501		88
502		66
503		79
504		79
505		66
506		72
507		69
508		76
509		76
510		63
511		70
512		87
513		67
514		91
515		74
516		81
517		65
518		55
519		69
520		63
521		74
522		70
523		66
524		61
525		71
526		72
527		67
528		68
529		58
530		58
531		70
532		79
533		60
534		75
535		76
536		63
537		64
538		64
539		74
540		73
541		66
542		61
543		69
544		55
545		62
546		48
547		63
548		71
549		62
550		66
551		77
552		67
553		69
554		66
555		67
556		71
557		47
558		67
559		66
560		82
561		64
562		60
563		54
564		57
565		48
566		57
567		62
568		58
569		51
570		60
571		65
572		61
573		59
574		64
575		51
576		62
577		69
578		67
579		54
580		67
581		55
582		52
583		61
584		64
585		53
586		63
587		49
588		53
589		61
590		42
591		60
592		48
593		55
594		56
595		61
596		42
597		51
598		66
599		64
600		57
601		45
602		46
603		61
604		46
605		53
606		55
607		44
608		48
609		39
610		55
611		52
612		52
613		63
614		49
615		63
616		60
617		55
618		42
619		58
620		52
621		54
622		47
623		50
624		55
625		47
626		51
627		43
628		54
629		51
630		49
631		43
632		40
633		44
634		37
635		42
636		48
637		44
638		47
639		57
640		45
641		54
642		32
643		43
644		53
645		51
646		48
647		57
648		57
649		41
650		33
651		54
652		48
653		56
654		43
655		42
656		38
657		39
658		41
659		41
660		40
661		49
662		21
663		37
664		42
665		50
666		48
667		37
668		42
669		48
670		40
671		43
672		46
673		41
674		40
675		39
676		38
677		44
678		41
679		44
680		46
681		32
682		38
683		47
684		43
685		56
686		39
687		45
688		49
689		42
690		47
691		47
692		49
693		58
694		50
695		32
696		43
697		44
698		45
699		43
700		37
701		39
702		37
703		34
704		52
705		41
706		32
707		49
708		39
709		42
710		38
711		33
712		38
713		55
714		41
715		33
716		43
717		36
718		40
719		44
720		35
721		33
722		38
723		29
724		30
725		48
726		38
727		41
728		36
729		38
730		51
731		38
732		38
733		42
734		39
735		27
736		41
737		42
738		34
739		35
740		42
741		34
742		42
743		34
744		37
745		45
746		40
747		34
748		40
749		34
750		29
751		37
752		47
753		41
754		39
755		41
756		42
757		41
758		40
759		37
760		29
761		19
762		47
763		30
764		43
765		27
766		39
767		31
768		40
769		41
770		34
771		35
772		44
773		35
774		42
775		31
776		42
777		36
778		27
779		36
780		39
781		28
782		35
783		37
784		42
785		34
786		31
787		39
788		32
789		35
790		24
791		41
792		32
793		27
794		33
795		36
796		38
797		38
798		28
799		29
800		25
801		32
802		37
803		35
804		32
805		20
806		36
807		26
808		35
809		29
810		31
811		32
812		36
813		28
814		33
815		32
816		41
817		33
818		33
819		24
820		27
821		26
822		28
823		31
824		42
825		28
826		32
827		34
828		30
829		24
830		35
831		34
832		37
833		28
834		40
835		31
836		28
837		33
838		30
839		29
840		32
841		30
842		29
843		22
844		26
845		18
846		26
847		21
848		26
849		27
850		30
851		20
852		26
853		27
854		24
855		30
856		21
857		24
858		30
859		25
860		35
861		34
862		25
863		22
864		30
865		23
866		24
867		24
868		24
869		29
870		27
871		37
872		21
873		23
874		23
875		30
876		36
877		26
878		36
879		21
880		27
881		32
882		20
883		37
884		23
885		30
886		33
887		24
888		24
889		26
890		32
891		23
892		20
893		21
894		25
895		23
896		25
897		28
898		25
899		25
900		25
901		14
902		23
903		28
904		29
905		23
906		33
907		24
908		25
909		31
910		23
911		21
912		24
913		21
914		21
915		17
916		24
917		25
918		26
919		22
920		27
921		23
922		33
923		18
924		22
925		27
926		27
927		30
928		21
929		35
930		25
931		28
932		28
933		23
934		28
935		27
936		25
937		26
938		20
939		25
940		20
941		31
942		23
943		28
944		34
945		27
946		22
947		26
948		16
949		26
950		23
951		21
952		18
953		18
954		28
955		18
956		21
957		24
958		26
959		22
960		24
961		23
962		28
963		22
964		22
965		29
966		11
967		21
968		17
969		24
970		17
971		25
972		31
973		22
974		14
975		31
976		17
977		29
978		22
979		24
980		23
981		25
982		32
983		16
984		20
985		20
986		25
987		30
988		24
989		22
990		15
991		16
992		20
993		17
994		26
995		21
996		25
997		17
998		23
999		19
1000		19
1001		18
1002		17
1003		28
1004		26
1005		20
1006		19
1007		22
1008		22
1009		16
1010		14
1011		15
1012		17
1013		26
1014		20
1015		26
1016		19
1017		20
1018		23
1019		16
1020		17
1021		16
1022		23
1023		14
1024		20
1025		25
1026		31
1027		19
1028		30
1029		21
1030		20
1031		27
1032		22
1033		28
1034		27
1035		13
1036		17
1037		19
1038		19
1039		26
1040		24
1041		25
1042		16
1043		28
1044		17
1045		21
1046		21
1047		20
1048		21
1049		19
1050		26
1051		27
1052		22
1053		21
1054		18
1055		25
1056		21
1057		22
1058		12
1059		22
1060		18
1061		19
1062		17
1063		16
1064		21
1065		27
1066		22
1067		32
1068		16
1069		22
1070		16
1071		18
1072		26
1073		22
1074		17
1075		14
1076		17
1077		24
1078		20
1079		20
1080		12
1081		17
1082		19
1083		20
1084		18
1085		19
1086		24
1087		12
1088		24
1089		19
1090		19
1091		24
1092		24
1093		19
1094		32
1095		19
1096		23
1097		23
1098		16
1099		14
1100		19
1101		24
1102		25
1103		11
1104		15
1105		15
1106		14
1107		14
1108		15
1109		20
1110		16
1111		15
1112		15
1113		18
1114		13
1115		23
1116		15
1117		20
1118		19
1119		22
1120		19
1121		20
1122		21
1123		19
1124		19
1125		11
1126		11
1127		29
1128		14
1129		12
1130		19
1131		22
1132		20
1133		12
1134		16
1135		22
1136		17
1137		18
1138		17
1139		18
1140		25
1141		24
1142		19
1143		21
1144		17
1145		15
1146		16
1147		16
1148		12
1149		16
1150		26
1151		19
1152		15
1153		15
1154		12
1155		21
1156		16
1157		19
1158		14
1159		15
1160		21
1161		22
1162		9
1163		18
1164		19
1165		19
1166		13
1167		20
1168		12
1169		13
1170		16
1171		22
1172		15
1173		9
1174		17
1175		15
1176		12
1177		20
1178		16
1179		17
1180		14
1181		11
1182		16
1183		14
1184		15
1185		16
1186		17
1187		13
1188		19
1189		13
1190		14
1191		13
1192		15
1193		14
1194		19
1195		12
1196		28
1197		23
1198		10
1199		15
1200		22
1201		20
1202		22
1203		20
1204		9
1205		16
1206		16
1207		26
1208		11
1209		11
1210		19
1211		20
1212		15
1213		14
1214		21
1215		13
1216		14
1217		19
1218		15
1219		16
1220		20
1221		14
1222		22
1223		21
1224		15
1225		11
1226		12
1227		13
1228		12
1229		19
1230		20
1231		14
1232		20
1233		28
1234		16
1235		11
1236		21
1237		16
1238		13
1239		11
1240		16
1241		8
1242		13
1243		17
1244		18
1245		16
1246		11
1247		15
1248		22
1249		16
1250		13
1251		13
1252		16
1253		16
1254		13
1255		15
1256		18
1257		24
1258		17
1259		18
1260		19
1261		14
1262		12
1263		10
1264		11
1265		16
1266		15
1267		13
1268		14
1269		9
1270		21
1271		12
1272		18
1273		17
1274		15
1275		11
1276		11
1277		10
1278		15
1279		15
1280		14
1281		18
1282		9
1283		19
1284		13
1285		15
1286		16
1287		7
1288		13
1289		14
1290		15
1291		8
1292		20
1293		14
1294		18
1295		7
1296		12
1297		12
1298		13
1299		14
1300		8
1301		21
1302		12
1303		18
1304		16
1305		15
1306		8
1307		10
1308		16
1309		17
1310		11
1311		17
1312		14
1313		14
1314		22
1315		13
1316		10
1317		12
1318		10
1319		12
1320		11
1321		10
1322		12
1323		13
1324		10
1325		11
1326		11
1327		10
1328		16
1329		15
1330		18
1331		13
1332		10
1333		11
1334		18
1335		9
1336		18
1337		10
1338		15
1339		14
1340		10
1341		21
1342		12
1343		15
1344		16
1345		15
1346		20
1347		15
1348		10
1349		10
1350		12
1351		12
1352		13
1353		17
1354		10
1355		11
1356		22
1357		15
1358		15
1359		11
1360		13
1361		11
1362		11
1363		9
1364		10
1365		5
1366		16
1367		10
1368		15
1369		17
1370		14
1371		11
1372		10
1373		13
1374		16
1375		11
1376		19
1377		13
1378		13
1379		15
1380		12
1381		12
1382		11
1383		17
1384		11
1385		9
1386		9
1387		8
1388		11
1389		8
1390		17
1391		13
1392		14
1393		11
1394		7
1395		9
1396		11
1397		12
1398		17
1399		11
1400		13
1401		8
1402		11
1403		14
1404		14
1405		8
1406		14
1407		9
1408		13
1409		12
1410		13
1411		7
1412		10
1413		11
1414		14
1415		9
1416		14
1417		21
1418		5
1419		14
1420		11
1421		19
1422		12
1423		12
1424		10
1425		15
1426		12
1427		13
1428		6
1429		9
1430		9
1431		15
1432		13
1433		12
1434		8
1435		11
1436		10
1437		8
1438		9
1439		11
1440		12
1441		9
1442		13
1443		13
1444		15
1445		9
1446		13
1447		12
1448		14
1449		21
1450		11
1451		12
1452		5
1453		10
1454		20
1455		17
1456		9
1457		10
1458		10
1459		16
1460		11
1461		16
1462		10
1463		20
1464		10
1465		8
1466		11
1467		7
1468		11
1469		10
1470		14
1471		5
1472		5
1473		6
1474		15
1475		10
1476		9
1477		14
1478		11
1479		15
1480		8
1481		13
1482		15
1483		22
1484		7
1485		11
1486		13
1487		15
1488		11
1489		9
1490		16
1491		18
1492		10
1493		18
1494		8
1495		9
1496		11
1497		14
1498		13
1499		8
1500		12
1501		10
1502		7
1503		9
1504		11
1505		10
1506		13
1507		16
1508		10
1509		14
1510		6
1511		4
1512		7
1513		12
1514		12
1515		9
1516		14
1517		12
1518		15
1519		11
1520		11
1521		17
1522		6
1523		12
1524		13
1525		14
1526		4
1527		15
1528		8
1529		9
1530		9
1531		13
1532		7
1533		5
1534		11
1535		12
1536		11
1537		12
1538		14
1539		14
1540		7
1541		11
1542		11
1543		13
1544		11
1545		9
1546		12
1547		8
1548		9
1549		14
1550		12
1551		8
1552		11
1553		8
1554		7
1555		10
1556		11
1557		14
1558		15
1559		11
1560		12
1561		7
1562		10
1563		14
1564		6
1565		16
1566		13
1567		15
1568		15
1569		5
1570		12
1571		7
1572		8
1573		10
1574		10
1575		12
1576		9
1577		13
1578		11
1579		12
1580		13
1581		15
1582		5
1583		13
1584		10
1585		9
1586		14
1587		8
1588		11
1589		8
1590		9
1591		12
1592		13
1593		11
1594		12
1595		6
1596		9
1597		13
1598		8
1599		9
1600		16
1601		6
1602		5
1603		9
1604		9
1605		15
1606		7
1607		14
1608		7
1609		8
1610		5
1611		10
1612		11
1613		17
1614		8
1615		8
1616		13
1617		10
1618		7
1619		12
1620		8
1621		10
1622		10
1623		9
1624		13
1625		12
1626		9
1627		13
1628		8
1629		4
1630		9
1631		12
1632		13
1633		21
1634		7
1635		12
1636		14
1637		8
1638		6
1639		12
1640		10
1641		7
1642		7
1643		11
1644		11
1645		17
1646		7
1647		10
1648		5
1649		9
1650		7
1651		9
1652		13
1653		15
1654		10
1655		9
1656		13
1657		6
1658		12
1659		8
1660		9
1661		9
1662		12
1663		13
1664		10
1665		9
1666		14
1667		10
1668		6
1669		13
1670		11
1671		5
1672		9
1673		12
1674		15
1675		9
1676		6
1677		12
1678		9
1679		11
1680		5
1681		10
1682		7
1683		12
1684		6
1685		11
1686		7
1687		4
1688		8
1689		8
1690		9
1691		12
1692		7
1693		6
1694		7
1695		11
1696		5
1697		10
1698		9
1699		5
1700		7
1701		8
1702		6
1703		9
1704		5
1705		5
1706		12
1707		9
1708		5
1709		11
1710		9
1711		8
1712		9
1713		9
1714		10
1715		7
1716		11
1717		9
1718		5
1719		5
1720		11
1721		12
1722		12
1723		7
1724		10
1725		5
1726		6
1727		11
1728		3
1729		4
1730		6
1731		11
1732		13
1733		7
1734		6
1735		11
1736		7
1737		12
1738		15
1739		6
1740		9
1741		4
1742		8
1743		1
1744		10
1745		8
1746		8
1747		6
1748		3
1749		11
1750		7
1751		11
1752		8
1753		14
1754		8
1755		8
1756		17
1757		9
1758		10
1759		7
1760		8
1761		13
1762		9
1763		9
1764		8
1765		6
1766		7
1767		12
1768		9
1769		13
1770		9
1771		4
1772		10
1773		7
1774		10
1775		14
1776		7
1777		8
1778		9
1779		7
1780		13
1781		9
1782		11
1783		8
1784		8
1785		8
1786		12
1787		10
1788		7
1789		4
1790		5
1791		8
1792		8
1793		7
1794		6
1795		7
1796		9
1797		3
1798		6
1799		7
1800		9
1801		7
1802		10
1803		14
1804		12
1805		9
1806		7
1807		8
1808		7
1809		8
1810		8
1811		9
1812		8
1813		13
1814		10
1815		4
1816		10
1817		7
1818		7
1819		11
1820		8
1821		3
1822		11
1823		6
1824		9
1825		8
1826		12
1827		6
1828		7
1829		14
1830		6
1831		4
1832		4
1833		5
1834		6
1835		7
1836		11
1837		8
1838		7
1839		4
1840		16
1841		8
1842		4
1843		6
1844		11
1845		11
1846		6
1847		6
1848		5
1849		8
1850		11
1851		8
1852		11
1853		5
1854		4
1855		13
1856		8
1857		9
1858		8
1859		7
1860		6
1861		13
1862		4
1863		6
1864		6
1865		8
1866		7
1867		5
1868		12
1869		4
1870		7
1871		6
1872		10
1873		9
1874		11
1875		10
1876		5
1877		4
1878		7
1879		12
1880		6
1881		7
1882		9
1883		12
1884		5
1885		14
1886		11
1887		11
1888		6
1889		2
1890		5
1891		6
1892		4
1893		5
1894		8
1895		9
1896		11
1897		9
1898		11
1899		7
1900		9
1901		7
1902		11
1903		5
1904		11
1905		6
1906		8
1907		7
1908		8
1909		9
1910		7
1911		9
1912		7
1913		7
1914		7
1915		6
1916		7
1917		5
1918		8
1919		8
1920		9
1921		4
1922		6
1923		11
1924		7
1925		14
1926		6
1927		11
1928		5
1929		4
1930		8
1931		8
1932		9
1933		7
1934		9
1935		3
1936		6
1937		6
1938		6
1939		3
1940		9
1941		5
1942		9
1943		6
1944		9
1945		9
1946		13
1947		10
1948		5
1949		12
1950		12
1951		4
1952		1
1953		13
1954		11
1955		8
1956		5
1957		13
1958		6
1959		7
1960		2
1961		8
1962		6
1963		7
1964		5
1965		10
1966		7
1967		8
1968		5
1969		6
1970		5
1971		10
1972		9
1973		5
1974		7
1975		3
1976		8
1977		6
1978		7
1979		14
1980		9
1981		6
1982		4
1983		11
1984		10
1985		8
1986		7
1987		9
1988		9
1989		7
1990		5
1991		2
1992		2
1993		9
1994		6
1995		7
1996		11
1997		8
1998		4
1999		9
2000		12
2001		6
2002		9
2003		5
2004		6
2005		6
2006		10
2007		4
2008		10
2009		7
2010		9
2011		3
2012		5
2013		5
2014		2
2015		4
2016		6
2017		7
2018		5
2019		9
2020		6
2021		5
2022		7
2023		3
2024		4
2025		9
2026		4
2027		10
2028		6
2029		6
2030		10
2031		8
2032		8
2033		9
2034		4
2035		8
2036		9
2037		8
2038		9
2039		8
2040		5
2041		2
2042		10
2043		6
2044		9
2045		6
2046		12
2047		12
2048		8
2049		8
2050		2
2051		8
2052		8
2053		5
2054		7
2055		5
2056		8
2057		6
2058		7
2059		11
2060		8
2061		7
2062		6
2063		3
2064		4
2065		6
2066		8
2067		5
2068		10
2069		4
2070		5
2071		8
2072		8
2073		7
2074		14
2075		6
2076		5
2077		7
2078		5
2079		8
2080		6
2081		9
2082		10
2083		7
2084		4
2085		6
2086		8
2087		9
2088		10
2089		5
2090		14
2091		6
2092		9
2093		4
2094		8
2095		10
2096		6
2097		4
2098		7
2099		3
2100		14
2101		6
2102		7
2103		2
2104		5
2105		8
2106		4
2107		6
2108		8
2109		6
2110		5
2111		5
2112		5
2113		8
2114		9
2115		10
2116		12
2117		3
2118		4
2119		7
2120		3
2121		8
2122		9
2123		7
2124		6
2125		5
2126		3
2127		4
2128		9
2129		9
2130		8
2131		6
2132		4
2133		5
2134		6
2135		5
2136		5
2137		8
2138		11
2139		4
2140		6
2141		9
2142		7
2143		8
2144		7
2145		5
2146		2
2147		5
2148		8
2149		6
2150		5
2151		7
2152		8
2153		8
2154		7
2155		3
2156		9
2157		7
2158		6
2159		5
2160		5
2161		8
2162		6
2163		8
2164		3
2165		4
2166		7
2167		9
2168		5
2169		9
2170		7
2171		2
2172		7
2173		7
2174		3
2175		3
2176		10
2177		3
2178		6
2179		5
2180		7
2181		7
2182		6
2183		6
2184		4
2185		4
2186		10
2187		5
2188		5
2189		6
2190		7
2191		9
2192		5
2193		6
2194		5
2195		2
2196		5
2197		11
2198		3
2199		2
2200		6
2201		5
2202		6
2203		5
2204		6
2205		5
2206		3
2207		11
2208		5
2209		5
2210		6
2211		8
2212		6
2213		12
2214		7
2215		7
2216		8
2217		3
2218		8
2219		6
2220		6
2221		6
2222		9
2223		4
2224		4
2225		5
2226		12
2227		5
2228		8
2229		5
2230		6
2231		5
2232		5
2233		9
2234		4
2235		6
2236		9
2237		5
2238		4
2239		5
2240		4
2241		8
2242		6
2243		4
2244		3
2245		3
2246		5
2247		6
2248		4
2249		9
2250		7
2251		4
2252		8
2253		8
2254		6
2255		3
2256		5
2257		4
2258		5
2259		6
2260		3
2261		6
2262		7
2263		5
2264		3
2265		7
2266		4
2267		3
2268		7
2269		6
2270		4
2271		5
2272		4
2273		6
2274		6
2275		4
2276		1
2277		7
2278		4
2279		4
2280		5
2281		5
2282		4
2283		2
2284		6
2285		3
2286		9
2287		2
2288		6
2289		1
2290		6
2291		8
2292		6
2293		3
2294		6
2295		4
2296		5
2297		3
2298		7
2299		8
2300		11
2301		5
2302		7
2303		9
2304		2
2305		6
2306		4
2307		5
2308		5
2309		8
2310		4
2311		4
2312		4
2313		6
2314		3
2315		4
2316		4
2317		6
2318		7
2319		2
2320		7
2322		6
2323		4
2324		4
2325		10
2326		2
2327		4
2328		5
2329		8
2330		9
2331		7
2332		4
2333		5
2334		1
2335		14
2336		2
2337		10
2338		7
2339		9
2340		4
2341		3
2342		4
2343		2
2344		5
2345		5
2346		10
2347		4
2348		10
2349		7
2350		5
2351		6
2352		3
2353		4
2354		3
2355		6
2356		4
2357		6
2358		3
2359		2
2360		5
2361		4
2362		6
2363		7
2364		7
2365		7
2366		4
2367		4
2368		4
2369		3
2370		8
2371		4
2372		5
2373		5
2374		6
2375		6
2376		5
2377		2
2378		8
2379		6
2380		6
2381		6
2382		3
2383		7
2384		2
2385		4
2386		5
2387		5
2388		10
2389		6
2390		11
2391		5
2392		7
2393		5
2394		9
2395		5
2396		4
2397		6
2398		4
2399		7
2400		7
2401		3
2402		5
2403		5
2404		6
2405		4
2406		8
2407		3
2408		6
2409		6
2410		5
2411		1
2412		4
2413		7
2414		9
2415		5
2416		6
2417		9
2418		4
2419		2
2420		1
2421		4
2422		1
2423		5
2424		2
2425		2
2426		1
2427		4
2428		4
2429		6
2430		3
2431		7
2432		6
2433		5
2434		5
2435		3
2436		4
2437		6
2438		6
2439		2
2440		2
2441		7
2442		10
2443		2
2444		5
2445		8
2446		5
2447		4
2448		5
2449		7
2450		4
2451		3
2452		6
2453		5
2454		5
2455		4
2456		4
2457		8
2458		3
2459		4
2460		4
2461		4
2462		4
2463		5
2464		8
2465		6
2466		5
2467		6
2468		3
2470		5
2471		8
2472		3
2473		4
2474		6
2475		2
2476		4
2477		6
2478		5
2479		12
2480		4
2481		5
2482		3
2483		1
2484		7
2485		4
2486		5
2487		5
2488		3
2489		10
2490		9
2491		7
2492		6
2493		5
2494		4
2495		5
2496		2
2497		7
2498		4
2499		3
2500		5
2501		7
2502		9
2503		10
2504		3
2505		2
2506		4
2507		6
2508		10
2509		3
2510		2
2511		7
2512		4
2513		3
2514		4
2515		3
2516		3
2517		5
2518		4
2519		8
2520		4
2521		6
2522		6
2523		7
2524		6
2525		6
2526		7
2527		4
2528		6
2529		6
2530		4
2531		5
2532		5
2533		3
2534		2
2535		3
2536		3
2537		8
2538		3
2539		5
2540		6
2541		4
2542		5
2543		3
2544		8
2545		5
2546		7
2547		3
2548		5
2549		2
2550		9
2551		5
2552		2
2553		2
2554		2
2555		8
2556		3
2557		6
2558		3
2559		5
2560		6
2561		5
2562		7
2563		3
2564		2
2565		5
2566		5
2567		5
2568		2
2569		3
2570		9
2571		9
2572		4
2573		4
2574		6
2575		1
2576		4
2577		4
2578		4
2579		6
2580		5
2581		5
2582		6
2583		1
2584		5
2585		5
2586		5
2587		2
2588		4
2589		6
2590		5
2591		4
2592		7
2593		4
2594		7
2595		3
2596		6
2597		8
2598		8
2599		5
2600		3
2601		4
2602		6
2603		2
2604		7
2605		3
2606		4
2607		9
2608		5
2609		5
2610		3
2611		5
2613		7
2614		4
2615		2
2616		5
2617		4
2618		3
2619		9
2620		6
2621		3
2622		1
2623		5
2624		6
2625		2
2626		8
2627		9
2628		6
2629		7
2630		3
2631		3
2632		9
2633		5
2634		6
2635		6
2636		3
2637		2
2638		4
2639		8
2640		2
2641		2
2642		3
2643		4
2644		2
2645		4
2646		3
2647		3
2648		6
2649		2
2650		2
2651		2
2652		2
2653		3
2654		4
2655		2
2656		2
2657		6
2658		3
2659		5
2660		4
2661		8
2662		6
2663		2
2664		1
2665		3
2666		4
2667		6
2668		4
2669		2
2670		2
2671		4
2672		5
2673		8
2674		5
2675		3
2676		2
2677		4
2678		4
2679		4
2680		4
2681		5
2682		3
2683		7
2684		5
2685		3
2686		6
2687		3
2688		5
2689		4
2690		4
2692		8
2693		6
2694		3
2695		7
2696		6
2697		4
2698		7
2699		8
2700		4
2701		3
2702		4
2703		3
2704		5
2705		3
2706		5
2707		6
2708		5
2709		1
2710		7
2711		2
2712		4
2713		5
2714		4
2715		4
2716		12
2717		6
2718		7
2719		5
2720		4
2721		6
2722		4
2723		4
2724		3
2725		1
2726		1
2727		4
2728		7
2729		2
2730		4
2731		4
2732		8
2733		4
2734		1
2735		4
2736		5
2737		1
2738		5
2739		5
2740		4
2741		8
2742		3
2743		2
2744		4
2745		5
2746		6
2747		7
2748		5
2749		6
2750		5
2751		1
2752		5
2753		4
2754		6
2755		7
2756		4
2757		4
2758		3
2759		6
2760		6
2761		1
2762		3
2763		4
2764		6
2765		4
2766		4
2767		5
2768		2
2769		5
2770		1
2771		7
2772		7
2773		1
2774		5
2775		6
2776		3
2777		1
2778		6
2779		3
2780		5
2781		8
2782		7
2783		8
2784		6
2785		5
2786		5
2787		5
2788		4
2789		3
2790		5
2791		6
2792		2
2793		4
2794		3
2795		7
2796		2
2797		2
2798		6
2799		2
2800		6
2801		5
2802		4
2803		5
2804		2
2805		4
2806		5
2807		4
2808		5
2809		8
2810		3
2811		4
2812		3
2813		2
2814		2
2815		7
2816		6
2817		5
2818		4
2819		4
2820		4
2821		3
2822		4
2823		2
2824		4
2825		2
2826		3
2827		2
2828		10
2829		4
2830		9
2831		5
2832		6
2833		5
2834		3
2835		3
2836		3
2837		3
2838		2
2839		4
2840		6
2841		7
2842		3
2843		7
2844		1
2845		3
2846		3
2847		3
2848		4
2849		6
2850		3
2851		8
2852		5
2853		6
2854		1
2855		2
2856		2
2857		2
2858		3
2859		3
2860		4
2861		3
2862		3
2863		6
2864		4
2865		3
2866		2
2867		3
2868		3
2871		5
2872		2
2873		4
2874		2
2875		2
2876		7
2877		4
2878		2
2879		7
2880		3
2881		4
2882		4
2884		4
2885		1
2886		2
2887		4
2888		2
2889		2
2890		9
2891		7
2892		4
2893		5
2894		4
2895		7
2896		2
2897		4
2898		3
2899		3
2900		5
2901		3
2902		3
2903		8
2904		4
2905		3
2906		3
2907		3
2908		4
2909		1
2910		3
2911		4
2912		4
2913		5
2914		4
2915		6
2916		7
2917		1
2918		2
2919		6
2920		3
2921		2
2922		6
2923		5
2924		3
2925		5
2926		1
2927		4
2928		3
2929		5
2930		2
2931		6
2932		4
2933		6
2934		1
2935		4
2936		1
2937		1
2938		1
2939		6
2940		4
2941		5
2942		2
2943		5
2945		3
2946		7
2947		3
2948		5
2949		3
2950		2
2951		2
2952		7
2953		4
2954		8
2955		2
2956		3
2957		2
2958		4
2959		1
2960		1
2961		6
2962		4
2963		3
2964		5
2965		3
2966		7
2967		7
2968		4
2969		7
2970		1
2971		4
2972		5
2973		3
2974		6
2975		3
2976		5
2977		7
2978		2
2979		4
2980		5
2981		7
2982		3
2983		5
2984		3
2985		2
2986		3
2987		4
2988		2
2989		3
2990		6
2991		5
2992		3
2993		5
2994		4
2995		4
2996		5
2997		2
2998		4
2999		2
3000		2
3001		2
3002		2
3003		7
3004		3
3005		6
3006		6
3007		3
3008		3
3009		3
3010		4
3011		4
3012		2
3013		6
3014		1
3015		7
3016		1
3017		2
3018		5
3019		3
3020		9
3021		1
3022		4
3023		3
3024		1
3025		5
3026		2
3027		4
3028		5
3029		4
3030		5
3031		1
3032		4
3033		2
3034		6
3035		2
3036		6
3037		2
3038		3
3039		6
3040		3
3041		9
3042		2
3043		6
3044		3
3045		2
3046		7
3047		6
3048		4
3049		6
3050		4
3051		7
3052		2
3053		3
3054		4
3055		1
3057		10
3058		5
3059		2
3060		2
3062		4
3063		3
3064		5
3065		3
3066		4
3067		6
3068		7
3069		3
3070		8
3071		1
3072		2
3073		4
3074		8
3076		3
3077		2
3078		3
3079		4
3080		7
3081		2
3082		3
3083		5
3084		4
3085		4
3086		2
3087		4
3088		3
3089		3
3090		4
3091		5
3092		3
3093		5
3094		5
3095		5
3096		1
3097		1
3098		6
3099		2
3100		6
3101		10
3102		2
3103		3
3104		3
3105		4
3106		3
3107		2
3108		2
3109		5
3110		4
3111		3
3112		3
3113		2
3114		5
3115		6
3116		5
3117		2
3118		3
3119		3
3120		1
3121		1
3122		4
3123		1
3124		1
3125		4
3126		2
3127		1
3128		2
3129		6
3130		4
3131		5
3132		2
3133		2
3134		9
3135		1
3136		3
3137		2
3138		5
3139		5
3140		3
3141		4
3142		1
3143		6
3144		7
3145		5
3146		4
3147		4
3148		5
3150		7
3151		4
3152		6
3153		6
3154		5
3155		4
3156		4
3157		3
3158		6
3159		2
3160		6
3161		7
3162		5
3163		3
3164		5
3165		7
3166		3
3167		7
3168		3
3169		6
3170		1
3171		2
3172		4
3173		5
3174		2
3175		3
3176		1
3177		1
3178		2
3179		3
3180		5
3181		2
3182		3
3183		9
3184		4
3185		7
3186		1
3187		4
3188		1
3189		3
3190		2
3192		4
3193		2
3194		3
3195		8
3196		5
3197		4
3198		7
3199		3
3200		3
3201		3
3202		6
3203		2
3204		4
3205		1
3206		3
3207		5
3208		4
3209		4
3210		4
3211		5
3212		6
3213		3
3214		2
3215		2
3216		5
3217		5
3219		4
3220		1
3221		8
3222		3
3223		1
3224		5
3225		3
3226		2
3227		1
3228		2
3229		1
3230		4
3231		1
3232		3
3233		2
3234		1
3235		3
3236		1
3237		2
3238		5
3239		3
3240		8
3241		4
3242		2
3243		2
3244		5
3245		2
3246		5
3247		4
3248		3
3249		3
3250		5
3252		7
3253		1
3254		5
3255		3
3256		2
3257		3
3258		3
3259		2
3260		3
3261		3
3262		4
3263		5
3264		3
3265		4
3266		4
3267		1
3268		1
3269		5
3270		2
3271		6
3272		2
3273		4
3274		3
3275		3
3276		3
3277		2
3278		1
3279		5
3280		5
3281		4
3282		7
3283		4
3284		3
3285		4
3286		3
3287		4
3288		5
3289		1
3290		4
3291		2
3292		4
3293		3
3294		1
3295		2
3296		2
3297		4
3298		4
3299		4
3300		3
3301		4
3302		3
3303		2
3304		5
3305		5
3306		4
3307		4
3308		1
3309		1
3310		6
3311		2
3312		4
3313		4
3314		2
3316		2
3317		1
3318		1
3319		3
3320		1
3321		4
3322		5
3323		6
3324		7
3325		2
3326		2
3327		1
3328		1
3329		4
3330		5
3331		4
3332		2
3334		5
3335		2
3336		5
3338		4
3339		3
3340		4
3341		1
3342		2
3343		1
3344		2
3345		4
3346		5
3347		6
3348		4
3349		6
3350		2
3352		5
3353		5
3354		2
3355		4
3356		4
3357		3
3358		2
3360		3
3361		1
3362		5
3363		2
3364		2
3365		3
3366		1
3367		3
3368		4
3369		2
3370		3
3371		4
3372		8
3373		6
3374		3
3375		6
3376		1
3377		1
3378		5
3379		1
3380		3
3381		2
3382		1
3383		1
3384		4
3385		4
3386		5
3387		5
3388		3
3389		3
3390		4
3391		4
3393		2
3394		5
3395		4
3396		4
3397		5
3398		5
3399		4
3401		2
3402		1
3403		3
3404		7
3405		4
3406		2
3407		3
3408		2
3410		4
3411		1
3412		3
3413		1
3414		2
3415		3
3416		5
3417		1
3418		5
3419		6
3420		2
3421		2
3422		4
3423		2
3424		4
3425		4
3426		5
3427		3
3428		3
3429		5
3431		3
3432		4
3433		3
3434		5
3435		3
3436		2
3437		4
3438		8
3439		4
3440		4
3441		3
3442		4
3443		5
3444		3
3445		6
3446		5
3447		1
3448		5
3449		6
3450		4
3451		4
3452		2
3453		3
3454		4
3455		3
3456		2
3457		6
3458		4
3459		5
3460		2
3461		4
3462		3
3463		3
3464		4
3465		9
3466		3
3467		3
3468		1
3469		4
3470		2
3471		2
3472		3
3473		4
3474		4
3475		5
3476		2
3477		2
3478		3
3479		3
3480		6
3481		4
3482		3
3483		1
3484		1
3485		4
3486		5
3487		5
3488		3
3489		3
3490		1
3491		3
3492		3
3493		3
3494		3
3495		4
3496		3
3497		11
3498		1
3499		4
3500		1
3501		4
3502		4
3503		1
3504		4
3505		4
3506		1
3507		4
3508		4
3509		3
3510		1
3511		2
3512		6
3513		2
3514		5
3515		1
3516		3
3517		3
3518		3
3519		2
3520		3
3521		2
3522		4
3523		4
3524		4
3525		3
3526		1
3527		7
3528		4
3529		1
3530		6
3531		3
3532		4
3534		7
3535		2
3536		1
3537		3
3538		3
3539		4
3540		4
3541		2
3542		2
3543		3
3544		3
3545		3
3546		5
3547		7
3548		4
3549		5
3550		3
3551		1
3552		5
3553		3
3554		4
3555		4
3556		5
3557		5
3559		4
3560		8
3561		2
3562		4
3563		4
3564		1
3565		3
3566		4
3567		3
3568		2
3569		5
3570		2
3571		3
3572		3
3573		5
3574		3
3575		4
3576		3
3577		7
3578		2
3579		4
3580		2
3581		1
3582		4
3583		4
3584		3
3585		5
3586		2
3587		2
3588		1
3589		3
3591		5
3592		2
3593		3
3594		1
3595		5
3596		3
3597		3
3598		3
3599		1
3600		5
3601		4
3602		2
3603		5
3604		3
3605		2
3606		4
3607		2
3608		2
3609		1
3610		5
3611		1
3612		3
3613		5
3614		1
3616		1
3617		6
3618		4
3619		3
3620		4
3621		2
3622		2
3623		6
3624		3
3625		6
3626		7
3627		3
3628		1
3629		4
3630		4
3631		3
3633		4
3634		2
3635		1
3636		1
3637		2
3638		1
3639		5
3640		2
3641		2
3642		4
3644		4
3645		2
3646		1
3647		4
3648		5
3649		3
3650		2
3651		1
3652		3
3653		2
3654		1
3655		4
3656		1
3657		2
3659		1
3661		3
3662		5
3664		2
3665		2
3666		7
3667		1
3669		4
3670		1
3671		4
3672		2
3673		2
3674		5
3675		2
3676		4
3677		3
3678		3
3679		1
3680		3
3681		1
3682		2
3683		5
3684		1
3685		4
3686		1
3687		1
3688		4
3689		2
3690		2
3691		2
3692		4
3693		2
3695		6
3696		4
3697		3
3698		2
3699		3
3700		4
3701		1
3702		3
3703		3
3704		3
3705		4
3706		2
3707		5
3708		2
3709		2
3710		4
3712		2
3714		2
3715		6
3716		5
3718		1
3719		7
3720		6
3721		2
3722		3
3723		7
3724		4
3725		7
3726		4
3727		3
3728		2
3729		3
3730		3
3731		2
3732		3
3733		3
3734		2
3735		3
3736		1
3737		2
3738		3
3739		3
3740		3
3741		2
3742		5
3743		1
3744		4
3745		3
3746		3
3747		5
3748		5
3749		1
3750		4
3751		4
3753		4
3754		1
3755		5
3756		2
3757		1
3758		5
3759		1
3760		1
3761		3
3762		4
3763		4
3764		1
3765		2
3766		3
3767		3
3768		1
3769		5
3770		7
3771		3
3772		2
3773		3
3774		5
3775		2
3776		4
3777		5
3778		2
3779		1
3780		3
3781		1
3782		2
3783		3
3784		2
3785		2
3786		1
3787		5
3788		4
3789		1
3790		1
3791		1
3792		5
3793		3
3794		3
3795		5
3796		5
3797		2
3798		2
3799		2
3800		5
3801		5
3803		4
3804		2
3805		4
3806		4
3807		2
3809		4
3810		4
3811		2
3812		1
3813		4
3814		6
3815		4
3816		3
3818		1
3819		2
3820		3
3821		4
3822		3
3823		2
3824		2
3825		1
3826		4
3827		2
3828		2
3829		2
3830		1
3831		2
3832		3
3833		3
3834		2
3835		2
3836		1
3837		6
3838		2
3839		2
3840		1
3841		8
3842		3
3843		2
3844		2
3845		2
3846		4
3847		2
3848		5
3849		2
3850		5
3851		2
3853		1
3854		4
3855		2
3856		2
3857		1
3858		3
3859		3
3860		1
3861		4
3862		2
3863		2
3864		3
3865		5
3866		1
3868		2
3869		1
3870		5
3871		3
3872		3
3873		2
3874		3
3875		4
3876		3
3877		4
3878		5
3879		5
3880		1
3881		1
3882		3
3884		3
3885		2
3886		2
3887		4
3888		1
3889		7
3890		4
3891		2
3892		2
3893		3
3894		2
3895		3
3896		4
3897		6
3898		4
3899		3
3900		3
3901		4
3902		1
3903		3
3904		1
3905		3
3906		2
3907		4
3908		2
3909		3
3910		3
3911		3
3912		1
3913		3
3914		1
3915		4
3917		6
3918		1
3919		1
3921		3
3922		1
3923		2
3924		3
3925		2
3926		9
3927		1
3928		5
3930		5
3931		4
3932		2
3934		2
3935		3
3937		1
3938		3
3939		3
3940		4
3941		3
3942		4
3943		2
3944		1
3945		1
3946		2
3947		2
3948		4
3949		1
3950		1
3951		5
3952		3
3953		5
3954		2
3955		2
3957		1
3958		5
3959		2
3960		1
3961		3
3962		1
3964		2
3965		4
3966		4
3967		4
3968		1
3969		1
3970		4
3971		1
3972		3
3973		2
3974		3
3975		2
3977		3
3978		4
3979		3
3980		3
3981		1
3982		4
3983		2
3985		3
3986		4
3987		2
3988		3
3989		1
3990		2
3991		7
3992		3
3993		2
3994		2
3995		6
3996		2
3997		2
3998		1
3999		5
4000		1
4001		3
4002		3
4003		2
4004		2
4005		2
4006		2
4007		1
4008		3
4009		2
4010		5
4011		4
4012		3
4013		5
4014		3
4015		4
4016		5
4017		2
4018		3
4019		3
4021		3
4022		1
4024		2
4025		4
4026		2
4027		4
4028		2
4029		2
4030		1
4031		2
4032		1
4033		1
4034		3
4035		2
4036		3
4037		1
4038		3
4039		2
4040		4
4041		5
4042		3
4043		3
4044		2
4045		2
4046		1
4047		3
4048		2
4049		2
4050		1
4051		2
4052		1
4053		7
4054		1
4055		2
4056		2
4057		4
4058		3
4059		4
4060		2
4061		4
4062		2
4063		2
4064		6
4065		2
4066		3
4067		3
4068		5
4069		4
4070		1
4071		1
4072		4
4073		3
4075		1
4076		4
4077		3
4078		4
4079		3
4080		2
4081		1
4082		2
4083		2
4084		1
4085		5
4086		2
4087		6
4088		4
4089		2
4090		3
4091		2
4092		5
4093		1
4094		1
4095		5
4096		3
4097		1
4098		1
4099		3
4100		1
4101		4
4102		4
4103		1
4104		3
4105		4
4106		3
4107		4
4108		2
4110		5
4112		2
4115		3
4116		3
4117		2
4118		2
4119		4
4120		4
4122		4
4123		1
4124		3
4125		2
4126		4
4127		2
4128		2
4129		2
4130		3
4131		5
4132		1
4133		1
4134		3
4135		1
4136		4
4137		1
4138		2
4140		1
4141		5
4142		5
4143		3
4144		1
4145		1
4147		2
4148		3
4149		1
4150		1
4151		2
4152		2
4153		1
4154		3
4155		1
4156		1
4157		1
4158		5
4159		4
4161		1
4162		6
4163		1
4164		5
4165		1
4166		1
4167		1
4168		3
4169		2
4170		1
4172		2
4173		4
4174		4
4175		2
4176		3
4177		2
4178		3
4179		1
4180		2
4181		4
4182		2
4183		1
4184		2
4185		4
4186		1
4187		6
4188		2
4189		1
4190		3
4191		1
4192		4
4193		2
4195		2
4196		3
4197		1
4199		2
4200		2
4202		2
4203		2
4204		4
4205		2
4206		2
4207		4
4208		2
4209		3
4212		1
4213		3
4214		3
4215		4
4216		3
4217		1
4218		2
4219		5
4220		3
4221		5
4222		6
4223		2
4224		2
4225		4
4226		2
4227		2
4228		2
4229		1
4232		2
4233		3
4234		5
4235		3
4237		6
4238		6
4239		2
4240		2
4241		3
4242		2
4243		1
4244		3
4245		2
4246		2
4247		3
4248		3
4249		5
4250		1
4251		2
4252		3
4253		1
4254		2
4256		1
4257		3
4258		4
4259		3
4260		1
4262		4
4263		2
4264		2
4265		1
4266		3
4267		3
4269		1
4271		4
4272		3
4273		1
4274		2
4275		1
4276		2
4277		4
4278		2
4279		3
4280		1
4282		2
4283		2
4284		2
4285		1
4287		2
4289		2
4290		1
4291		3
4292		1
4293		1
4294		6
4295		3
4296		4
4297		3
4298		2
4299		2
4300		1
4301		3
4302		6
4303		1
4304		1
4305		1
4306		1
4307		2
4308		2
4309		3
4310		3
4311		2
4312		2
4313		3
4314		3
4315		4
4316		1
4317		2
4319		3
4320		1
4322		4
4323		2
4324		2
4325		1
4326		2
4327		2
4329		1
4330		3
4331		2
4332		1
4333		1
4334		2
4335		1
4337		2
4339		3
4340		1
4341		1
4342		2
4343		2
4344		2
4345		4
4346		3
4347		4
4348		2
4350		5
4352		2
4354		1
4355		2
4356		2
4357		1
4358		1
4359		2
4361		1
4362		2
4363		1
4364		2
4365		2
4366		2
4367		3
4369		3
4370		3
4371		1
4372		3
4373		3
4374		2
4375		3
4376		3
4377		3
4378		1
4379		4
4380		1
4381		4
4382		2
4383		2
4384		3
4385		4
4388		1
4389		1
4390		3
4391		3
4392		1
4393		3
4395		1
4396		4
4399		2
4400		2
4401		4
4402		3
4403		4
4404		2
4405		3
4406		2
4407		2
4408		2
4409		5
4410		4
4411		2
4413		5
4414		2
4416		2
4417		1
4418		4
4419		2
4421		2
4422		2
4423		2
4424		2
4425		3
4426		2
4427		5
4428		1
4429		4
4431		2
4432		2
4433		1
4434		1
4435		4
4436		1
4437		1
4438		2
4439		1
4440		3
4441		5
4442		2
4443		2
4444		4
4447		2
4448		5
4449		5
4450		2
4451		2
4452		2
4453		2
4454		3
4455		1
4456		4
4457		2
4458		2
4459		1
4460		2
4461		2
4462		3
4463		3
4464		3
4466		1
4467		2
4468		3
4469		2
4470		1
4471		4
4472		1
4473		5
4474		1
4475		1
4476		3
4477		4
4478		4
4479		2
4480		1
4481		1
4482		2
4483		2
4484		4
4485		1
4486		2
4487		2
4488		2
4489		3
4490		2
4491		1
4492		2
4493		4
4495		4
4496		1
4497		2
4498		2
4499		1
4500		4
4501		1
4503		6
4505		2
4506		2
4507		2
4508		1
4509		1
4510		7
4511		2
4512		3
4513		3
4515		3
4516		2
4517		1
4518		2
4519		1
4520		4
4522		1
4523		4
4524		3
4525		1
4526		5
4527		4
4528		2
4529		3
4530		1
4532		1
4533		1
4535		1
4536		3
4537		2
4538		1
4539		3
4540		3
4542		2
4543		1
4544		2
4545		2
4546		4
4547		2
4548		4
4549		2
4550		2
4551		1
4552		2
4555		1
4557		6
4558		5
4559		1
4560		3
4561		1
4562		3
4565		3
4567		3
4568		2
4569		1
4570		3
4571		1
4573		2
4574		2
4575		1
4576		2
4577		1
4578		3
4579		2
4580		2
4581		2
4582		2
4583		2
4584		3
4585		2
4586		1
4587		5
4588		4
4589		2
4591		2
4592		1
4593		1
4594		4
4595		1
4596		2
4597		5
4598		8
4599		2
4600		1
4601		2
4602		1
4603		2
4604		3
4605		2
4606		4
4608		2
4609		1
4610		2
4611		2
4612		2
4615		1
4616		2
4617		6
4618		6
4619		3
4621		1
4622		2
4623		6
4624		3
4627		4
4628		6
4629		4
4631		3
4632		2
4633		4
4634		4
4635		2
4636		2
4637		3
4638		4
4639		1
4640		2
4641		2
4643		5
4644		3
4645		2
4646		1
4647		1
4648		4
4649		3
4650		5
4652		1
4653		3
4655		3
4656		2
4657		2
4658		2
4659		1
4660		1
4661		1
4662		1
4663		5
4664		5
4665		4
4666		2
4667		1
4668		1
4669		2
4670		2
4671		1
4672		1
4673		5
4674		1
4675		3
4676		5
4677		3
4678		1
4679		3
4680		1
4681		1
4682		4
4683		2
4684		1
4685		1
4687		1
4689		4
4690		2
4692		1
4694		1
4695		2
4696		1
4697		3
4699		2
4700		3
4701		1
4703		1
4704		2
4705		1
4706		2
4707		1
4708		1
4709		2
4710		2
4711		2
4713		1
4714		3
4715		1
4716		3
4717		1
4718		3
4720		4
4721		2
4722		3
4723		1
4725		1
4726		4
4727		1
4728		5
4729		4
4730		3
4732		2
4733		1
4734		1
4735		2
4736		2
4738		2
4740		1
4741		4
4742		2
4745		1
4746		1
4747		2
4750		3
4751		1
4752		1
4753		3
4754		1
4755		1
4756		5
4757		2
4759		5
4760		1
4761		1
4762		2
4763		2
4764		3
4766		1
4767		1
4768		2
4770		1
4771		1
4772		4
4773		3
4774		4
4775		2
4776		3
4777		2
4778		1
4779		1
4780		1
4781		3
4782		1
4783		1
4784		1
4785		4
4786		2
4787		1
4788		3
4789		4
4790		3
4791		2
4792		2
4793		1
4794		1
4795		2
4796		2
4797		2
4798		3
4799		1
4800		1
4801		1
4802		2
4804		2
4805		1
4806		1
4807		2
4808		1
4809		3
4810		3
4811		1
4813		3
4814		2
4815		1
4816		2
4818		1
4820		1
4821		3
4824		1
4825		4
4826		4
4827		1
4828		3
4829		2
4830		3
4831		4
4833		1
4834		1
4835		1
4836		5
4837		3
4838		1
4840		2
4842		4
4844		2
4845		3
4846		3
4847		1
4848		1
4849		1
4850		1
4851		1
4852		1
4854		1
4855		2
4856		1
4857		3
4858		3
4859		2
4860		2
4862		1
4863		1
4864		1
4865		4
4866		2
4867		1
4868		3
4870		2
4871		4
4873		4
4874		2
4875		2
4876		1
4877		3
4878		3
4879		4
4880		1
4881		3
4883		2
4885		2
4887		1
4888		2
4889		1
4890		1
4891		7
4892		1
4893		2
4895		2
4896		3
4898		3
4899		1
4900		3
4901		1
4903		2
4904		1
4905		2
4906		2
4907		3
4908		2
4909		1
4910		1
4911		1
4912		1
4913		2
4914		1
4916		2
4917		2
4918		2
4919		1
4920		3
4921		5
4922		3
4923		3
4924		2
4925		1
4926		1
4927		5
4928		1
4929		1
4930		2
4931		3
4932		1
4933		2
4934		1
4936		4
4937		2
4938		2
4939		3
4940		2
4941		2
4943		5
4944		1
4945		2
4946		2
4947		2
4948		1
4949		3
4950		2
4952		1
4953		2
4954		3
4955		3
4957		4
4958		3
4959		5
4960		2
4961		3
4962		3
4964		2
4965		2
4966		3
4967		4
4969		1
4970		4
4971		3
4972		6
4973		7
4975		2
4979		1
4980		4
4981		2
4982		4
4983		1
4984		1
4985		3
4986		1
4987		5
4988		3
4989		2
4990		4
4991		4
4992		2
4993		2
4994		5
4995		2
4996		1
4999		2
5000		3
5001		1
5002		1
5004		2
5005		2
5006		4
5009		1
5011		3
5014		1
5015		2
5016		2
5017		3
5019		1
5020		4
5021		1
5022		2
5023		1
5024		3
5025		1
5026		2
5027		5
5029		2
5030		2
5033		3
5036		3
5038		1
5039		2
5040		2
5041		2
5043		4
5045		1
5046		5
5048		1
5049		3
5050		1
5051		2
5052		1
5055		3
5060		2
5062		3
5064		2
5065		2
5066		2
5068		3
5069		4
5070		2
5073		1
5074		3
5077		1
5078		1
5079		3
5080		1
5081		2
5082		1
5084		3
5085		1
5086		2
5087		1
5088		2
5089		3
5090		2
5091		1
5092		3
5093		2
5095		1
5096		1
5098		3
5099		2
5101		3
5102		2
5103		1
5104		1
5105		2
5107		1
5108		2
5109		2
5110		1
5111		2
5112		3
5113		2
5114		1
5115		1
5118		1
5120		1
5121		1
5122		1
5123		1
5125		1
5126		2
5127		1
5128		1
5129		1
5132		2
5133		1
5134		1
5135		1
5136		1
5137		1
5139		3
5140		2
5141		2
5142		1
5143		2
5145		1
5146		1
5147		5
5148		2
5149		3
5150		2
5151		4
5152		1
5153		1
5155		1
5157		1
5159		2
5160		2
5161		1
5162		2
5163		3
5164		3
5165		3
5166		2
5167		4
5168		1
5169		1
5170		1
5171		1
5173		1
5174		1
5176		2
5177		3
5178		2
5179		4
5180		1
5181		1
5182		2
5183		1
5185		1
5187		4
5190		2
5192		2
5194		1
5196		2
5197		4
5198		4
5199		3
5200		2
5202		2
5203		1
5204		1
5205		2
5206		2
5207		4
5208		2
5210		3
5214		1
5215		2
5216		1
5217		1
5218		1
5220		3
5221		3
5223		4
5225		3
5226		1
5227		1
5229		1
5231		1
5232		2
5235		2
5236		4
5237		1
5239		3
5240		2
5241		4
5244		1
5245		1
5247		3
5249		3
5250		2
5251		1
5252		3
5254		1
5255		2
5256		1
5257		4
5258		3
5259		1
5260		2
5261		2
5262		2
5264		3
5265		1
5266		1
5267		1
5268		2
5269		1
5271		1
5273		1
5274		1
5275		1
5276		1
5277		1
5278		1
5280		2
5282		1
5284		1
5285		4
5287		3
5288		2
5289		1
5290		2
5291		2
5293		2
5294		1
5295		1
5296		3
5297		1
5298		2
5299		1
5300		5
5301		3
5302		4
5304		2
5305		2
5306		1
5307		2
5308		4
5309		1
5310		2
5311		1
5313		2
5314		2
5315		1
5316		5
5318		1
5319		1
5320		1
5321		1
5322		1
5323		2
5324		3
5325		1
5326		2
5328		3
5330		3
5332		2
5333		1
5336		1
5337		1
5338		2
5339		2
5340		1
5341		1
5343		1
5345		1
5346		1
5348		1
5349		1
5350		1
5352		1
5353		1
5354		1
5355		2
5356		1
5357		2
5358		1
5360		2
5361		1
5363		1
5364		2
5365		5
5366		1
5368		3
5369		1
5370		2
5371		2
5372		1
5373		1
5374		2
5375		3
5376		2
5377		4
5379		3
5380		1
5382		3
5384		1
5385		2
5386		1
5387		1
5388		1
5389		3
5390		1
5391		1
5393		2
5394		1
5395		1
5396		2
5397		1
5398		1
5399		1
5400		1
5401		4
5403		2
5404		3
5405		2
5406		1
5407		1
5408		2
5409		1
5410		1
5411		2
5412		1
5413		2
5415		1
5416		3
5417		1
5418		2
5419		2
5422		2
5423		5
5426		1
5427		1
5428		2
5429		1
5433		3
5434		1
5437		2
5441		2
5442		2
5443		2
5447		1
5449		3
5450		1
5451		4
5453		1
5454		1
5455		1
5456		1
5457		1
5459		2
5460		1
5461		1
5462		1
5464		1
5468		1
5469		1
5470		2
5472		3
5473		3
5474		1
5476		3
5478		1
5479		1
5482		1
5485		2
5486		1
5488		2
5490		2
5491		1
5492		1
5493		1
5495		1
5496		2
5498		1
5499		1
5500		3
5501		2
5503		1
5504		1
5506		4
5507		2
5508		1
5510		2
5511		1
5513		2
5514		1
5516		1
5517		3
5519		2
5520		1
5521		2
5522		2
5523		1
5525		4
5526		1
5527		2
5528		3
5530		2
5531		1
5532		1
5533		3
5536		1
5537		1
5538		1
5540		1
5542		3
5543		1
5545		1
5546		1
5547		1
5548		2
5549		1
5550		2
5553		1
5554		1
5555		1
5556		2
5557		2
5558		1
5559		1
5562		1
5563		1
5564		3
5565		2
5566		1
5568		2
5569		3
5570		2
5571		1
5572		2
5573		2
5574		2
5575		2
5578		1
5581		5
5582		1
5583		1
5584		3
5585		1
5587		1
5588		1
5589		1
5590		1
5591		1
5592		1
5594		4
5596		3
5598		2
5600		1
5601		2
5602		1
5603		3
5605		2
5606		1
5607		1
5608		4
5612		1
5613		1
5614		2
5616		3
5617		2
5619		1
5620		3
5621		2
5623		1
5624		1
5625		1
5626		2
5627		1
5628		2
5629		1
5631		2
5632		1
5633		2
5634		1
5635		2
5637		1
5638		4
5643		1
5644		1
5646		1
5648		1
5649		1
5650		2
5654		1
5658		3
5659		2
5663		2
5665		3
5666		1
5667		2
5668		2
5669		2
5670		2
5671		1
5672		1
5673		2
5674		1
5675		2
5677		1
5678		3
5681		1
5683		2
5684		1
5687		2
5688		1
5691		1
5692		1
5693		2
5694		3
5695		1
5698		2
5703		1
5704		1
5705		1
5707		1
5709		2
5710		1
5711		1
5714		2
5715		1
5722		3
5723		1
5724		2
5726		1
5729		1
5730		1
5731		1
5732		1
5733		1
5734		1
5736		1
5737		2
5738		1
5739		1
5740		1
5743		1
5744		1
5747		1
5749		1
5750		3
5753		2
5756		1
5757		1
5758		2
5760		1
5762		1
5763		1
5769		2
5771		1
5773		2
5775		3
5776		2
5777		1
5778		2
5779		1
5780		1
5781		1
5782		1
5783		1
5786		3
5787		2
5788		1
5789		2
5790		1
5791		2
5793		1
5794		1
5799		1
5800		1
5802		1
5803		2
5804		1
5807		1
5809		2
5812		2
5813		1
5817		1
5818		1
5819		1
5822		2
5823		1
5824		1
5825		1
5827		1
5829		1
5832		1
5833		2
5835		1
5836		1
5837		1
5838		1
5839		1
5840		2
5846		2
5847		1
5848		2
5849		1
5851		1
5852		1
5853		1
5854		1
5855		1
5858		1
5859		1
5862		1
5863		2
5867		1
5868		1
5869		1
5874		1
5878		2
5882		1
5886		2
5891		1
5893		2
5894		2
5895		1
5897		3
5898		2
5899		1
5901		2
5902		1
5904		1
5905		1
5906		1
5909		1
5910		1
5911		1
5912		2
5913		1
5915		1
5916		1
5917		2
5920		3
5923		1
5924		2
5926		2
5927		1
5930		1
5931		1
5932		1
5933		1
5936		1
5937		2
5940		1
5942		2
5945		1
5946		1
5948		1
5949		1
5950		1
5951		2
5954		1
5955		1
5958		1
5959		1
5961		1
5962		1
5963		1
5969		1
5973		1
5976		1
5977		1
5979		1
5981		1
5982		1
5986		1
5989		2
5990		1
5991		2
5992		1
5993		1
5999		1
6000		1
6001		2
6002		3
6007		1
6009		1
6010		1
6013		1
6015		2
6016		1
6017		1
6021		2
6023		1
6030		1
6032		1
6033		2
6035		2
6036		2
6037		4
6038		2
6040		1
6041		1
6042		1
6044		1
6047		2
6050		1
6051		2
6053		2
6057		2
6058		1
6059		1
6065		1
6071		2
6072		1
6073		1
6074		1
6076		1
6077		2
6078		1
6081		1
6082		1
6083		1
6087		1
6089		2
6090		1
6092		2
6094		1
6095		1
6097		1
6104		3
6106		2
6110		3
6113		1
6118		1
6121		1
6122		2
6124		2
6126		1
6127		1
6128		1
6135		1
6136		1
6138		1
6139		1
6140		1
6142		1
6143		1
6145		1
6146		1
6148		1
6149		1
6150		2
6152		1
6155		1
6159		1
6161		1
6163		1
6166		1
6168		2
6169		1
6170		1
6171		1
6175		1
6176		1
6180		1
6181		2
6187		1
6192		1
6193		2
6195		1
6197		1
6203		1
6205		1
6206		1
6210		1
6213		1
6216		1
6218		1
6219		1
6224		1
6225		2
6227		1
6229		1
6232		2
6233		1
6236		2
6237		1
6240		1
6243		1
6246		1
6252		1
6253		3
6255		1
6261		1
6263		1
6269		1
6271		1
6272		1
6280		1
6282		2
6286		1
6290		1
6291		1
6294		1
6295		1
6296		1
6305		1
6306		2
6309		2
6310		1
6314		1
6316		1
6317		1
6321		1
6326		1
6328		2
6329		1
6339		1
6341		1
6343		2
6353		1
6354		1
6357		1
6359		1
6362		1
6365		1
6367		1
6369		1
6372		1
6373		2
6375		1
6386		1
6388		2
6391		1
6393		2
6397		2
6398		1
6400		1
6401		1
6402		1
6403		1
6413		1
6414		1
6419		1
6421		2
6423		1
6437		1
6438		2
6442		2
6444		1
6447		1
6449		1
6455		1
6461		1
6463		1
6466		1
6472		1
6473		1
6474		1
6478		1
6479		2
6480		1
6485		1
6496		1
6504		1
6506		1
6507		1
6508		1
6512		1
6517		1
6518		1
6521		1
6527		2
6533		2
6535		1
6540		1
6546		2
6551		2
6558		1
6563		1
6568		1
6569		1
6572		1
6577		1
6578		1
6595		1
6597		1
6601		1
6606		2
6612		1
6618		1
6638		1
6647		1
6653		1
6656		1
6657		1
6661		1
6663		1
6664		1
6675		1
6677		1
6681		1
6685		1
6689		2
6696		1
6697		1
6709		1
6718		1
6722		1
6729		1
6730		1
6749		1
6752		1
6771		1
6772		1
6786		1
6787		1
6794		1
6806		1
6809		1
6815		1
6819		1
6822		1
6826		1
6830		1
6834		1
6841		1
6880		1
6881		1
6891		1
6904		1
6906		1
6908		1
6930		1
6934		1
6940		1
6948		1
6972		1
6976		1
6983		1
6994		1
6995		1
7003		1
7016		1
7049		1
7076		1
7103		1
7113		1
7118		1
7125		1
7128		1
7131		1
7133		1
7142		1
7145		1
7164		1
7169		1
7199		1
7200		1
7202		1
7280		1
7293		1
7297		1
7332		1
7334		1
7453		1
7482		1
7571		1
7785		1
7862		1
8144		1
