Tamaños		Cantidades
1		7711277
2		1599904
3		946086
4		607368
5		422646
6		308874
7		236291
8		187772
9		153189
10		127102
11		107098
12		91582
13		79417
14		69796
15		61166
16		54906
17		49427
18		44530
19		40340
20		36478
21		33666
22		30797
23		28517
24		26447
25		24198
26		22655
27		21416
28		19900
29		18736
30		17642
31		16278
32		15846
33		14694
34		13873
35		13133
36		12676
37		11979
38		11564
39		10714
40		10582
41		10043
42		9333
43		9091
44		8868
45		8489
46		8083
47		7729
48		7469
49		7164
50		7030
51		6668
52		6454
53		6290
54		5866
55		5821
56		5705
57		5429
58		5323
59		5218
60		4857
61		4744
62		4643
63		4530
64		4388
65		4238
66		4142
67		4155
68		3908
69		3862
70		3696
71		3683
72		3433
73		3507
74		3359
75		3292
76		3121
77		3132
78		3087
79		2986
80		2919
81		2882
82		2785
83		2759
84		2732
85		2756
86		2601
87		2558
88		2477
89		2503
90		2501
91		2392
92		2273
93		2157
94		2136
95		2188
96		2133
97		2084
98		2085
99		2004
100		1988
101		1966
102		1877
103		1803
104		1839
105		1738
106		1807
107		1813
108		1703
109		1643
110		1709
111		1598
112		1641
113		1609
114		1567
115		1547
116		1553
117		1510
118		1484
119		1434
120		1431
121		1329
122		1351
123		1282
124		1317
125		1270
126		1298
127		1309
128		1274
129		1277
130		1234
131		1205
132		1221
133		1213
134		1212
135		1130
136		1155
137		1139
138		1058
139		1148
140		1104
141		1044
142		1060
143		1059
144		1032
145		1041
146		1014
147		1015
148		1049
149		943
150		930
151		930
152		951
153		941
154		927
155		895
156		869
157		893
158		868
159		879
160		843
161		848
162		827
163		790
164		795
165		799
166		777
167		789
168		754
169		746
170		788
171		799
172		732
173		716
174		703
175		718
176		711
177		718
178		660
179		674
180		665
181		659
182		657
183		646
184		700
185		667
186		677
187		644
188		608
189		653
190		602
191		607
192		589
193		627
194		616
195		575
196		583
197		598
198		587
199		554
200		598
201		580
202		576
203		554
204		582
205		577
206		581
207		519
208		572
209		511
210		578
211		540
212		513
213		525
214		483
215		502
216		473
217		529
218		511
219		511
220		464
221		483
222		482
223		451
224		486
225		465
226		479
227		515
228		453
229		450
230		472
231		420
232		416
233		428
234		412
235		449
236		417
237		437
238		405
239		412
240		439
241		390
242		397
243		389
244		381
245		418
246		400
247		424
248		403
249		410
250		356
251		373
252		410
253		360
254		382
255		374
256		360
257		343
258		350
259		373
260		360
261		353
262		379
263		354
264		365
265		343
266		355
267		343
268		342
269		335
270		371
271		363
272		359
273		328
274		350
275		363
276		330
277		306
278		349
279		300
280		325
281		333
282		305
283		319
284		328
285		311
286		346
287		320
288		295
289		299
290		308
291		294
292		287
293		271
294		265
295		274
296		287
297		295
298		307
299		280
300		270
301		269
302		269
303		291
304		251
305		274
306		280
307		282
308		274
309		277
310		258
311		274
312		276
313		267
314		277
315		290
316		255
317		260
318		240
319		252
320		224
321		239
322		255
323		219
324		242
325		222
326		243
327		253
328		265
329		236
330		233
331		223
332		225
333		225
334		260
335		211
336		237
337		247
338		204
339		224
340		225
341		224
342		195
343		240
344		226
345		201
346		195
347		229
348		216
349		236
350		228
351		187
352		208
353		205
354		214
355		203
356		199
357		197
358		220
359		221
360		213
361		238
362		219
363		192
364		206
365		231
366		208
367		220
368		181
369		189
370		195
371		172
372		184
373		220
374		180
375		194
376		190
377		173
378		186
379		198
380		189
381		149
382		164
383		174
384		175
385		170
386		184
387		201
388		181
389		161
390		185
391		178
392		184
393		150
394		201
395		195
396		169
397		167
398		179
399		170
400		148
401		187
402		166
403		210
404		156
405		160
406		170
407		179
408		162
409		164
410		157
411		171
412		165
413		150
414		167
415		168
416		166
417		170
418		173
419		156
420		158
421		136
422		145
423		162
424		153
425		157
426		151
427		164
428		140
429		156
430		158
431		142
432		131
433		172
434		167
435		160
436		163
437		166
438		154
439		136
440		156
441		158
442		141
443		148
444		147
445		129
446		163
447		142
448		159
449		143
450		162
451		134
452		123
453		137
454		138
455		144
456		128
457		134
458		158
459		144
460		158
461		131
462		131
463		134
464		118
465		116
466		137
467		138
468		131
469		123
470		108
471		133
472		135
473		141
474		124
475		128
476		112
477		129
478		139
479		123
480		148
481		135
482		110
483		136
484		117
485		128
486		133
487		122
488		121
489		119
490		97
491		114
492		127
493		113
494		115
495		116
496		117
497		106
498		116
499		133
500		123
501		111
502		130
503		118
504		105
505		106
506		130
507		112
508		109
509		129
510		97
511		112
512		110
513		119
514		109
515		115
516		116
517		116
518		94
519		107
520		99
521		119
522		100
523		104
524		98
525		117
526		123
527		115
528		104
529		103
530		89
531		106
532		101
533		100
534		97
535		89
536		83
537		97
538		84
539		101
540		117
541		101
542		100
543		103
544		85
545		101
546		93
547		87
548		106
549		107
550		112
551		105
552		97
553		93
554		87
555		103
556		104
557		97
558		73
559		82
560		88
561		99
562		98
563		119
564		99
565		106
566		107
567		87
568		94
569		108
570		94
571		93
572		86
573		98
574		103
575		91
576		105
577		104
578		92
579		84
580		104
581		97
582		87
583		86
584		98
585		80
586		95
587		89
588		78
589		93
590		85
591		85
592		85
593		77
594		90
595		88
596		92
597		96
598		87
599		89
600		96
601		81
602		78
603		76
604		95
605		72
606		87
607		78
608		77
609		89
610		76
611		88
612		87
613		94
614		83
615		90
616		81
617		83
618		89
619		91
620		86
621		100
622		72
623		87
624		71
625		57
626		80
627		89
628		90
629		83
630		78
631		99
632		77
633		76
634		76
635		82
636		75
637		79
638		83
639		75
640		71
641		78
642		71
643		83
644		76
645		74
646		90
647		66
648		88
649		74
650		66
651		84
652		75
653		77
654		75
655		78
656		75
657		70
658		72
659		82
660		83
661		78
662		75
663		83
664		62
665		83
666		75
667		85
668		75
669		69
670		85
671		71
672		71
673		56
674		70
675		75
676		73
677		70
678		61
679		81
680		69
681		62
682		76
683		64
684		59
685		82
686		58
687		51
688		85
689		88
690		73
691		75
692		76
693		68
694		69
695		79
696		79
697		69
698		80
699		65
700		58
701		68
702		78
703		58
704		63
705		78
706		82
707		63
708		70
709		62
710		57
711		61
712		69
713		54
714		71
715		66
716		60
717		57
718		70
719		66
720		59
721		54
722		78
723		63
724		54
725		76
726		62
727		68
728		58
729		64
730		59
731		48
732		60
733		72
734		68
735		50
736		65
737		61
738		63
739		55
740		63
741		62
742		56
743		57
744		63
745		59
746		66
747		57
748		58
749		68
750		73
751		52
752		55
753		55
754		67
755		62
756		54
757		67
758		51
759		58
760		46
761		60
762		71
763		57
764		53
765		54
766		49
767		50
768		56
769		79
770		65
771		47
772		53
773		47
774		55
775		72
776		67
777		54
778		52
779		61
780		60
781		58
782		45
783		55
784		59
785		44
786		50
787		54
788		68
789		54
790		57
791		43
792		54
793		43
794		57
795		41
796		65
797		54
798		45
799		54
800		56
801		54
802		56
803		46
804		66
805		47
806		52
807		58
808		51
809		57
810		63
811		59
812		56
813		48
814		43
815		59
816		56
817		52
818		47
819		50
820		49
821		63
822		61
823		44
824		40
825		51
826		52
827		45
828		45
829		49
830		43
831		61
832		45
833		60
834		45
835		39
836		41
837		48
838		53
839		39
840		50
841		42
842		46
843		48
844		38
845		56
846		50
847		46
848		39
849		53
850		42
851		54
852		50
853		36
854		38
855		51
856		41
857		49
858		40
859		54
860		54
861		63
862		43
863		46
864		53
865		54
866		42
867		68
868		49
869		47
870		54
871		45
872		59
873		42
874		45
875		56
876		45
877		43
878		42
879		40
880		45
881		41
882		48
883		32
884		53
885		54
886		46
887		40
888		49
889		44
890		34
891		38
892		52
893		34
894		44
895		41
896		50
897		46
898		47
899		33
900		41
901		41
902		46
903		50
904		45
905		43
906		47
907		41
908		52
909		37
910		41
911		49
912		44
913		40
914		25
915		51
916		42
917		40
918		34
919		40
920		50
921		54
922		48
923		40
924		42
925		43
926		34
927		43
928		45
929		35
930		33
931		60
932		43
933		38
934		44
935		37
936		41
937		45
938		35
939		41
940		29
941		37
942		36
943		44
944		51
945		34
946		46
947		51
948		45
949		40
950		47
951		32
952		49
953		38
954		49
955		48
956		31
957		39
958		36
959		33
960		33
961		44
962		40
963		34
964		36
965		37
966		27
967		33
968		36
969		33
970		41
971		32
972		44
973		37
974		18
975		40
976		35
977		32
978		35
979		31
980		42
981		43
982		40
983		56
984		45
985		35
986		40
987		38
988		32
989		25
990		33
991		18
992		35
993		48
994		28
995		33
996		39
997		33
998		31
999		45
1000		33
1001		33
1002		31
1003		27
1004		52
1005		37
1006		44
1007		34
1008		36
1009		35
1010		32
1011		43
1012		38
1013		40
1014		33
1015		33
1016		32
1017		30
1018		42
1019		46
1020		30
1021		26
1022		36
1023		36
1024		30
1025		35
1026		52
1027		32
1028		28
1029		25
1030		35
1031		24
1032		36
1033		27
1034		49
1035		46
1036		43
1037		22
1038		44
1039		33
1040		38
1041		43
1042		40
1043		31
1044		33
1045		32
1046		34
1047		37
1048		35
1049		40
1050		30
1051		28
1052		36
1053		32
1054		38
1055		36
1056		37
1057		24
1058		38
1059		35
1060		39
1061		31
1062		34
1063		31
1064		31
1065		32
1066		37
1067		39
1068		29
1069		32
1070		39
1071		28
1072		26
1073		42
1074		42
1075		29
1076		29
1077		29
1078		25
1079		30
1080		37
1081		34
1082		33
1083		29
1084		27
1085		40
1086		43
1087		25
1088		36
1089		29
1090		26
1091		35
1092		16
1093		32
1094		35
1095		24
1096		37
1097		22
1098		25
1099		25
1100		34
1101		28
1102		34
1103		30
1104		29
1105		37
1106		45
1107		31
1108		29
1109		32
1110		32
1111		23
1112		24
1113		32
1114		32
1115		24
1116		33
1117		24
1118		27
1119		32
1120		27
1121		28
1122		23
1123		33
1124		36
1125		27
1126		36
1127		21
1128		29
1129		33
1130		27
1131		34
1132		18
1133		37
1134		31
1135		27
1136		24
1137		23
1138		33
1139		28
1140		28
1141		28
1142		24
1143		24
1144		29
1145		27
1146		28
1147		27
1148		32
1149		24
1150		23
1151		22
1152		26
1153		26
1154		32
1155		37
1156		30
1157		27
1158		26
1159		24
1160		23
1161		29
1162		30
1163		19
1164		23
1165		24
1166		27
1167		31
1168		34
1169		23
1170		31
1171		28
1172		26
1173		23
1174		36
1175		30
1176		24
1177		46
1178		27
1179		37
1180		31
1181		28
1182		27
1183		22
1184		19
1185		35
1186		30
1187		33
1188		37
1189		26
1190		24
1191		31
1192		19
1193		30
1194		26
1195		16
1196		28
1197		39
1198		28
1199		30
1200		26
1201		17
1202		19
1203		31
1204		30
1205		28
1206		29
1207		24
1208		30
1209		27
1210		19
1211		28
1212		28
1213		27
1214		25
1215		34
1216		23
1217		33
1218		22
1219		26
1220		33
1221		24
1222		25
1223		17
1224		23
1225		33
1226		28
1227		31
1228		21
1229		24
1230		33
1231		28
1232		24
1233		26
1234		33
1235		30
1236		33
1237		21
1238		27
1239		26
1240		24
1241		27
1242		26
1243		21
1244		34
1245		20
1246		27
1247		33
1248		22
1249		29
1250		26
1251		24
1252		23
1253		15
1254		18
1255		20
1256		33
1257		31
1258		21
1259		24
1260		22
1261		21
1262		25
1263		35
1264		32
1265		23
1266		26
1267		24
1268		21
1269		34
1270		18
1271		27
1272		23
1273		34
1274		30
1275		33
1276		22
1277		20
1278		26
1279		21
1280		24
1281		22
1282		25
1283		29
1284		22
1285		24
1286		21
1287		25
1288		30
1289		17
1290		20
1291		16
1292		21
1293		30
1294		22
1295		23
1296		22
1297		17
1298		23
1299		22
1300		25
1301		28
1302		19
1303		23
1304		19
1305		15
1306		22
1307		23
1308		26
1309		29
1310		23
1311		32
1312		32
1313		26
1314		27
1315		29
1316		26
1317		29
1318		27
1319		17
1320		20
1321		24
1322		27
1323		23
1324		24
1325		31
1326		21
1327		18
1328		23
1329		21
1330		35
1331		24
1332		14
1333		21
1334		21
1335		21
1336		20
1337		26
1338		36
1339		18
1340		20
1341		21
1342		31
1343		26
1344		17
1345		25
1346		28
1347		27
1348		17
1349		35
1350		26
1351		19
1352		24
1353		15
1354		17
1355		28
1356		21
1357		19
1358		17
1359		23
1360		20
1361		20
1362		26
1363		17
1364		18
1365		22
1366		16
1367		23
1368		21
1369		24
1370		22
1371		20
1372		30
1373		22
1374		29
1375		24
1376		27
1377		24
1378		20
1379		25
1380		24
1381		25
1382		27
1383		20
1384		24
1385		21
1386		16
1387		17
1388		27
1389		23
1390		31
1391		27
1392		21
1393		21
1394		15
1395		18
1396		31
1397		21
1398		26
1399		16
1400		24
1401		24
1402		25
1403		15
1404		19
1405		25
1406		28
1407		21
1408		24
1409		18
1410		20
1411		16
1412		19
1413		20
1414		23
1415		22
1416		23
1417		18
1418		16
1419		30
1420		19
1421		24
1422		21
1423		16
1424		19
1425		23
1426		20
1427		23
1428		25
1429		17
1430		25
1431		14
1432		18
1433		18
1434		20
1435		25
1436		15
1437		18
1438		26
1439		24
1440		28
1441		25
1442		16
1443		19
1444		15
1445		18
1446		24
1447		27
1448		18
1449		16
1450		14
1451		15
1452		15
1453		35
1454		21
1455		14
1456		23
1457		19
1458		18
1459		27
1460		18
1461		16
1462		19
1463		18
1464		26
1465		22
1466		9
1467		22
1468		20
1469		21
1470		18
1471		19
1472		14
1473		20
1474		14
1475		14
1476		14
1477		23
1478		18
1479		28
1480		14
1481		23
1482		23
1483		19
1484		18
1485		12
1486		17
1487		21
1488		21
1489		16
1490		25
1491		28
1492		9
1493		21
1494		17
1495		17
1496		10
1497		13
1498		15
1499		21
1500		17
1501		11
1502		13
1503		20
1504		18
1505		20
1506		24
1507		17
1508		13
1509		21
1510		9
1511		12
1512		15
1513		18
1514		9
1515		16
1516		24
1517		26
1518		17
1519		14
1520		19
1521		20
1522		15
1523		12
1524		18
1525		7
1526		19
1527		23
1528		17
1529		15
1530		14
1531		12
1532		19
1533		21
1534		16
1535		17
1536		17
1537		26
1538		27
1539		13
1540		14
1541		17
1542		26
1543		16
1544		15
1545		22
1546		25
1547		14
1548		15
1549		20
1550		23
1551		13
1552		15
1553		9
1554		26
1555		26
1556		24
1557		16
1558		21
1559		17
1560		17
1561		17
1562		13
1563		17
1564		20
1565		22
1566		27
1567		15
1568		17
1569		12
1570		14
1571		18
1572		10
1573		22
1574		17
1575		12
1576		17
1577		12
1578		19
1579		23
1580		10
1581		23
1582		18
1583		21
1584		10
1585		15
1586		26
1587		12
1588		20
1589		24
1590		18
1591		18
1592		7
1593		17
1594		9
1595		13
1596		11
1597		12
1598		15
1599		10
1600		10
1601		21
1602		13
1603		24
1604		15
1605		15
1606		19
1607		24
1608		18
1609		29
1610		13
1611		18
1612		20
1613		16
1614		28
1615		18
1616		14
1617		10
1618		17
1619		7
1620		25
1621		18
1622		11
1623		17
1624		20
1625		15
1626		21
1627		24
1628		12
1629		19
1630		18
1631		16
1632		16
1633		18
1634		14
1635		15
1636		17
1637		9
1638		17
1639		24
1640		15
1641		14
1642		11
1643		14
1644		15
1645		22
1646		12
1647		14
1648		19
1649		12
1650		7
1651		18
1652		17
1653		20
1654		20
1655		18
1656		18
1657		14
1658		8
1659		17
1660		17
1661		25
1662		14
1663		21
1664		10
1665		17
1666		12
1667		16
1668		17
1669		11
1670		16
1671		11
1672		8
1673		9
1674		15
1675		14
1676		23
1677		18
1678		18
1679		14
1680		10
1681		14
1682		17
1683		16
1684		16
1685		15
1686		14
1687		11
1688		14
1689		9
1690		20
1691		21
1692		17
1693		12
1694		6
1695		14
1696		21
1697		17
1698		16
1699		17
1700		15
1701		14
1702		16
1703		26
1704		20
1705		11
1706		14
1707		11
1708		18
1709		17
1710		7
1711		10
1712		17
1713		19
1714		10
1715		16
1716		15
1717		13
1718		19
1719		24
1720		23
1721		18
1722		17
1723		16
1724		15
1725		15
1726		10
1727		20
1728		17
1729		13
1730		13
1731		16
1732		14
1733		17
1734		18
1735		22
1736		19
1737		16
1738		23
1739		21
1740		14
1741		20
1742		14
1743		14
1744		10
1745		16
1746		17
1747		16
1748		10
1749		15
1750		20
1751		13
1752		15
1753		19
1754		11
1755		17
1756		13
1757		14
1758		15
1759		18
1760		16
1761		16
1762		16
1763		13
1764		21
1765		15
1766		25
1767		13
1768		24
1769		20
1770		19
1771		7
1772		16
1773		10
1774		10
1775		15
1776		20
1777		15
1778		13
1779		13
1780		21
1781		22
1782		11
1783		17
1784		12
1785		16
1786		16
1787		10
1788		21
1789		15
1790		10
1791		14
1792		10
1793		17
1794		12
1795		20
1796		17
1797		18
1798		15
1799		10
1800		8
1801		13
1802		13
1803		10
1804		24
1805		9
1806		12
1807		11
1808		13
1809		21
1810		16
1811		13
1812		10
1813		13
1814		13
1815		19
1816		15
1817		11
1818		15
1819		13
1820		13
1821		13
1822		17
1823		11
1824		13
1825		10
1826		10
1827		12
1828		13
1829		12
1830		14
1831		14
1832		11
1833		15
1834		21
1835		12
1836		8
1837		11
1838		10
1839		15
1840		14
1841		14
1842		13
1843		11
1844		19
1845		14
1846		15
1847		8
1848		15
1849		10
1850		15
1851		20
1852		10
1853		10
1854		17
1855		11
1856		14
1857		15
1858		13
1859		11
1860		17
1861		12
1862		10
1863		15
1864		15
1865		13
1866		15
1867		8
1868		12
1869		17
1870		11
1871		12
1872		18
1873		11
1874		15
1875		9
1876		14
1877		7
1878		12
1879		13
1880		18
1881		23
1882		10
1883		13
1884		13
1885		8
1886		14
1887		8
1888		14
1889		12
1890		11
1891		12
1892		17
1893		11
1894		13
1895		13
1896		14
1897		12
1898		12
1899		10
1900		12
1901		10
1902		11
1903		13
1904		15
1905		10
1906		20
1907		12
1908		10
1909		18
1910		7
1911		14
1912		18
1913		9
1914		11
1915		3
1916		11
1917		14
1918		14
1919		19
1920		9
1921		19
1922		17
1923		9
1924		13
1925		16
1926		7
1927		15
1928		9
1929		15
1930		11
1931		19
1932		22
1933		11
1934		8
1935		15
1936		10
1937		16
1938		8
1939		13
1940		7
1941		15
1942		12
1943		11
1944		10
1945		12
1946		13
1947		14
1948		12
1949		13
1950		11
1951		11
1952		11
1953		11
1954		11
1955		10
1956		17
1957		8
1958		20
1959		7
1960		20
1961		8
1962		10
1963		8
1964		7
1965		13
1966		13
1967		18
1968		14
1969		17
1970		14
1971		13
1972		13
1973		16
1974		8
1975		12
1976		6
1977		8
1978		6
1979		11
1980		20
1981		14
1982		10
1983		11
1984		13
1985		8
1986		13
1987		19
1988		12
1989		11
1990		8
1991		7
1992		9
1993		13
1994		13
1995		14
1996		8
1997		17
1998		12
1999		11
2000		15
2001		7
2002		10
2003		10
2004		18
2005		19
2006		15
2007		8
2008		15
2009		16
2010		13
2011		15
2012		8
2013		7
2014		9
2015		12
2016		5
2017		11
2018		13
2019		12
2020		14
2021		8
2022		13
2023		13
2024		8
2025		12
2026		11
2027		12
2028		13
2029		11
2030		8
2031		6
2032		11
2033		12
2034		13
2035		15
2036		13
2037		15
2038		16
2039		14
2040		11
2041		9
2042		18
2043		13
2044		8
2045		14
2046		11
2047		17
2048		9
2049		6
2050		8
2051		8
2052		7
2053		14
2054		11
2055		10
2056		7
2057		15
2058		10
2059		18
2060		8
2061		14
2062		13
2063		15
2064		14
2065		14
2066		10
2067		9
2068		7
2069		9
2070		9
2071		8
2072		13
2073		10
2074		11
2075		7
2076		16
2077		11
2078		17
2079		9
2080		11
2081		6
2082		11
2083		10
2084		6
2085		8
2086		8
2087		14
2088		8
2089		11
2090		2
2091		17
2092		10
2093		10
2094		8
2095		13
2096		22
2097		13
2098		9
2099		13
2100		8
2101		9
2102		10
2103		11
2104		9
2105		13
2106		7
2107		9
2108		10
2109		14
2110		12
2111		6
2112		11
2113		8
2114		8
2115		12
2116		12
2117		9
2118		15
2119		10
2120		11
2121		15
2122		10
2123		12
2124		10
2125		9
2126		15
2127		9
2128		11
2129		14
2130		16
2131		12
2132		12
2133		8
2134		11
2135		12
2136		11
2137		11
2138		13
2139		10
2140		13
2141		10
2142		7
2143		4
2144		8
2145		8
2146		10
2147		7
2148		13
2149		15
2150		7
2151		7
2152		6
2153		15
2154		6
2155		14
2156		7
2157		14
2158		14
2159		11
2160		15
2161		7
2162		9
2163		10
2164		7
2165		6
2166		6
2167		9
2168		9
2169		10
2170		14
2171		14
2172		12
2173		6
2174		9
2175		13
2176		9
2177		12
2178		11
2179		11
2180		8
2181		8
2182		16
2183		12
2184		8
2185		10
2186		10
2187		13
2188		6
2189		12
2190		6
2191		9
2192		8
2193		10
2194		18
2195		10
2196		11
2197		10
2198		14
2199		11
2200		10
2201		8
2202		8
2203		10
2204		7
2205		9
2206		5
2207		8
2208		6
2209		9
2210		9
2211		10
2212		8
2213		8
2214		10
2215		9
2216		15
2217		7
2218		12
2219		12
2220		12
2221		8
2222		12
2223		13
2224		14
2225		2
2226		12
2227		11
2228		10
2229		8
2230		11
2231		10
2232		12
2233		5
2234		11
2235		13
2236		11
2237		8
2238		12
2239		9
2240		14
2241		12
2242		10
2243		11
2244		8
2245		13
2246		9
2247		5
2248		9
2249		12
2250		8
2251		12
2252		11
2253		7
2254		9
2255		10
2256		11
2257		11
2258		12
2259		15
2260		7
2261		11
2262		5
2263		7
2264		10
2265		7
2266		7
2267		5
2268		4
2269		17
2270		9
2271		8
2272		13
2273		5
2274		8
2275		13
2276		15
2277		11
2278		11
2279		4
2280		8
2281		4
2282		8
2283		7
2284		9
2285		4
2286		8
2287		7
2288		11
2289		11
2290		5
2291		6
2292		9
2293		8
2294		11
2295		12
2296		8
2297		10
2298		8
2299		9
2300		11
2301		10
2302		16
2303		10
2304		14
2305		5
2306		8
2307		6
2308		11
2309		9
2310		14
2311		6
2312		8
2313		9
2314		3
2315		15
2316		8
2317		14
2318		8
2319		14
2320		7
2321		11
2322		9
2323		7
2324		11
2325		12
2326		10
2327		13
2328		10
2329		9
2330		13
2331		13
2332		2
2333		16
2334		12
2335		6
2336		11
2337		10
2338		11
2339		8
2340		11
2341		10
2342		8
2343		14
2344		4
2345		6
2346		10
2347		11
2348		4
2349		4
2350		14
2351		9
2352		7
2353		7
2354		6
2355		12
2356		6
2357		7
2358		13
2359		4
2360		6
2361		10
2362		8
2363		3
2364		7
2365		6
2366		11
2367		8
2368		14
2369		9
2370		8
2371		10
2372		12
2373		10
2374		9
2375		6
2376		17
2377		8
2378		11
2379		13
2380		14
2381		9
2382		3
2383		13
2384		5
2385		14
2386		7
2387		6
2388		10
2389		11
2390		15
2391		11
2392		5
2393		8
2394		6
2395		8
2396		11
2397		11
2398		7
2399		10
2400		10
2401		6
2402		7
2403		11
2404		8
2405		11
2406		10
2407		8
2408		8
2409		7
2410		5
2411		10
2412		8
2413		11
2414		4
2415		5
2416		8
2417		8
2418		10
2419		7
2420		8
2421		9
2422		9
2423		3
2424		16
2425		12
2426		9
2427		7
2428		12
2429		13
2430		10
2431		6
2432		8
2433		13
2434		7
2435		5
2436		12
2437		7
2438		13
2439		10
2440		9
2441		10
2442		2
2443		11
2444		4
2445		7
2446		4
2447		9
2448		14
2449		3
2450		12
2451		10
2452		14
2453		13
2454		10
2455		7
2456		6
2457		4
2458		12
2459		6
2460		12
2461		11
2462		6
2463		10
2464		4
2465		10
2466		9
2467		7
2468		11
2469		14
2470		8
2471		8
2472		12
2473		12
2474		11
2475		10
2476		8
2477		7
2478		12
2479		4
2480		11
2481		9
2482		11
2483		10
2484		8
2485		13
2486		9
2487		12
2488		12
2489		7
2490		9
2491		9
2492		10
2493		4
2494		5
2495		10
2496		11
2497		11
2498		7
2499		6
2500		8
2501		7
2502		8
2503		13
2504		11
2505		10
2506		10
2507		7
2508		12
2509		4
2510		17
2511		7
2512		9
2513		13
2514		10
2515		7
2516		11
2517		7
2518		4
2519		6
2520		9
2521		10
2522		5
2523		7
2524		6
2525		4
2526		7
2527		9
2528		8
2529		7
2530		10
2531		5
2532		10
2533		17
2534		13
2535		6
2536		9
2537		12
2538		4
2539		5
2540		13
2541		10
2542		5
2543		7
2544		12
2545		14
2546		9
2547		7
2548		5
2549		8
2550		12
2551		10
2552		8
2553		6
2554		8
2555		4
2556		7
2557		11
2558		9
2559		9
2560		4
2561		7
2562		8
2563		6
2564		4
2565		7
2566		10
2567		7
2568		3
2569		10
2570		8
2571		5
2572		7
2573		10
2574		9
2575		3
2576		7
2577		6
2578		6
2579		13
2580		10
2581		10
2582		7
2583		8
2584		13
2585		10
2586		15
2587		5
2588		7
2589		8
2590		9
2591		6
2592		4
2593		8
2594		7
2595		6
2596		11
2597		5
2598		5
2599		8
2600		7
2601		7
2602		10
2603		12
2604		8
2605		12
2606		4
2607		9
2608		3
2609		9
2610		15
2611		6
2612		9
2613		8
2614		9
2615		8
2616		6
2617		15
2618		13
2619		8
2620		5
2621		7
2622		7
2623		5
2624		12
2625		8
2626		8
2627		6
2628		12
2629		8
2630		10
2631		7
2632		10
2633		7
2634		11
2635		5
2636		4
2637		10
2638		6
2639		5
2640		16
2641		3
2642		6
2643		9
2644		8
2645		6
2646		8
2647		6
2648		10
2649		6
2650		7
2651		9
2652		6
2653		11
2654		6
2655		8
2656		7
2657		4
2658		6
2659		5
2660		8
2661		3
2662		3
2663		8
2664		6
2665		8
2666		10
2667		11
2668		8
2669		5
2670		8
2671		5
2672		10
2673		8
2674		3
2675		5
2676		8
2677		5
2678		14
2679		3
2680		3
2681		3
2682		7
2683		12
2684		8
2685		9
2686		5
2687		3
2688		8
2689		9
2690		5
2691		8
2692		6
2693		8
2694		7
2695		8
2696		10
2697		11
2698		8
2699		5
2700		10
2701		8
2702		6
2703		5
2704		7
2705		6
2706		8
2707		4
2708		8
2709		10
2710		6
2711		10
2712		8
2713		8
2714		7
2715		9
2716		4
2717		5
2718		8
2719		9
2720		7
2721		6
2722		9
2723		4
2724		4
2725		7
2726		9
2727		5
2728		8
2729		9
2730		6
2731		7
2732		7
2733		4
2734		2
2735		8
2736		4
2737		6
2738		5
2739		7
2740		9
2741		4
2742		6
2743		12
2744		11
2745		4
2746		7
2747		10
2748		8
2749		4
2750		12
2751		10
2752		8
2753		9
2754		8
2755		14
2756		11
2757		3
2758		9
2759		6
2760		3
2761		5
2762		10
2763		4
2764		8
2765		4
2766		8
2767		5
2768		8
2769		7
2770		6
2771		7
2772		10
2773		6
2774		7
2775		3
2776		8
2777		10
2778		5
2779		10
2780		7
2781		9
2782		10
2783		8
2784		8
2785		10
2786		8
2787		8
2788		8
2789		9
2790		10
2791		7
2792		2
2793		5
2794		5
2795		8
2796		7
2797		6
2798		6
2799		11
2800		9
2801		8
2802		6
2803		1
2804		8
2805		4
2806		5
2807		6
2808		9
2809		7
2810		8
2811		8
2812		8
2813		8
2814		6
2815		8
2816		8
2817		2
2818		5
2819		3
2820		1
2821		5
2822		12
2823		6
2824		12
2825		8
2826		8
2827		5
2828		9
2829		12
2830		7
2831		9
2832		9
2833		3
2834		5
2835		6
2836		4
2837		2
2838		4
2839		9
2840		5
2841		7
2842		6
2843		6
2844		4
2845		7
2846		7
2847		8
2848		7
2849		11
2850		6
2851		13
2852		5
2853		7
2854		5
2855		8
2856		5
2857		7
2858		4
2859		6
2860		6
2861		9
2862		6
2863		6
2864		5
2865		10
2866		10
2867		5
2868		4
2869		3
2870		7
2871		6
2872		1
2873		7
2874		7
2875		7
2876		9
2877		10
2878		9
2879		7
2880		4
2881		4
2882		11
2883		3
2884		4
2885		4
2886		10
2887		8
2888		10
2889		9
2890		9
2891		3
2892		5
2893		4
2894		3
2895		5
2896		6
2897		11
2898		5
2899		8
2900		8
2901		10
2902		12
2903		8
2904		3
2905		8
2906		8
2907		3
2908		9
2909		11
2910		7
2911		3
2912		4
2913		2
2914		10
2915		6
2916		6
2917		2
2918		9
2919		5
2920		3
2921		6
2922		6
2923		5
2924		3
2925		7
2926		9
2927		4
2928		5
2929		7
2930		4
2931		6
2932		8
2933		7
2934		8
2935		8
2936		9
2937		4
2938		7
2939		3
2940		4
2941		7
2942		9
2943		3
2944		3
2945		4
2946		4
2947		5
2948		7
2949		10
2950		5
2951		2
2952		6
2953		8
2954		8
2955		7
2956		10
2957		7
2958		7
2959		4
2960		5
2961		2
2962		5
2963		3
2964		7
2965		10
2966		6
2967		7
2968		7
2969		4
2970		5
2971		1
2972		8
2973		4
2974		8
2975		6
2976		2
2977		5
2978		3
2979		6
2980		10
2981		8
2982		7
2983		5
2984		6
2985		7
2986		8
2987		5
2988		8
2989		2
2990		9
2991		4
2992		1
2993		1
2994		8
2995		7
2996		4
2997		6
2998		11
2999		9
3000		6
3001		6
3002		4
3003		8
3004		5
3005		10
3006		6
3007		5
3008		5
3009		7
3010		6
3011		4
3012		5
3013		3
3014		8
3015		5
3016		6
3017		3
3018		8
3019		6
3020		4
3021		5
3022		6
3023		10
3024		3
3025		6
3026		8
3027		2
3028		5
3029		3
3030		6
3031		8
3032		5
3033		5
3034		4
3035		5
3036		5
3037		10
3038		4
3039		4
3040		10
3041		8
3042		7
3043		3
3044		5
3045		8
3046		6
3047		4
3048		5
3049		4
3050		2
3051		10
3052		5
3053		7
3054		8
3055		6
3056		5
3057		7
3058		3
3059		5
3060		4
3061		4
3062		9
3063		3
3064		7
3065		8
3066		7
3067		7
3068		4
3069		5
3070		5
3071		5
3072		3
3073		7
3074		8
3075		1
3076		6
3077		6
3078		11
3079		9
3080		10
3081		6
3082		3
3083		12
3084		8
3085		2
3086		7
3087		12
3088		7
3089		5
3090		5
3091		3
3092		5
3093		6
3094		7
3095		4
3096		3
3097		1
3098		6
3099		6
3100		6
3101		6
3102		4
3103		8
3104		11
3105		5
3106		3
3107		4
3108		3
3109		3
3110		11
3111		8
3112		7
3113		13
3114		6
3115		6
3116		5
3117		8
3118		4
3119		12
3120		6
3121		5
3122		9
3123		6
3124		6
3125		10
3126		9
3127		8
3128		7
3129		3
3130		3
3131		3
3132		5
3133		2
3134		7
3135		8
3136		4
3137		4
3138		6
3139		5
3140		3
3141		10
3142		4
3143		3
3144		4
3145		1
3146		8
3147		13
3148		8
3149		7
3150		7
3151		6
3152		8
3153		1
3154		6
3155		7
3156		9
3157		8
3158		4
3159		6
3160		3
3161		6
3162		5
3163		5
3164		7
3165		2
3166		4
3167		3
3168		4
3169		6
3170		8
3171		3
3172		6
3173		4
3174		8
3175		4
3176		5
3177		7
3178		4
3179		5
3180		4
3181		5
3182		4
3183		5
3184		6
3185		5
3186		6
3187		4
3188		8
3189		3
3190		2
3191		6
3192		10
3193		4
3194		7
3195		7
3196		4
3197		7
3198		6
3199		6
3200		5
3201		4
3202		5
3203		5
3204		6
3205		11
3206		7
3207		3
3208		5
3209		7
3210		9
3211		3
3212		5
3213		7
3214		7
3215		7
3216		12
3217		3
3218		8
3219		6
3220		6
3221		6
3222		4
3223		3
3224		2
3225		8
3226		9
3227		7
3228		4
3229		5
3230		9
3231		6
3232		3
3233		5
3234		2
3235		5
3236		5
3237		6
3238		6
3239		11
3240		3
3241		6
3242		2
3243		8
3244		3
3245		6
3246		4
3247		4
3248		4
3249		2
3250		5
3251		3
3252		5
3253		13
3254		9
3255		3
3256		6
3258		4
3259		8
3260		5
3261		2
3262		4
3263		8
3264		6
3265		2
3266		1
3267		4
3268		6
3269		8
3270		4
3271		9
3272		2
3273		10
3274		8
3275		4
3276		3
3277		9
3278		7
3279		7
3280		8
3281		1
3282		3
3283		6
3284		4
3285		7
3286		7
3287		3
3288		5
3289		4
3290		7
3291		2
3292		6
3293		2
3294		3
3295		5
3296		6
3297		4
3298		1
3299		1
3300		10
3301		6
3302		3
3303		2
3304		6
3305		3
3306		3
3307		2
3308		6
3309		7
3311		3
3312		7
3313		6
3314		1
3315		2
3316		8
3317		5
3318		2
3319		11
3320		3
3321		5
3322		7
3323		5
3324		4
3325		4
3326		3
3327		2
3328		9
3329		5
3330		3
3331		4
3332		4
3333		2
3334		10
3335		8
3336		2
3337		1
3338		3
3339		10
3340		6
3341		7
3342		6
3343		7
3344		5
3345		6
3346		6
3347		5
3348		6
3349		5
3350		3
3351		7
3352		7
3353		4
3354		7
3355		2
3356		2
3357		3
3358		3
3359		3
3360		5
3361		6
3362		3
3363		9
3364		3
3365		3
3366		4
3367		4
3368		2
3369		3
3370		7
3371		5
3372		2
3373		5
3374		4
3375		3
3376		5
3377		4
3378		5
3379		4
3380		2
3381		4
3382		4
3383		4
3384		3
3385		8
3386		5
3387		1
3388		7
3389		3
3390		6
3391		7
3392		3
3393		4
3394		4
3395		6
3396		5
3397		7
3398		3
3399		5
3400		5
3401		1
3402		7
3403		8
3404		3
3405		6
3406		8
3407		4
3408		7
3409		7
3410		7
3411		5
3412		3
3413		4
3414		6
3415		3
3416		5
3417		5
3418		1
3419		6
3420		7
3421		6
3422		7
3423		3
3424		2
3425		2
3426		9
3427		5
3428		3
3429		6
3430		7
3431		9
3432		11
3433		6
3434		7
3435		1
3436		2
3437		3
3438		3
3439		4
3440		4
3441		4
3442		3
3443		3
3444		6
3445		1
3446		6
3448		3
3449		5
3450		3
3451		2
3452		3
3453		7
3454		3
3455		6
3456		5
3457		4
3458		3
3459		7
3460		8
3461		9
3462		5
3463		3
3464		3
3465		5
3466		5
3467		3
3468		6
3469		6
3470		3
3471		5
3472		6
3473		1
3474		6
3475		3
3476		7
3477		3
3478		4
3479		6
3480		3
3481		4
3482		4
3483		4
3484		3
3485		5
3486		2
3487		4
3488		5
3489		6
3490		6
3491		4
3492		4
3493		3
3494		5
3495		6
3496		12
3497		5
3498		5
3499		6
3500		4
3501		2
3502		1
3503		5
3504		4
3505		1
3506		6
3507		4
3508		8
3509		5
3510		3
3511		3
3512		9
3513		1
3514		5
3515		5
3516		3
3517		4
3518		13
3519		4
3520		6
3521		8
3522		9
3523		7
3524		3
3525		3
3526		6
3527		9
3528		3
3529		3
3530		3
3531		3
3532		4
3533		7
3534		7
3535		7
3536		5
3537		2
3538		5
3539		4
3540		6
3541		2
3542		6
3543		2
3544		4
3545		8
3546		5
3547		7
3548		2
3549		4
3550		6
3551		3
3552		1
3553		4
3554		7
3555		2
3556		2
3557		7
3558		1
3559		6
3560		3
3561		5
3562		4
3563		4
3564		3
3565		1
3566		2
3567		5
3568		4
3569		5
3570		4
3571		1
3572		6
3573		3
3574		3
3575		3
3576		4
3577		9
3578		5
3579		4
3580		5
3581		10
3582		3
3583		1
3584		2
3585		2
3586		3
3587		5
3588		4
3589		2
3590		5
3591		7
3592		1
3593		4
3594		5
3595		2
3596		2
3597		5
3598		2
3599		1
3600		2
3601		3
3602		6
3603		4
3604		5
3605		3
3606		7
3607		6
3608		10
3609		3
3610		3
3611		5
3612		4
3613		2
3614		5
3615		6
3616		9
3617		5
3618		5
3619		8
3620		4
3621		3
3622		5
3623		2
3624		5
3625		1
3626		7
3627		6
3628		6
3629		5
3630		4
3631		7
3632		1
3633		8
3634		4
3635		3
3636		3
3637		2
3638		7
3639		4
3640		10
3641		8
3642		2
3643		4
3644		6
3645		2
3646		4
3647		3
3648		6
3649		4
3650		7
3651		5
3652		1
3653		3
3654		4
3655		4
3656		1
3657		7
3658		6
3659		5
3660		2
3661		3
3662		6
3663		5
3664		6
3665		2
3666		2
3667		6
3668		4
3669		8
3670		3
3671		6
3672		3
3673		1
3674		3
3675		3
3676		2
3677		7
3678		5
3679		2
3680		6
3681		6
3682		2
3683		7
3684		7
3685		4
3686		4
3687		2
3688		4
3689		6
3690		3
3691		6
3692		2
3693		5
3694		10
3695		6
3696		6
3697		6
3698		4
3699		4
3700		5
3701		3
3702		3
3703		8
3704		2
3705		2
3706		3
3707		5
3708		8
3709		3
3710		3
3711		4
3712		1
3713		2
3714		3
3715		4
3716		5
3717		4
3718		2
3719		6
3720		4
3721		5
3722		6
3723		3
3724		2
3725		2
3726		4
3727		3
3728		2
3729		6
3730		5
3731		1
3732		2
3733		4
3734		3
3735		2
3736		4
3737		3
3738		6
3739		5
3740		4
3741		6
3742		2
3743		3
3745		6
3746		1
3747		6
3748		2
3749		4
3750		7
3751		3
3752		3
3753		8
3754		4
3755		3
3756		3
3757		2
3758		2
3759		2
3760		6
3761		2
3762		7
3763		3
3764		2
3765		5
3766		3
3767		5
3768		6
3769		2
3770		6
3771		3
3772		8
3773		3
3774		3
3775		3
3776		3
3777		2
3778		4
3779		6
3780		3
3781		4
3782		2
3783		6
3784		5
3785		3
3787		2
3788		7
3789		4
3790		4
3791		4
3792		3
3793		1
3794		2
3795		9
3796		4
3797		6
3798		3
3799		2
3800		4
3801		3
3802		2
3803		4
3804		5
3805		4
3806		5
3807		2
3808		2
3809		4
3810		2
3811		2
3812		6
3813		3
3816		4
3817		4
3818		8
3819		5
3820		1
3821		4
3822		2
3823		2
3824		3
3825		4
3826		1
3827		3
3829		3
3830		3
3831		2
3832		8
3833		3
3834		1
3835		3
3836		5
3837		5
3838		2
3839		4
3840		2
3841		4
3842		1
3843		1
3844		4
3845		3
3846		5
3847		3
3848		3
3849		2
3850		5
3851		4
3852		4
3854		3
3855		7
3856		1
3857		3
3858		5
3859		7
3860		6
3861		1
3862		5
3863		4
3864		6
3865		5
3866		3
3867		5
3868		4
3869		2
3870		5
3871		4
3872		3
3873		7
3874		2
3875		1
3876		3
3877		7
3878		7
3879		5
3880		3
3881		4
3882		7
3883		3
3884		7
3885		3
3886		4
3887		3
3888		2
3889		4
3890		4
3891		2
3892		6
3893		3
3894		2
3895		4
3896		4
3897		1
3898		4
3899		3
3900		1
3901		2
3902		5
3903		5
3904		4
3905		3
3906		5
3907		3
3908		5
3909		4
3910		3
3911		5
3912		4
3913		1
3914		3
3915		4
3916		2
3917		4
3918		2
3919		3
3920		7
3921		3
3922		6
3923		4
3924		2
3925		4
3926		3
3927		1
3928		6
3929		2
3930		3
3931		1
3932		6
3933		4
3934		4
3935		4
3936		4
3938		5
3939		5
3940		5
3941		5
3942		7
3943		3
3944		4
3945		3
3946		6
3947		4
3948		4
3949		3
3950		6
3951		3
3952		5
3953		1
3954		2
3955		3
3956		2
3957		1
3958		2
3959		2
3960		2
3961		4
3962		5
3963		2
3964		3
3965		5
3966		5
3967		5
3968		1
3969		5
3970		3
3971		4
3972		2
3973		3
3974		3
3976		1
3977		7
3978		4
3979		2
3980		4
3981		5
3982		3
3983		4
3984		4
3985		4
3986		1
3987		2
3988		2
3989		3
3990		3
3991		3
3992		6
3993		2
3994		2
3995		6
3996		5
3997		1
3998		3
3999		1
4000		3
4001		4
4002		2
4003		5
4004		5
4005		3
4006		2
4007		2
4008		1
4009		6
4010		3
4011		3
4012		2
4013		2
4014		4
4015		5
4016		4
4017		4
4018		1
4019		1
4020		3
4021		1
4022		5
4023		2
4024		5
4025		4
4026		3
4027		3
4028		2
4031		4
4032		2
4033		4
4034		4
4035		5
4036		4
4037		3
4038		1
4039		3
4040		3
4041		4
4042		7
4043		3
4044		2
4045		2
4046		3
4047		6
4048		1
4049		1
4050		6
4051		5
4052		6
4053		4
4054		6
4055		3
4056		2
4057		8
4058		3
4059		1
4060		4
4061		2
4062		1
4063		3
4064		3
4065		3
4066		2
4067		2
4068		5
4069		3
4070		2
4071		4
4072		4
4073		3
4074		3
4076		2
4077		4
4078		1
4079		2
4080		2
4081		1
4082		4
4083		2
4084		3
4085		7
4086		3
4087		1
4088		3
4089		2
4090		4
4091		2
4092		3
4094		5
4095		3
4096		4
4097		6
4098		2
4099		3
4100		2
4101		1
4102		1
4103		1
4104		1
4105		2
4106		2
4107		1
4108		3
4109		1
4110		4
4111		3
4112		2
4113		5
4114		3
4115		2
4116		4
4117		4
4118		2
4119		2
4120		2
4121		4
4122		1
4123		5
4124		3
4125		5
4126		3
4127		3
4128		5
4129		1
4130		7
4131		2
4132		2
4133		3
4134		5
4135		2
4136		3
4137		4
4138		7
4139		1
4140		2
4141		3
4143		1
4144		5
4145		5
4146		4
4147		2
4148		2
4149		2
4150		3
4151		1
4152		4
4153		6
4154		2
4155		3
4156		3
4157		3
4158		3
4159		5
4160		3
4161		3
4162		4
4163		1
4164		4
4165		3
4166		4
4167		5
4168		1
4169		2
4170		1
4171		2
4172		3
4173		5
4174		2
4177		3
4178		3
4179		1
4180		4
4181		1
4182		2
4183		5
4184		2
4185		4
4186		3
4187		1
4188		3
4189		3
4190		4
4191		7
4192		4
4193		1
4194		2
4195		3
4196		2
4197		2
4198		3
4199		8
4200		6
4201		3
4202		2
4203		2
4204		2
4205		4
4206		1
4207		6
4208		1
4209		1
4210		1
4211		1
4212		3
4213		9
4214		1
4215		2
4216		3
4218		1
4219		3
4220		2
4221		6
4222		5
4223		9
4224		1
4225		2
4227		5
4228		2
4229		3
4230		5
4231		6
4232		1
4233		3
4234		4
4235		1
4236		2
4237		3
4238		3
4239		2
4240		1
4241		2
4242		4
4243		5
4244		3
4246		1
4247		3
4248		3
4249		1
4250		7
4251		3
4252		5
4253		3
4254		7
4255		2
4256		3
4257		2
4258		4
4259		1
4260		3
4261		2
4262		5
4263		3
4264		3
4265		1
4266		2
4267		3
4268		3
4269		1
4271		6
4272		6
4273		1
4274		2
4275		3
4276		3
4278		3
4279		4
4280		3
4281		5
4282		2
4283		1
4284		5
4286		3
4287		2
4288		4
4289		4
4290		4
4291		1
4293		1
4294		1
4295		3
4296		3
4297		5
4299		4
4300		3
4301		3
4302		1
4303		6
4304		3
4306		5
4307		1
4308		3
4309		6
4310		4
4311		2
4312		1
4313		4
4314		3
4315		3
4316		2
4317		3
4318		2
4319		4
4320		3
4321		1
4322		1
4323		4
4324		2
4325		2
4326		6
4327		1
4328		5
4329		1
4330		4
4331		1
4332		1
4333		3
4334		2
4335		3
4336		5
4337		1
4338		2
4339		6
4340		2
4341		4
4343		3
4345		1
4346		2
4347		2
4348		4
4349		3
4350		3
4352		2
4353		3
4354		2
4355		5
4356		4
4357		1
4358		1
4359		2
4360		2
4361		3
4362		4
4363		2
4364		5
4365		3
4366		3
4367		3
4368		5
4369		4
4370		3
4371		4
4372		5
4373		2
4375		4
4377		6
4378		1
4379		2
4381		4
4383		5
4384		1
4385		4
4386		3
4387		2
4388		3
4389		1
4390		1
4391		7
4392		1
4393		2
4394		6
4395		4
4396		1
4398		4
4399		5
4400		2
4401		2
4402		2
4403		2
4404		4
4405		3
4406		3
4407		2
4409		3
4410		1
4411		2
4412		3
4413		1
4414		2
4416		1
4417		1
4418		2
4419		4
4421		1
4422		2
4423		1
4424		4
4425		5
4426		4
4427		1
4428		4
4429		1
4430		1
4431		1
4432		3
4433		3
4434		1
4435		1
4436		3
4437		3
4439		1
4440		5
4441		1
4442		1
4443		2
4444		3
4445		1
4446		1
4447		3
4448		3
4449		2
4450		1
4451		3
4452		4
4453		2
4454		1
4455		2
4456		4
4457		3
4458		2
4459		2
4460		4
4461		1
4462		3
4463		4
4465		1
4466		3
4467		2
4468		4
4469		3
4470		3
4471		4
4472		3
4473		3
4474		1
4475		4
4476		1
4477		2
4478		2
4479		2
4480		4
4481		5
4482		7
4483		3
4484		4
4485		1
4488		1
4489		5
4490		1
4491		3
4492		1
4493		2
4494		2
4495		5
4496		2
4497		1
4498		2
4499		3
4500		1
4501		5
4502		1
4503		1
4504		1
4505		3
4506		2
4507		1
4508		2
4509		4
4510		1
4511		2
4512		4
4513		3
4514		2
4515		3
4516		2
4517		2
4518		1
4519		5
4520		1
4521		3
4522		3
4523		1
4524		2
4525		2
4526		4
4527		4
4528		2
4529		1
4530		1
4531		2
4532		3
4533		1
4534		2
4535		1
4536		3
4537		1
4538		1
4539		4
4540		2
4541		2
4542		3
4543		1
4544		2
4545		1
4546		2
4547		2
4548		3
4549		2
4550		2
4551		3
4552		1
4553		2
4554		1
4555		3
4556		3
4557		1
4558		1
4559		1
4560		2
4562		2
4563		5
4564		3
4565		1
4567		2
4569		2
4570		1
4571		2
4572		2
4573		1
4574		3
4575		1
4576		3
4577		1
4578		3
4580		1
4581		3
4582		2
4583		1
4584		1
4585		6
4586		1
4587		3
4588		5
4589		1
4591		2
4592		2
4594		1
4595		3
4596		3
4597		1
4600		1
4601		4
4602		2
4603		3
4604		2
4605		4
4606		4
4607		2
4608		1
4609		1
4610		7
4611		3
4612		2
4613		1
4614		1
4615		3
4616		2
4617		3
4618		1
4619		1
4620		2
4621		1
4623		1
4624		2
4625		1
4626		2
4628		2
4629		3
4630		5
4631		1
4632		2
4633		4
4634		6
4635		4
4636		2
4637		5
4638		2
4639		3
4641		1
4642		1
4643		5
4645		4
4646		1
4648		3
4649		2
4650		2
4651		3
4652		2
4653		1
4656		1
4658		1
4659		2
4660		1
4661		1
4662		4
4664		1
4665		2
4666		1
4667		2
4668		2
4669		4
4670		1
4671		1
4672		3
4673		3
4674		3
4675		1
4676		1
4677		3
4678		1
4679		1
4680		2
4683		1
4684		2
4685		2
4686		1
4688		5
4690		2
4691		3
4692		2
4694		1
4695		6
4696		2
4697		1
4698		3
4699		3
4700		2
4701		1
4702		3
4703		3
4704		1
4705		2
4706		2
4707		1
4708		2
4709		2
4710		2
4711		4
4712		5
4713		2
4714		3
4715		3
4716		2
4718		4
4719		3
4720		2
4722		1
4723		1
4726		1
4727		1
4728		1
4729		1
4730		2
4731		1
4732		3
4733		2
4734		3
4735		2
4736		3
4737		1
4738		1
4740		2
4741		3
4743		2
4744		3
4745		2
4746		1
4747		4
4749		2
4750		1
4752		2
4753		1
4754		1
4755		1
4757		3
4758		2
4760		2
4762		4
4763		1
4764		4
4765		3
4767		1
4768		5
4769		2
4770		3
4771		2
4773		1
4774		2
4775		1
4776		3
4778		2
4779		3
4780		1
4781		2
4782		2
4783		1
4784		2
4785		3
4786		1
4788		3
4789		2
4790		1
4791		1
4792		3
4793		2
4794		1
4795		1
4796		4
4797		3
4798		2
4799		1
4800		1
4803		1
4805		3
4806		2
4807		1
4808		3
4809		2
4810		3
4811		1
4812		2
4813		1
4816		3
4817		2
4818		1
4820		4
4821		4
4822		4
4823		1
4824		1
4825		1
4826		2
4827		4
4829		1
4830		1
4831		2
4832		3
4833		1
4834		2
4835		1
4837		3
4838		3
4839		4
4840		2
4841		3
4842		2
4843		1
4844		2
4847		2
4848		2
4849		2
4850		2
4852		1
4853		1
4854		2
4856		2
4857		1
4858		1
4860		3
4861		1
4862		1
4863		1
4864		2
4865		3
4866		1
4868		2
4869		1
4870		1
4871		1
4872		1
4873		1
4875		2
4876		2
4877		2
4878		1
4879		3
4880		3
4881		1
4882		3
4883		2
4884		4
4885		3
4886		1
4887		1
4888		2
4889		4
4890		1
4891		4
4892		1
4893		5
4894		2
4895		1
4896		2
4897		1
4898		1
4899		1
4900		4
4901		2
4902		4
4904		1
4905		2
4906		1
4907		2
4908		1
4909		1
4911		1
4913		2
4914		1
4915		1
4916		1
4917		3
4918		1
4919		1
4922		2
4923		2
4924		3
4925		4
4926		3
4927		1
4928		2
4929		2
4931		1
4932		3
4933		2
4934		2
4935		4
4936		1
4937		2
4938		3
4939		3
4940		1
4941		3
4942		2
4943		1
4944		3
4946		4
4947		2
4948		1
4949		2
4950		1
4951		1
4952		3
4953		2
4954		1
4955		1
4956		1
4957		2
4958		2
4960		2
4961		2
4962		1
4963		1
4964		2
4965		2
4966		3
4968		2
4969		1
4970		2
4972		3
4973		1
4974		3
4975		1
4976		2
4977		1
4978		1
4980		1
4981		1
4984		1
4985		2
4986		1
4987		1
4988		1
4989		1
4990		3
4991		3
4992		2
4994		3
4995		2
4996		1
4997		3
4998		1
4999		2
5001		2
5002		1
5003		2
5004		1
5006		3
5008		1
5009		2
5010		2
5012		1
5013		4
5015		3
5016		1
5019		4
5020		2
5021		2
5023		1
5024		1
5025		2
5027		1
5028		1
5029		1
5031		2
5032		2
5033		2
5034		4
5035		4
5036		2
5037		2
5038		3
5041		2
5042		1
5045		1
5046		1
5047		1
5048		3
5049		1
5051		1
5054		3
5055		3
5056		1
5057		2
5058		3
5059		2
5060		1
5061		2
5064		1
5065		1
5066		2
5067		2
5068		3
5069		2
5071		4
5072		3
5073		3
5074		2
5075		4
5076		3
5077		1
5078		1
5079		1
5080		1
5081		1
5082		1
5083		2
5087		1
5088		4
5089		2
5090		1
5091		3
5092		1
5093		2
5094		2
5096		1
5098		1
5099		1
5100		1
5103		1
5105		5
5106		2
5109		1
5110		3
5112		2
5113		1
5114		1
5115		2
5116		1
5117		1
5119		1
5120		1
5121		2
5122		1
5123		2
5124		1
5125		2
5128		1
5129		1
5130		2
5131		2
5132		1
5133		1
5134		1
5135		1
5136		3
5137		3
5138		3
5139		2
5140		1
5141		2
5142		1
5145		3
5146		1
5148		4
5149		1
5151		1
5152		1
5153		4
5154		2
5155		2
5156		1
5157		1
5158		1
5159		2
5161		1
5162		1
5163		2
5165		1
5169		2
5171		2
5172		5
5173		3
5175		4
5176		2
5177		1
5178		1
5179		1
5180		2
5181		1
5182		1
5183		1
5184		1
5187		1
5188		3
5191		1
5192		1
5196		2
5200		1
5202		1
5203		1
5204		1
5205		2
5206		4
5208		2
5209		1
5210		2
5211		1
5212		2
5213		2
5215		2
5216		1
5217		2
5218		2
5219		2
5220		2
5223		1
5224		1
5225		1
5226		3
5227		1
5230		2
5231		1
5233		2
5234		1
5237		1
5238		1
5241		1
5242		2
5243		2
5244		1
5245		1
5246		2
5247		1
5252		3
5254		2
5256		2
5259		4
5260		1
5263		2
5265		1
5266		1
5267		2
5268		1
5269		1
5271		1
5272		2
5274		3
5276		2
5277		1
5279		1
5280		2
5281		2
5283		3
5285		1
5286		1
5288		2
5290		1
5292		1
5293		1
5294		2
5298		1
5301		2
5302		2
5304		1
5305		2
5306		1
5308		1
5309		2
5310		3
5311		2
5312		1
5313		2
5314		1
5315		3
5317		1
5318		3
5320		1
5322		1
5324		1
5325		1
5326		1
5327		1
5328		1
5329		4
5333		2
5334		1
5335		1
5337		1
5338		1
5340		1
5341		1
5343		1
5344		1
5345		1
5346		1
5347		2
5348		1
5349		1
5350		2
5352		1
5353		2
5357		2
5358		2
5359		2
5360		3
5362		2
5363		2
5364		1
5365		1
5366		1
5367		1
5371		1
5372		3
5373		1
5375		3
5376		2
5378		2
5379		1
5382		1
5383		1
5384		1
5385		1
5387		1
5389		1
5391		1
5394		1
5396		2
5398		1
5400		3
5401		1
5402		1
5404		2
5407		3
5409		1
5410		3
5411		1
5413		1
5414		1
5415		1
5416		1
5417		3
5418		1
5419		2
5420		1
5421		1
5422		2
5423		1
5427		1
5429		1
5432		1
5433		2
5435		1
5436		1
5439		3
5440		1
5441		1
5443		1
5445		1
5446		3
5447		2
5448		1
5449		2
5451		2
5452		1
5453		1
5456		2
5458		2
5460		2
5463		1
5464		1
5465		2
5466		1
5467		2
5468		2
5471		3
5473		1
5477		2
5478		1
5479		2
5480		1
5481		1
5482		1
5484		1
5486		1
5489		2
5495		1
5496		1
5498		2
5499		1
5501		1
5502		2
5503		2
5507		2
5509		2
5510		1
5511		1
5512		1
5513		3
5514		2
5515		1
5516		2
5517		1
5518		1
5519		3
5520		2
5522		3
5523		1
5525		1
5528		1
5532		2
5533		2
5534		1
5538		2
5540		1
5542		2
5545		1
5546		1
5549		1
5552		1
5553		1
5555		1
5556		1
5558		1
5559		1
5560		2
5561		1
5562		1
5564		2
5565		1
5569		1
5573		1
5578		1
5585		1
5586		1
5591		1
5592		1
5593		3
5598		1
5601		1
5604		1
5608		1
5609		1
5611		1
5612		1
5613		1
5614		2
5616		1
5620		1
5621		1
5623		1
5627		1
5631		5
5633		2
5634		2
5635		1
5639		2
5641		1
5643		1
5644		2
5645		1
5646		1
5647		1
5651		1
5652		2
5654		1
5655		1
5659		2
5660		2
5661		1
5664		1
5669		1
5674		3
5675		2
5679		1
5686		3
5694		1
5695		1
5696		1
5697		1
5703		1
5707		1
5708		1
5711		2
5714		1
5715		1
5722		2
5727		2
5728		2
5732		1
5733		1
5737		1
5744		1
5747		1
5748		2
5750		1
5753		1
5756		2
5759		1
5760		3
5762		2
5769		1
5771		1
5773		1
5777		1
5778		1
5779		1
5785		1
5786		1
5787		2
5791		1
5796		1
5798		1
5801		1
5804		1
5807		1
5808		1
5813		2
5815		1
5818		1
5820		1
5821		1
5822		1
5827		1
5830		1
5831		1
5835		1
5836		1
5837		1
5844		2
5848		2
5854		2
5858		2
5859		1
5860		2
5861		1
5864		1
5866		1
5869		1
5870		1
5872		1
5873		1
5878		1
5880		1
5882		1
5887		1
5888		1
5891		1
5895		1
5897		1
5900		1
5906		1
5908		1
5913		1
5914		1
5915		2
5919		1
5925		3
5935		2
5940		1
5959		1
5960		1
5961		1
5964		1
5965		1
5969		1
5970		1
5973		1
5975		1
5980		2
5981		1
5985		1
5992		1
5993		1
5996		1
5997		2
6002		1
6004		1
6005		1
6008		1
6013		1
6019		1
6020		1
6023		1
6025		1
6029		2
6031		1
6032		1
6035		1
6042		2
6043		2
6045		2
6051		1
6052		1
6056		1
6066		1
6069		1
6075		1
6078		2
6079		1
6088		1
6089		1
6098		1
6103		1
6106		1
6108		2
6112		1
6117		1
6119		1
6122		1
6125		1
6132		1
6143		1
6151		1
6156		1
6161		1
6162		1
6163		1
6171		1
6182		1
6195		1
6196		1
6200		3
6201		2
6210		2
6224		1
6225		1
6251		1
6257		1
6258		1
6263		1
6270		1
6287		1
6290		1
6292		1
6308		1
6317		1
6330		1
6337		1
6345		1
6347		1
6353		1
6355		1
6356		1
6368		1
6371		1
6375		1
6380		1
6383		1
6386		1
6389		1
6406		1
6413		1
6439		1
6454		1
6469		1
6488		1
6494		1
6509		1
6512		1
6529		1
6534		1
6562		2
6563		1
6586		1
6588		1
6596		1
6607		1
6635		1
6650		1
6652		1
6662		1
6691		1
6695		1
6730		1
6815		1
6827		1
6847		1
6873		1
6922		1
7027		1
7143		1
7149		1
7487		1
