Tamaños		Cantidades
1		7827074
2		1634587
3		968822
4		623115
5		434520
6		316934
7		243830
8		194403
9		156687
10		131617
11		111166
12		94945
13		82362
14		71763
15		63678
16		56867
17		51124
18		46276
19		42037
20		38195
21		35083
22		31917
23		29682
24		27732
25		25466
26		23717
27		21802
28		20625
29		19332
30		17979
31		17220
32		16259
33		15613
34		14678
35		13979
36		13325
37		12663
38		11954
39		11416
40		10748
41		10416
42		9971
43		9758
44		9048
45		8777
46		8369
47		8044
48		7859
49		7643
50		7132
51		6984
52		6815
53		6515
54		6291
55		6167
56		5972
57		5586
58		5598
59		5384
60		5238
61		5194
62		4946
63		4796
64		4567
65		4598
66		4487
67		4371
68		4097
69		4177
70		3889
71		3721
72		3666
73		3672
74		3578
75		3501
76		3433
77		3329
78		3268
79		3201
80		3087
81		3068
82		2981
83		2972
84		2908
85		2774
86		2762
87		2834
88		2637
89		2603
90		2498
91		2434
92		2500
93		2397
94		2359
95		2309
96		2151
97		2153
98		2174
99		2145
100		2081
101		2054
102		2003
103		1963
104		2025
105		1850
106		1893
107		1819
108		1752
109		1773
110		1842
111		1674
112		1678
113		1677
114		1625
115		1678
116		1674
117		1610
118		1579
119		1556
120		1525
121		1513
122		1475
123		1431
124		1423
125		1397
126		1399
127		1337
128		1362
129		1362
130		1291
131		1291
132		1302
133		1246
134		1247
135		1195
136		1102
137		1155
138		1177
139		1124
140		1189
141		1107
142		1139
143		1128
144		1108
145		1058
146		1063
147		1066
148		1049
149		1078
150		993
151		1037
152		989
153		992
154		1012
155		929
156		978
157		987
158		938
159		900
160		870
161		957
162		835
163		897
164		869
165		880
166		877
167		871
168		798
169		785
170		851
171		836
172		824
173		786
174		761
175		734
176		728
177		724
178		761
179		758
180		743
181		697
182		765
183		754
184		700
185		692
186		719
187		688
188		713
189		712
190		691
191		714
192		668
193		685
194		610
195		646
196		618
197		579
198		586
199		610
200		621
201		584
202		602
203		623
204		612
205		611
206		622
207		590
208		527
209		557
210		532
211		561
212		538
213		553
214		547
215		575
216		535
217		539
218		526
219		504
220		521
221		507
222		549
223		516
224		535
225		545
226		497
227		522
228		505
229		455
230		452
231		469
232		495
233		457
234		458
235		477
236		460
237		480
238		432
239		457
240		453
241		424
242		424
243		455
244		453
245		444
246		427
247		436
248		410
249		421
250		386
251		411
252		438
253		417
254		381
255		427
256		372
257		384
258		398
259		391
260		362
261		374
262		381
263		392
264		391
265		393
266		366
267		356
268		371
269		371
270		392
271		338
272		357
273		372
274		362
275		347
276		382
277		389
278		338
279		354
280		368
281		329
282		336
283		384
284		318
285		352
286		299
287		346
288		335
289		318
290		310
291		334
292		319
293		309
294		315
295		309
296		301
297		331
298		314
299		324
300		320
301		289
302		317
303		325
304		296
305		288
306		272
307		271
308		282
309		261
310		286
311		269
312		269
313		278
314		311
315		268
316		283
317		282
318		290
319		286
320		280
321		260
322		271
323		265
324		255
325		288
326		224
327		231
328		257
329		296
330		256
331		282
332		247
333		259
334		292
335		237
336		237
337		245
338		227
339		257
340		249
341		275
342		208
343		247
344		235
345		217
346		232
347		240
348		253
349		241
350		260
351		245
352		231
353		249
354		218
355		207
356		217
357		208
358		238
359		221
360		202
361		233
362		200
363		219
364		245
365		240
366		183
367		208
368		244
369		204
370		207
371		181
372		216
373		201
374		196
375		215
376		221
377		227
378		190
379		218
380		201
381		194
382		219
383		187
384		190
385		216
386		208
387		207
388		193
389		179
390		183
391		201
392		219
393		202
394		191
395		182
396		155
397		206
398		166
399		205
400		173
401		150
402		158
403		168
404		198
405		182
406		173
407		183
408		162
409		170
410		178
411		169
412		170
413		160
414		159
415		187
416		166
417		164
418		167
419		168
420		179
421		189
422		164
423		181
424		191
425		181
426		151
427		157
428		175
429		156
430		184
431		160
432		166
433		168
434		140
435		187
436		186
437		157
438		149
439		129
440		157
441		172
442		156
443		140
444		158
445		149
446		139
447		132
448		167
449		163
450		162
451		147
452		157
453		155
454		184
455		125
456		143
457		137
458		136
459		141
460		129
461		147
462		158
463		156
464		153
465		168
466		136
467		129
468		167
469		154
470		127
471		139
472		125
473		130
474		153
475		149
476		150
477		134
478		138
479		141
480		143
481		127
482		135
483		129
484		133
485		141
486		136
487		118
488		144
489		125
490		133
491		132
492		134
493		136
494		138
495		144
496		126
497		117
498		126
499		133
500		139
501		124
502		130
503		124
504		130
505		131
506		136
507		116
508		140
509		104
510		126
511		116
512		111
513		110
514		122
515		129
516		146
517		124
518		118
519		115
520		123
521		143
522		102
523		127
524		133
525		124
526		130
527		129
528		103
529		122
530		118
531		108
532		122
533		112
534		113
535		109
536		102
537		103
538		106
539		119
540		117
541		109
542		121
543		95
544		101
545		122
546		115
547		115
548		95
549		103
550		95
551		98
552		115
553		115
554		109
555		84
556		100
557		99
558		110
559		109
560		101
561		103
562		84
563		90
564		98
565		103
566		118
567		97
568		117
569		99
570		116
571		99
572		82
573		108
574		91
575		106
576		100
577		96
578		95
579		92
580		96
581		110
582		99
583		101
584		98
585		92
586		98
587		100
588		97
589		89
590		94
591		98
592		96
593		100
594		108
595		102
596		88
597		96
598		94
599		97
600		77
601		103
602		106
603		98
604		77
605		96
606		105
607		97
608		91
609		110
610		102
611		89
612		77
613		93
614		85
615		91
616		99
617		96
618		79
619		86
620		79
621		88
622		92
623		69
624		88
625		79
626		84
627		86
628		90
629		98
630		98
631		75
632		83
633		106
634		71
635		73
636		83
637		75
638		87
639		91
640		79
641		81
642		69
643		93
644		81
645		78
646		81
647		76
648		101
649		89
650		72
651		80
652		71
653		79
654		70
655		72
656		73
657		70
658		80
659		70
660		83
661		81
662		82
663		78
664		79
665		70
666		82
667		78
668		83
669		64
670		72
671		85
672		83
673		75
674		73
675		80
676		72
677		80
678		71
679		73
680		71
681		71
682		89
683		77
684		90
685		67
686		72
687		72
688		81
689		86
690		71
691		60
692		76
693		88
694		67
695		72
696		78
697		83
698		59
699		76
700		71
701		71
702		87
703		67
704		69
705		76
706		78
707		70
708		64
709		79
710		65
711		73
712		77
713		62
714		73
715		72
716		83
717		67
718		66
719		71
720		68
721		55
722		80
723		69
724		62
725		68
726		62
727		67
728		69
729		69
730		68
731		75
732		70
733		67
734		64
735		40
736		67
737		68
738		70
739		76
740		62
741		62
742		53
743		77
744		54
745		71
746		60
747		62
748		62
749		60
750		89
751		71
752		58
753		61
754		71
755		66
756		56
757		59
758		76
759		57
760		63
761		54
762		41
763		66
764		51
765		65
766		66
767		48
768		60
769		65
770		50
771		66
772		64
773		73
774		53
775		60
776		57
777		66
778		60
779		74
780		65
781		59
782		78
783		63
784		50
785		67
786		47
787		60
788		67
789		72
790		72
791		51
792		55
793		44
794		49
795		56
796		60
797		61
798		54
799		66
800		52
801		68
802		66
803		50
804		55
805		53
806		61
807		59
808		61
809		60
810		63
811		72
812		57
813		49
814		65
815		60
816		61
817		64
818		54
819		60
820		59
821		46
822		36
823		60
824		61
825		57
826		42
827		57
828		53
829		47
830		48
831		52
832		46
833		51
834		57
835		51
836		54
837		66
838		69
839		62
840		50
841		39
842		51
843		51
844		54
845		53
846		55
847		50
848		46
849		56
850		54
851		43
852		50
853		53
854		45
855		55
856		55
857		55
858		57
859		47
860		52
861		50
862		59
863		50
864		46
865		56
866		49
867		45
868		47
869		61
870		42
871		60
872		54
873		58
874		61
875		41
876		65
877		45
878		56
879		50
880		50
881		46
882		40
883		46
884		64
885		50
886		49
887		44
888		46
889		48
890		52
891		50
892		57
893		61
894		44
895		48
896		61
897		33
898		56
899		49
900		40
901		43
902		61
903		51
904		38
905		53
906		53
907		38
908		35
909		54
910		36
911		47
912		47
913		52
914		50
915		39
916		47
917		44
918		46
919		37
920		40
921		49
922		46
923		50
924		44
925		47
926		54
927		30
928		39
929		49
930		31
931		45
932		32
933		42
934		35
935		51
936		46
937		30
938		50
939		40
940		37
941		35
942		50
943		41
944		40
945		47
946		33
947		42
948		41
949		52
950		54
951		39
952		35
953		58
954		37
955		41
956		56
957		47
958		47
959		47
960		50
961		36
962		53
963		52
964		34
965		30
966		36
967		27
968		38
969		36
970		41
971		39
972		40
973		37
974		35
975		47
976		48
977		39
978		40
979		38
980		38
981		32
982		37
983		35
984		39
985		44
986		37
987		39
988		40
989		44
990		54
991		52
992		52
993		38
994		38
995		40
996		35
997		39
998		39
999		44
1000		40
1001		39
1002		32
1003		47
1004		29
1005		38
1006		43
1007		42
1008		44
1009		31
1010		47
1011		42
1012		39
1013		40
1014		42
1015		45
1016		41
1017		31
1018		44
1019		43
1020		46
1021		36
1022		36
1023		36
1024		36
1025		53
1026		52
1027		45
1028		39
1029		39
1030		35
1031		38
1032		41
1033		41
1034		25
1035		44
1036		41
1037		39
1038		51
1039		38
1040		26
1041		35
1042		47
1043		32
1044		49
1045		31
1046		38
1047		44
1048		36
1049		32
1050		47
1051		37
1052		36
1053		32
1054		42
1055		43
1056		40
1057		38
1058		27
1059		38
1060		32
1061		37
1062		39
1063		32
1064		42
1065		42
1066		34
1067		35
1068		35
1069		34
1070		35
1071		37
1072		37
1073		41
1074		32
1075		38
1076		32
1077		35
1078		39
1079		37
1080		51
1081		31
1082		30
1083		40
1084		33
1085		43
1086		33
1087		44
1088		23
1089		32
1090		50
1091		45
1092		38
1093		39
1094		26
1095		34
1096		30
1097		26
1098		40
1099		50
1100		41
1101		39
1102		30
1103		25
1104		38
1105		45
1106		36
1107		36
1108		25
1109		34
1110		27
1111		38
1112		33
1113		37
1114		37
1115		41
1116		34
1117		43
1118		33
1119		38
1120		38
1121		28
1122		38
1123		32
1124		31
1125		45
1126		35
1127		30
1128		40
1129		28
1130		34
1131		23
1132		36
1133		25
1134		33
1135		31
1136		30
1137		37
1138		30
1139		27
1140		38
1141		34
1142		42
1143		37
1144		29
1145		36
1146		28
1147		33
1148		31
1149		29
1150		43
1151		29
1152		24
1153		42
1154		34
1155		36
1156		25
1157		29
1158		35
1159		29
1160		52
1161		41
1162		32
1163		29
1164		30
1165		38
1166		37
1167		31
1168		33
1169		33
1170		35
1171		26
1172		27
1173		31
1174		30
1175		37
1176		30
1177		31
1178		42
1179		41
1180		30
1181		34
1182		27
1183		29
1184		32
1185		36
1186		42
1187		26
1188		28
1189		33
1190		34
1191		29
1192		41
1193		31
1194		38
1195		29
1196		27
1197		33
1198		27
1199		26
1200		27
1201		27
1202		21
1203		26
1204		44
1205		33
1206		25
1207		29
1208		36
1209		31
1210		31
1211		20
1212		28
1213		28
1214		33
1215		33
1216		24
1217		29
1218		32
1219		32
1220		29
1221		33
1222		27
1223		23
1224		25
1225		21
1226		24
1227		30
1228		31
1229		32
1230		25
1231		32
1232		25
1233		12
1234		21
1235		24
1236		20
1237		28
1238		35
1239		22
1240		23
1241		24
1242		25
1243		22
1244		26
1245		28
1246		30
1247		25
1248		26
1249		28
1250		22
1251		23
1252		32
1253		32
1254		30
1255		35
1256		23
1257		30
1258		25
1259		22
1260		32
1261		31
1262		36
1263		24
1264		30
1265		28
1266		38
1267		21
1268		31
1269		17
1270		30
1271		17
1272		16
1273		38
1274		23
1275		26
1276		27
1277		28
1278		17
1279		39
1280		27
1281		24
1282		31
1283		21
1284		28
1285		24
1286		30
1287		28
1288		27
1289		21
1290		25
1291		25
1292		25
1293		21
1294		29
1295		20
1296		21
1297		20
1298		23
1299		31
1300		28
1301		31
1302		18
1303		25
1304		32
1305		32
1306		29
1307		36
1308		19
1309		30
1310		27
1311		26
1312		26
1313		23
1314		42
1315		29
1316		29
1317		24
1318		34
1319		23
1320		31
1321		27
1322		17
1323		22
1324		40
1325		25
1326		29
1327		21
1328		24
1329		21
1330		24
1331		31
1332		24
1333		30
1334		33
1335		24
1336		27
1337		24
1338		24
1339		26
1340		24
1341		26
1342		24
1343		26
1344		17
1345		20
1346		25
1347		30
1348		27
1349		19
1350		20
1351		27
1352		18
1353		35
1354		30
1355		23
1356		23
1357		24
1358		14
1359		32
1360		17
1361		24
1362		28
1363		18
1364		17
1365		22
1366		20
1367		23
1368		17
1369		26
1370		23
1371		20
1372		44
1373		25
1374		32
1375		27
1376		28
1377		22
1378		26
1379		24
1380		19
1381		23
1382		28
1383		27
1384		23
1385		24
1386		26
1387		28
1388		22
1389		34
1390		25
1391		24
1392		26
1393		19
1394		18
1395		20
1396		21
1397		35
1398		23
1399		31
1400		24
1401		26
1402		16
1403		23
1404		23
1405		19
1406		21
1407		14
1408		20
1409		30
1410		20
1411		20
1412		20
1413		25
1414		17
1415		31
1416		24
1417		19
1418		33
1419		28
1420		25
1421		20
1422		29
1423		23
1424		21
1425		25
1426		23
1427		24
1428		24
1429		20
1430		22
1431		21
1432		23
1433		31
1434		16
1435		23
1436		15
1437		15
1438		21
1439		25
1440		28
1441		16
1442		17
1443		19
1444		24
1445		29
1446		21
1447		15
1448		23
1449		20
1450		15
1451		25
1452		14
1453		21
1454		28
1455		19
1456		23
1457		17
1458		28
1459		15
1460		28
1461		23
1462		23
1463		29
1464		16
1465		24
1466		18
1467		14
1468		24
1469		23
1470		18
1471		18
1472		14
1473		30
1474		17
1475		17
1476		23
1477		18
1478		16
1479		26
1480		20
1481		22
1482		29
1483		22
1484		25
1485		20
1486		10
1487		18
1488		21
1489		23
1490		25
1491		19
1492		17
1493		17
1494		24
1495		20
1496		25
1497		28
1498		22
1499		22
1500		19
1501		20
1502		15
1503		19
1504		16
1505		29
1506		16
1507		17
1508		26
1509		22
1510		18
1511		23
1512		22
1513		24
1514		25
1515		21
1516		26
1517		21
1518		22
1519		12
1520		21
1521		19
1522		25
1523		17
1524		26
1525		26
1526		16
1527		12
1528		20
1529		19
1530		16
1531		20
1532		16
1533		18
1534		17
1535		19
1536		18
1537		21
1538		25
1539		19
1540		16
1541		18
1542		17
1543		14
1544		25
1545		27
1546		22
1547		12
1548		21
1549		25
1550		19
1551		21
1552		21
1553		17
1554		12
1555		21
1556		19
1557		15
1558		15
1559		21
1560		23
1561		14
1562		15
1563		23
1564		19
1565		25
1566		17
1567		21
1568		22
1569		31
1570		19
1571		20
1572		17
1573		18
1574		21
1575		15
1576		17
1577		10
1578		19
1579		20
1580		15
1581		21
1582		20
1583		22
1584		17
1585		19
1586		11
1587		12
1588		16
1589		18
1590		20
1591		15
1592		20
1593		17
1594		14
1595		17
1596		21
1597		22
1598		18
1599		14
1600		17
1601		21
1602		13
1603		12
1604		21
1605		21
1606		17
1607		21
1608		21
1609		14
1610		19
1611		18
1612		26
1613		19
1614		22
1615		12
1616		24
1617		21
1618		20
1619		19
1620		16
1621		13
1622		19
1623		19
1624		23
1625		13
1626		22
1627		21
1628		16
1629		17
1630		16
1631		12
1632		16
1633		15
1634		14
1635		11
1636		14
1637		19
1638		15
1639		16
1640		15
1641		20
1642		18
1643		15
1644		19
1645		18
1646		11
1647		17
1648		19
1649		18
1650		20
1651		15
1652		12
1653		16
1654		17
1655		21
1656		15
1657		7
1658		18
1659		23
1660		22
1661		20
1662		22
1663		20
1664		20
1665		19
1666		10
1667		11
1668		22
1669		18
1670		18
1671		15
1672		18
1673		17
1674		21
1675		19
1676		18
1677		15
1678		15
1679		21
1680		15
1681		18
1682		21
1683		19
1684		16
1685		14
1686		15
1687		18
1688		19
1689		19
1690		19
1691		21
1692		19
1693		13
1694		13
1695		11
1696		20
1697		25
1698		17
1699		19
1700		14
1701		22
1702		15
1703		7
1704		12
1705		14
1706		12
1707		19
1708		16
1709		17
1710		19
1711		19
1712		19
1713		15
1714		21
1715		27
1716		17
1717		15
1718		15
1719		23
1720		15
1721		15
1722		14
1723		13
1724		15
1725		16
1726		20
1727		14
1728		11
1729		14
1730		13
1731		17
1732		13
1733		16
1734		21
1735		17
1736		20
1737		11
1738		19
1739		10
1740		11
1741		20
1742		18
1743		18
1744		13
1745		15
1746		15
1747		18
1748		15
1749		16
1750		11
1751		22
1752		15
1753		11
1754		13
1755		11
1756		13
1757		20
1758		16
1759		19
1760		7
1761		16
1762		17
1763		19
1764		20
1765		20
1766		16
1767		16
1768		10
1769		7
1770		12
1771		17
1772		15
1773		13
1774		17
1775		23
1776		11
1777		12
1778		12
1779		11
1780		12
1781		12
1782		23
1783		15
1784		14
1785		14
1786		20
1787		11
1788		13
1789		5
1790		12
1791		14
1792		11
1793		14
1794		13
1795		17
1796		12
1797		16
1798		25
1799		24
1800		8
1801		14
1802		15
1803		22
1804		13
1805		23
1806		9
1807		15
1808		16
1809		18
1810		12
1811		14
1812		18
1813		16
1814		13
1815		15
1816		16
1817		6
1818		15
1819		11
1820		14
1821		17
1822		16
1823		10
1824		14
1825		12
1826		14
1827		16
1828		12
1829		14
1830		12
1831		17
1832		14
1833		11
1834		11
1835		14
1836		20
1837		20
1838		23
1839		14
1840		18
1841		16
1842		19
1843		18
1844		7
1845		6
1846		12
1847		13
1848		19
1849		15
1850		24
1851		15
1852		14
1853		9
1854		23
1855		11
1856		8
1857		10
1858		16
1859		17
1860		12
1861		16
1862		9
1863		13
1864		10
1865		18
1866		14
1867		12
1868		17
1869		8
1870		14
1871		13
1872		18
1873		15
1874		14
1875		15
1876		11
1877		14
1878		7
1879		9
1880		16
1881		12
1882		9
1883		13
1884		13
1885		19
1886		12
1887		15
1888		14
1889		9
1890		15
1891		15
1892		15
1893		14
1894		8
1895		9
1896		17
1897		6
1898		19
1899		18
1900		12
1901		9
1902		15
1903		13
1904		12
1905		10
1906		15
1907		14
1908		18
1909		7
1910		13
1911		15
1912		14
1913		9
1914		8
1915		13
1916		17
1917		9
1918		11
1919		18
1920		9
1921		12
1922		10
1923		11
1924		20
1925		16
1926		10
1927		18
1928		15
1929		9
1930		17
1931		15
1932		10
1933		22
1934		15
1935		11
1936		9
1937		12
1938		11
1939		13
1940		13
1941		18
1942		10
1943		15
1944		15
1945		12
1946		19
1947		16
1948		9
1949		19
1950		16
1951		14
1952		6
1953		14
1954		6
1955		8
1956		18
1957		19
1958		16
1959		13
1960		6
1961		11
1962		19
1963		12
1964		10
1965		7
1966		16
1967		9
1968		9
1969		14
1970		10
1971		13
1972		10
1973		9
1974		11
1975		13
1976		15
1977		8
1978		8
1979		7
1980		21
1981		18
1982		15
1983		10
1984		18
1985		12
1986		14
1987		12
1988		13
1989		17
1990		13
1991		13
1992		11
1993		17
1994		18
1995		11
1996		12
1997		14
1998		12
1999		13
2000		17
2001		12
2002		16
2003		13
2004		17
2005		14
2006		14
2007		14
2008		16
2009		11
2010		7
2011		13
2012		10
2013		11
2014		11
2015		17
2016		20
2017		11
2018		8
2019		11
2020		7
2021		18
2022		15
2023		9
2024		17
2025		14
2026		14
2027		12
2028		10
2029		17
2030		13
2031		9
2032		12
2033		11
2034		11
2035		10
2036		13
2037		8
2038		8
2039		15
2040		11
2041		14
2042		9
2043		11
2044		14
2045		9
2046		17
2047		17
2048		7
2049		9
2050		15
2051		12
2052		11
2053		12
2054		11
2055		8
2056		14
2057		7
2058		8
2059		7
2060		10
2061		14
2062		15
2063		9
2064		11
2065		12
2066		11
2067		11
2068		12
2069		8
2070		12
2071		13
2072		11
2073		9
2074		7
2075		16
2076		16
2077		13
2078		12
2079		15
2080		12
2081		10
2082		15
2083		17
2084		14
2085		9
2086		16
2087		17
2088		19
2089		15
2090		8
2091		10
2092		8
2093		14
2094		10
2095		7
2096		10
2097		10
2098		15
2099		9
2100		12
2101		8
2102		12
2103		8
2104		10
2105		12
2106		11
2107		16
2108		9
2109		12
2110		9
2111		9
2112		11
2113		6
2114		8
2115		11
2116		10
2117		14
2118		12
2119		11
2120		14
2121		12
2122		9
2123		8
2124		7
2125		13
2126		10
2127		12
2128		10
2129		7
2130		10
2131		10
2132		11
2133		10
2134		11
2135		12
2136		9
2137		9
2138		12
2139		7
2140		12
2141		11
2142		6
2143		11
2144		12
2145		15
2146		15
2147		5
2148		13
2149		12
2150		10
2151		11
2152		14
2153		13
2154		17
2155		11
2156		7
2157		5
2158		12
2159		14
2160		10
2161		12
2162		7
2163		18
2164		17
2165		13
2166		9
2167		8
2168		14
2169		15
2170		6
2171		8
2172		11
2173		9
2174		12
2175		12
2176		9
2177		11
2178		16
2179		12
2180		10
2181		16
2182		11
2183		14
2184		8
2185		16
2186		12
2187		16
2188		14
2189		10
2190		8
2191		15
2192		15
2193		7
2194		12
2195		6
2196		11
2197		11
2198		12
2199		11
2200		15
2201		9
2202		10
2203		10
2204		9
2205		10
2206		7
2207		13
2208		12
2209		11
2210		7
2211		8
2212		9
2213		10
2214		12
2215		9
2216		15
2217		14
2218		10
2219		13
2220		10
2221		18
2222		12
2223		17
2224		8
2225		7
2226		9
2227		6
2228		14
2229		11
2230		4
2231		7
2232		12
2233		7
2234		10
2235		6
2236		16
2237		11
2238		12
2239		4
2240		10
2241		13
2242		10
2243		11
2244		10
2245		6
2246		7
2247		11
2248		17
2249		3
2250		11
2251		13
2252		11
2253		14
2254		8
2255		14
2256		10
2257		14
2258		9
2259		8
2260		9
2261		7
2262		10
2263		13
2264		12
2265		13
2266		16
2267		14
2268		14
2269		7
2270		12
2271		5
2272		16
2273		11
2274		8
2275		14
2276		7
2277		11
2278		6
2279		19
2280		12
2281		11
2282		11
2283		5
2284		7
2285		10
2286		15
2287		10
2288		8
2289		11
2290		7
2291		5
2292		10
2293		13
2294		9
2295		13
2296		10
2297		13
2298		13
2299		19
2300		9
2301		10
2302		9
2303		7
2304		14
2305		9
2306		8
2307		11
2308		8
2309		7
2310		8
2311		5
2312		9
2313		9
2314		14
2315		7
2316		9
2317		8
2318		4
2319		6
2320		9
2321		16
2322		11
2323		4
2324		9
2325		11
2326		6
2327		11
2328		9
2329		10
2330		14
2331		13
2332		15
2333		13
2334		5
2335		10
2336		11
2337		16
2338		9
2339		8
2340		9
2341		10
2342		6
2343		7
2344		8
2345		10
2346		8
2347		6
2348		6
2349		9
2350		7
2351		6
2352		6
2353		15
2354		10
2355		8
2356		10
2357		6
2358		11
2359		10
2360		10
2361		9
2362		10
2363		5
2364		6
2365		17
2366		9
2367		10
2368		12
2369		9
2370		9
2371		12
2372		9
2373		10
2374		8
2375		7
2376		13
2377		15
2378		7
2379		8
2380		11
2381		6
2382		4
2383		11
2384		2
2385		8
2386		9
2387		15
2388		9
2389		10
2390		8
2391		12
2392		10
2393		14
2394		12
2395		18
2396		10
2397		14
2398		13
2399		11
2400		12
2401		6
2402		7
2403		7
2404		11
2405		9
2406		12
2407		9
2408		13
2409		10
2410		7
2411		12
2412		10
2413		8
2414		15
2415		10
2416		12
2417		7
2418		11
2419		8
2420		7
2421		6
2422		16
2423		8
2424		9
2425		10
2426		12
2427		15
2428		13
2429		8
2430		10
2431		7
2432		8
2433		7
2434		10
2435		5
2436		10
2437		5
2438		7
2439		6
2440		5
2441		8
2442		11
2443		8
2444		7
2445		9
2446		11
2447		14
2448		10
2449		5
2450		10
2451		7
2452		10
2453		13
2454		9
2455		8
2456		12
2457		13
2458		15
2459		8
2460		8
2461		11
2462		9
2463		18
2464		11
2465		16
2466		15
2467		10
2468		13
2469		11
2470		10
2471		9
2472		12
2473		12
2474		8
2475		11
2476		11
2477		7
2478		9
2479		9
2480		14
2481		8
2482		5
2483		10
2484		9
2485		8
2486		11
2487		10
2488		7
2489		11
2490		9
2491		9
2492		10
2493		12
2494		13
2495		11
2496		7
2497		10
2498		12
2499		11
2500		9
2501		10
2502		9
2503		8
2504		7
2505		14
2506		7
2507		10
2508		2
2509		8
2510		9
2511		13
2512		9
2513		9
2514		8
2515		10
2516		6
2517		6
2518		9
2519		10
2520		9
2521		8
2522		5
2523		12
2524		7
2525		8
2526		7
2527		10
2528		13
2529		13
2530		7
2531		12
2532		4
2533		13
2534		11
2535		8
2536		16
2537		5
2538		8
2539		7
2540		8
2541		9
2542		9
2543		10
2544		9
2545		5
2546		4
2547		8
2548		7
2549		6
2550		13
2551		8
2552		7
2553		8
2554		4
2555		6
2556		10
2557		8
2558		7
2559		7
2560		12
2561		18
2562		4
2563		10
2564		7
2565		9
2566		7
2567		12
2568		10
2569		10
2570		8
2571		9
2572		7
2573		6
2574		6
2575		8
2576		4
2577		8
2578		6
2579		12
2580		9
2581		9
2582		5
2583		7
2584		6
2585		8
2586		8
2587		10
2588		12
2589		12
2590		8
2591		8
2592		8
2593		5
2594		8
2595		7
2596		6
2597		11
2598		11
2599		3
2600		7
2601		10
2602		6
2603		7
2604		7
2605		6
2606		6
2607		7
2608		6
2609		7
2610		5
2611		7
2612		6
2613		5
2614		8
2615		5
2616		7
2617		9
2618		10
2619		11
2620		10
2621		6
2622		10
2623		12
2624		3
2625		11
2626		7
2627		8
2628		11
2629		9
2630		6
2631		7
2632		9
2633		7
2634		7
2635		7
2636		6
2637		10
2638		8
2639		9
2640		7
2641		7
2642		11
2643		9
2644		11
2645		8
2646		9
2647		4
2648		10
2649		4
2650		7
2651		11
2652		5
2653		6
2654		11
2655		7
2656		5
2657		7
2658		10
2659		6
2660		7
2661		6
2662		5
2663		5
2664		6
2665		11
2666		4
2667		7
2668		7
2669		12
2670		6
2671		7
2672		9
2673		10
2674		12
2675		7
2676		3
2677		4
2678		12
2679		8
2680		9
2681		10
2682		7
2683		12
2684		7
2685		10
2686		11
2687		6
2688		6
2689		9
2690		5
2691		4
2692		12
2693		7
2694		1
2695		4
2696		5
2697		5
2698		4
2699		6
2700		3
2701		3
2702		6
2703		9
2704		9
2705		6
2706		8
2707		5
2708		9
2709		10
2710		9
2711		7
2712		6
2713		10
2714		8
2715		6
2716		15
2717		2
2718		4
2719		4
2720		7
2721		10
2722		8
2723		4
2724		9
2725		8
2726		7
2727		12
2728		5
2729		8
2730		10
2731		9
2732		5
2733		4
2734		10
2735		8
2736		3
2737		7
2738		3
2739		5
2740		8
2741		11
2742		7
2743		10
2744		6
2745		5
2746		1
2747		14
2748		8
2749		6
2750		10
2751		8
2752		4
2753		5
2754		6
2755		6
2756		8
2757		9
2758		5
2759		7
2760		3
2761		5
2762		7
2763		11
2764		7
2765		8
2766		12
2767		5
2768		4
2769		6
2770		6
2771		12
2772		11
2773		8
2774		10
2775		7
2776		11
2777		5
2778		10
2779		11
2780		7
2781		3
2782		7
2783		9
2784		8
2785		6
2786		4
2787		10
2788		5
2789		8
2790		7
2791		6
2792		12
2793		4
2794		4
2795		6
2796		7
2797		3
2798		3
2799		3
2800		8
2801		4
2802		9
2803		3
2804		10
2805		5
2806		5
2807		7
2808		7
2809		8
2810		5
2811		5
2812		14
2813		3
2814		7
2815		12
2816		2
2817		9
2818		2
2819		6
2820		5
2821		10
2822		6
2823		6
2824		4
2825		6
2826		9
2827		5
2828		7
2829		9
2830		3
2831		9
2832		4
2833		8
2834		6
2835		4
2836		8
2837		7
2838		2
2839		6
2840		4
2841		12
2842		8
2843		9
2844		10
2845		6
2846		8
2847		7
2848		7
2849		4
2850		6
2851		4
2852		7
2853		11
2854		7
2855		5
2856		5
2857		7
2858		6
2859		6
2860		6
2861		9
2862		10
2863		7
2864		9
2865		5
2866		9
2867		5
2868		8
2869		4
2870		7
2871		4
2872		10
2873		6
2874		11
2875		8
2876		9
2877		8
2878		6
2879		10
2880		8
2881		7
2882		8
2883		8
2884		11
2885		11
2886		7
2887		2
2888		6
2889		5
2890		6
2891		5
2892		7
2893		3
2894		9
2895		6
2896		5
2897		5
2898		7
2899		9
2900		6
2901		4
2902		5
2903		5
2904		5
2905		6
2906		4
2907		4
2908		3
2909		2
2910		6
2911		4
2912		6
2913		6
2914		7
2915		9
2916		6
2917		8
2918		5
2919		3
2920		5
2921		4
2922		7
2923		6
2924		8
2925		4
2926		9
2927		8
2928		7
2929		5
2930		3
2931		8
2932		6
2933		4
2934		7
2935		4
2936		9
2937		6
2938		10
2939		6
2940		7
2941		6
2942		9
2943		7
2944		9
2945		13
2946		4
2947		5
2948		7
2949		4
2950		9
2951		4
2952		10
2953		7
2954		6
2955		4
2956		5
2957		4
2958		5
2959		14
2960		4
2961		8
2962		6
2963		4
2964		2
2965		8
2966		4
2967		4
2968		6
2969		9
2970		7
2971		5
2972		5
2973		2
2974		7
2975		4
2976		4
2977		4
2978		3
2979		6
2980		6
2981		5
2982		6
2983		3
2984		2
2985		7
2986		7
2987		9
2988		7
2989		5
2990		5
2991		2
2992		3
2993		5
2994		6
2995		5
2996		9
2997		6
2998		5
2999		5
3000		6
3001		12
3002		10
3003		9
3004		5
3005		3
3006		6
3007		6
3008		1
3009		5
3010		5
3011		10
3012		3
3013		14
3014		1
3015		5
3016		4
3017		4
3018		10
3019		5
3020		7
3021		6
3022		2
3023		7
3024		10
3025		7
3026		12
3027		9
3028		3
3029		5
3030		8
3031		9
3032		8
3033		9
3034		3
3035		6
3036		7
3037		7
3038		3
3039		7
3040		4
3041		7
3042		8
3043		8
3044		4
3045		4
3046		5
3047		2
3048		9
3049		6
3050		7
3051		8
3052		7
3053		5
3054		9
3055		4
3056		5
3057		8
3058		5
3059		8
3060		6
3061		1
3062		7
3063		5
3064		7
3065		6
3066		4
3067		2
3068		2
3069		6
3070		5
3071		9
3072		6
3073		6
3074		4
3075		5
3076		3
3077		8
3078		9
3079		7
3080		9
3081		4
3082		7
3083		4
3084		4
3085		3
3086		3
3087		8
3088		8
3089		6
3090		6
3091		3
3092		6
3093		6
3094		10
3095		4
3096		7
3097		3
3098		6
3099		7
3100		5
3101		4
3102		4
3103		2
3104		8
3105		11
3106		7
3107		6
3108		8
3109		9
3110		6
3111		6
3112		8
3113		7
3115		1
3116		6
3117		2
3118		3
3119		5
3120		3
3121		10
3122		3
3123		1
3124		4
3125		7
3126		8
3127		5
3128		7
3129		4
3130		5
3131		2
3132		5
3133		6
3134		6
3135		4
3136		1
3137		7
3138		8
3139		3
3140		2
3141		6
3142		2
3143		3
3144		7
3145		5
3146		6
3147		7
3148		4
3149		5
3150		5
3151		5
3152		5
3153		3
3154		4
3155		7
3156		12
3157		5
3158		5
3159		1
3160		5
3161		3
3162		3
3163		4
3164		5
3165		10
3166		6
3167		5
3168		5
3169		5
3170		10
3171		9
3172		6
3173		4
3174		5
3175		2
3176		3
3177		5
3178		7
3179		5
3180		9
3181		2
3182		5
3183		11
3184		1
3185		2
3186		10
3187		4
3188		4
3189		4
3190		9
3191		5
3192		4
3193		4
3194		3
3195		3
3196		7
3197		2
3198		6
3199		4
3200		6
3201		5
3202		6
3203		6
3204		4
3205		7
3206		6
3207		7
3209		8
3210		3
3211		3
3212		7
3213		5
3214		6
3215		6
3216		5
3217		7
3218		6
3219		2
3220		10
3221		5
3222		1
3223		4
3224		5
3225		8
3226		8
3227		9
3228		4
3229		4
3230		7
3231		5
3232		3
3233		9
3234		2
3235		7
3236		2
3237		5
3238		9
3239		9
3240		3
3241		4
3242		3
3243		5
3244		3
3245		8
3246		5
3247		8
3248		9
3249		4
3250		2
3251		2
3252		2
3253		2
3254		2
3255		5
3256		8
3257		8
3258		6
3259		4
3260		5
3261		7
3262		4
3263		5
3264		7
3265		7
3266		6
3267		2
3268		8
3269		3
3270		5
3271		8
3272		4
3273		3
3274		2
3275		5
3276		6
3277		4
3278		8
3279		7
3280		1
3281		8
3282		7
3283		7
3284		5
3285		4
3286		1
3287		4
3288		6
3289		8
3290		3
3291		6
3292		6
3293		4
3294		3
3295		4
3296		11
3297		4
3298		4
3299		7
3300		4
3301		5
3302		8
3303		5
3304		3
3305		6
3306		6
3307		11
3308		6
3309		3
3310		5
3311		7
3312		6
3313		11
3314		8
3315		4
3316		2
3317		5
3318		2
3319		3
3320		5
3321		4
3322		2
3323		8
3324		8
3325		3
3326		6
3327		5
3328		4
3329		3
3330		7
3331		7
3332		1
3333		7
3334		3
3335		5
3336		7
3337		4
3338		6
3339		6
3340		2
3341		7
3342		4
3343		3
3344		9
3345		3
3346		3
3347		4
3348		8
3349		5
3350		4
3351		4
3352		6
3353		5
3354		2
3355		5
3356		4
3357		8
3358		5
3359		8
3360		4
3361		2
3362		6
3363		7
3364		3
3365		3
3366		4
3367		8
3368		4
3369		3
3370		7
3371		4
3372		8
3373		6
3374		10
3375		5
3376		5
3377		4
3378		4
3379		7
3380		6
3381		4
3382		5
3383		7
3384		2
3385		3
3386		3
3387		5
3388		7
3389		4
3390		1
3391		5
3392		5
3393		8
3394		6
3395		4
3396		9
3397		5
3398		3
3399		6
3400		5
3401		5
3402		1
3403		10
3404		4
3405		6
3406		3
3407		7
3408		5
3409		8
3410		6
3411		7
3412		8
3413		4
3415		3
3416		2
3417		6
3418		4
3419		3
3420		8
3421		4
3422		5
3423		1
3424		2
3425		5
3426		10
3427		4
3428		6
3429		6
3430		5
3431		8
3432		2
3433		5
3434		6
3435		4
3436		4
3437		3
3438		1
3439		7
3440		3
3441		4
3442		4
3443		6
3444		8
3445		9
3446		5
3447		6
3448		4
3449		5
3450		6
3451		2
3452		2
3453		3
3454		3
3455		6
3456		3
3457		7
3458		5
3459		8
3460		6
3461		5
3462		5
3463		2
3464		5
3465		3
3466		4
3467		1
3469		2
3470		5
3471		5
3472		9
3473		5
3474		5
3475		5
3476		4
3477		5
3478		8
3479		4
3480		5
3481		5
3482		5
3483		3
3484		3
3485		3
3486		4
3487		4
3488		10
3489		6
3490		6
3491		6
3492		7
3493		6
3494		4
3495		6
3496		6
3497		3
3498		5
3499		7
3500		5
3501		5
3502		4
3503		4
3504		4
3505		13
3506		1
3507		3
3508		6
3509		3
3510		6
3511		1
3512		3
3513		9
3514		9
3515		4
3516		4
3517		7
3518		5
3519		4
3520		4
3521		5
3522		4
3523		5
3524		6
3525		3
3526		1
3527		7
3528		4
3529		7
3530		6
3531		3
3532		6
3533		2
3534		2
3535		2
3536		2
3537		5
3538		13
3539		5
3540		5
3541		5
3542		1
3543		7
3544		5
3545		3
3546		2
3547		4
3548		2
3549		4
3550		5
3551		3
3552		4
3553		5
3554		5
3555		5
3556		4
3557		4
3558		4
3559		2
3560		3
3561		3
3562		5
3563		4
3564		6
3565		5
3566		5
3567		6
3569		3
3570		7
3571		2
3572		4
3573		6
3574		2
3575		2
3576		4
3577		5
3578		2
3579		6
3580		8
3581		5
3582		4
3583		3
3584		8
3585		6
3586		7
3587		2
3588		4
3589		3
3590		5
3591		5
3592		5
3593		2
3594		4
3595		3
3596		8
3597		6
3598		4
3599		3
3600		2
3601		6
3603		6
3604		2
3605		5
3606		1
3608		5
3609		6
3610		5
3611		2
3612		6
3613		4
3614		4
3615		4
3616		3
3617		3
3618		2
3619		5
3620		4
3621		4
3622		2
3623		2
3624		3
3625		3
3626		5
3627		2
3628		3
3629		6
3631		3
3632		2
3633		5
3634		5
3635		7
3636		3
3637		2
3638		5
3639		4
3640		5
3641		5
3642		6
3643		5
3644		4
3645		4
3646		1
3647		1
3648		5
3649		5
3650		9
3651		4
3652		3
3653		4
3654		3
3655		3
3656		1
3657		6
3658		3
3659		7
3660		3
3661		2
3662		1
3663		3
3664		2
3665		5
3666		3
3667		4
3668		3
3669		4
3670		1
3671		4
3672		3
3673		6
3674		5
3675		3
3676		5
3677		3
3678		5
3679		3
3680		3
3681		6
3682		2
3683		2
3684		2
3685		2
3686		3
3687		7
3688		3
3689		7
3690		4
3691		1
3692		5
3693		4
3694		3
3695		4
3696		4
3697		5
3698		3
3699		5
3700		4
3701		1
3702		3
3703		5
3704		5
3705		5
3706		7
3707		5
3708		1
3709		5
3710		7
3711		2
3712		9
3713		6
3714		2
3716		3
3717		4
3718		1
3719		3
3720		10
3721		3
3722		3
3723		2
3725		3
3726		4
3727		5
3728		4
3729		5
3731		5
3732		3
3733		1
3734		5
3735		5
3736		4
3737		3
3738		4
3740		4
3741		10
3742		1
3743		7
3744		5
3745		2
3746		5
3747		4
3748		5
3749		3
3750		3
3751		6
3752		3
3753		2
3754		7
3755		3
3756		6
3757		3
3758		3
3759		5
3760		4
3761		4
3763		4
3764		2
3765		6
3766		9
3767		2
3768		1
3769		3
3770		3
3771		3
3772		2
3773		2
3774		4
3775		6
3776		2
3777		6
3778		4
3779		2
3780		6
3781		3
3782		2
3783		5
3784		5
3785		3
3786		4
3787		3
3788		4
3789		5
3790		2
3791		5
3792		5
3793		7
3794		3
3795		2
3796		2
3797		7
3798		1
3799		4
3800		4
3801		5
3802		2
3803		6
3804		5
3805		3
3806		5
3807		1
3808		3
3809		4
3810		5
3811		2
3812		9
3813		5
3814		3
3815		2
3816		7
3817		3
3818		3
3819		4
3820		7
3821		2
3822		3
3823		3
3824		5
3825		5
3826		4
3827		4
3828		5
3829		4
3830		4
3831		2
3832		6
3833		4
3834		1
3835		1
3836		3
3837		2
3838		6
3839		1
3840		6
3841		3
3842		2
3843		3
3844		4
3845		3
3846		3
3847		1
3848		2
3849		5
3850		1
3851		5
3852		4
3853		3
3854		3
3855		2
3856		1
3857		6
3858		6
3859		2
3860		1
3861		3
3862		4
3863		4
3864		1
3865		1
3866		2
3867		6
3868		3
3869		4
3870		3
3871		5
3872		3
3873		2
3874		4
3875		5
3876		3
3877		1
3878		5
3879		5
3880		5
3881		5
3882		2
3883		6
3884		4
3885		3
3886		1
3887		2
3889		6
3890		7
3891		3
3892		1
3893		7
3894		5
3895		1
3896		6
3897		6
3898		4
3899		2
3900		3
3901		5
3902		5
3903		1
3904		1
3905		4
3907		2
3908		2
3909		4
3910		3
3912		5
3913		2
3914		6
3915		3
3916		4
3917		6
3918		4
3919		3
3920		2
3921		2
3922		2
3923		3
3924		3
3925		3
3926		6
3927		5
3928		1
3929		1
3930		2
3931		5
3932		7
3933		3
3934		2
3935		6
3936		7
3937		5
3938		1
3939		2
3940		5
3941		7
3942		2
3943		2
3945		5
3946		2
3947		1
3948		3
3949		3
3950		7
3951		3
3952		5
3953		2
3954		7
3955		2
3956		5
3957		4
3958		4
3959		1
3960		5
3961		1
3962		4
3963		3
3964		7
3965		4
3966		1
3967		7
3968		2
3969		2
3970		3
3971		6
3972		3
3973		3
3974		2
3975		3
3976		2
3977		4
3978		3
3979		4
3980		3
3981		5
3982		3
3983		3
3984		5
3985		1
3986		4
3987		4
3988		2
3989		3
3990		3
3991		3
3992		2
3993		3
3994		2
3995		3
3996		4
3997		7
3998		5
3999		5
4000		3
4001		3
4002		5
4003		2
4004		4
4005		1
4006		2
4007		4
4008		8
4009		2
4010		3
4011		3
4012		3
4014		5
4015		4
4016		2
4018		2
4019		3
4020		5
4021		3
4022		4
4023		3
4024		1
4025		6
4026		5
4027		4
4028		7
4030		2
4032		1
4033		3
4034		5
4035		4
4036		1
4037		6
4038		4
4039		2
4040		4
4041		7
4042		3
4043		4
4044		4
4045		2
4046		4
4047		3
4048		4
4049		3
4050		3
4051		1
4052		5
4053		3
4054		2
4055		4
4056		4
4057		4
4060		3
4061		4
4062		2
4063		7
4064		1
4065		3
4066		6
4067		4
4068		2
4069		1
4070		1
4071		3
4072		1
4073		4
4074		3
4075		5
4076		4
4077		2
4078		7
4079		3
4080		3
4081		3
4082		5
4083		2
4084		5
4085		1
4086		4
4087		1
4088		2
4089		1
4090		2
4091		4
4092		4
4093		3
4094		4
4095		3
4097		1
4098		6
4099		6
4100		6
4101		3
4102		6
4103		3
4104		3
4105		2
4106		1
4107		3
4108		5
4109		1
4110		3
4111		3
4112		1
4113		4
4114		6
4116		3
4117		5
4118		1
4119		1
4120		1
4121		6
4122		3
4123		1
4124		1
4125		4
4126		2
4127		5
4128		1
4129		2
4130		2
4131		1
4132		4
4133		1
4134		5
4135		2
4136		1
4137		3
4138		1
4139		4
4140		1
4141		1
4142		4
4143		3
4144		3
4145		2
4146		1
4147		4
4148		3
4149		2
4150		6
4151		1
4152		4
4154		3
4155		4
4156		4
4157		2
4158		3
4159		5
4160		2
4161		2
4162		1
4163		3
4164		3
4165		5
4166		3
4167		3
4168		3
4169		3
4171		2
4172		1
4173		2
4174		1
4175		3
4176		2
4177		3
4178		4
4179		7
4180		3
4181		1
4182		1
4183		4
4184		1
4185		2
4186		4
4187		3
4188		4
4189		4
4191		3
4192		2
4193		4
4194		1
4195		6
4196		2
4198		2
4200		2
4201		3
4202		2
4203		3
4204		4
4205		3
4206		6
4207		4
4208		3
4209		1
4210		5
4211		2
4213		4
4214		2
4215		1
4216		3
4218		1
4219		2
4220		6
4221		3
4222		3
4223		6
4224		4
4226		2
4227		3
4228		3
4229		5
4230		1
4231		4
4233		2
4234		1
4235		4
4236		3
4237		3
4238		5
4239		2
4240		2
4241		6
4242		1
4243		5
4244		6
4245		3
4246		2
4247		2
4248		2
4249		2
4250		2
4252		3
4254		3
4255		4
4256		2
4257		2
4258		3
4260		2
4261		2
4262		4
4263		6
4264		3
4265		5
4266		1
4268		3
4269		2
4270		3
4271		4
4272		5
4273		2
4274		3
4275		3
4276		2
4277		1
4278		4
4279		3
4280		3
4282		2
4283		4
4284		2
4285		1
4286		3
4287		2
4288		2
4289		2
4291		3
4292		2
4293		2
4294		4
4295		3
4296		3
4298		4
4299		3
4300		4
4301		5
4302		4
4303		3
4304		1
4305		1
4306		4
4307		3
4308		2
4309		4
4310		3
4311		2
4312		1
4313		1
4314		2
4315		5
4317		3
4319		5
4320		5
4321		1
4322		5
4323		3
4324		2
4325		1
4326		3
4327		3
4328		3
4329		2
4330		1
4331		2
4332		3
4333		5
4334		1
4335		1
4336		3
4337		4
4338		1
4339		4
4340		2
4341		5
4342		5
4343		1
4344		4
4345		1
4347		3
4349		2
4350		1
4352		2
4353		2
4354		4
4355		2
4356		4
4357		3
4358		2
4359		2
4360		2
4361		3
4362		3
4363		4
4364		3
4365		1
4366		2
4367		2
4368		2
4369		1
4370		3
4371		3
4372		1
4373		3
4375		1
4376		2
4377		4
4378		3
4379		1
4380		3
4381		5
4382		1
4383		3
4384		1
4385		2
4386		4
4387		2
4388		3
4389		3
4390		4
4391		3
4392		5
4393		2
4395		4
4396		1
4397		2
4398		1
4399		1
4400		1
4401		5
4402		3
4404		1
4405		2
4406		2
4407		2
4408		3
4409		2
4410		1
4411		1
4412		1
4413		2
4414		4
4415		2
4417		2
4419		2
4421		2
4422		1
4423		1
4424		1
4425		3
4426		4
4427		1
4428		3
4429		5
4430		3
4431		1
4433		3
4434		3
4435		1
4436		5
4437		5
4438		5
4439		2
4440		1
4441		6
4442		2
4443		4
4444		1
4445		4
4446		4
4447		1
4448		1
4449		2
4450		1
4451		3
4452		1
4454		2
4455		4
4456		5
4457		3
4458		4
4460		3
4461		3
4462		3
4463		3
4464		2
4465		1
4466		2
4467		2
4468		2
4469		2
4470		3
4471		1
4472		1
4473		1
4474		3
4475		1
4476		2
4477		2
4478		6
4479		2
4481		3
4482		2
4483		2
4484		2
4485		3
4487		1
4488		2
4489		3
4490		5
4492		4
4493		3
4494		3
4495		3
4496		2
4497		4
4498		1
4499		2
4500		2
4501		1
4502		3
4503		1
4504		5
4505		5
4506		5
4507		2
4508		2
4509		2
4510		2
4511		2
4512		3
4513		4
4515		3
4516		5
4518		2
4519		1
4520		2
4521		2
4522		1
4523		1
4524		1
4525		1
4526		3
4528		4
4529		3
4530		4
4532		5
4533		1
4534		2
4535		1
4536		2
4537		6
4539		1
4540		5
4541		3
4543		3
4544		2
4545		2
4546		2
4547		1
4548		3
4549		1
4550		3
4551		2
4552		1
4553		3
4554		3
4555		2
4556		2
4557		1
4559		1
4560		2
4561		3
4562		2
4563		2
4564		3
4565		3
4566		2
4567		1
4569		5
4570		1
4571		3
4572		1
4573		1
4575		2
4576		2
4577		2
4578		2
4579		6
4582		1
4584		3
4586		1
4587		3
4588		2
4589		2
4590		1
4591		4
4592		1
4593		2
4594		5
4595		2
4596		1
4597		1
4598		2
4601		1
4602		1
4603		3
4604		3
4605		2
4606		3
4607		3
4608		3
4609		2
4610		2
4611		3
4612		2
4614		4
4615		1
4616		4
4617		2
4618		1
4620		2
4621		2
4622		3
4623		2
4624		2
4625		1
4626		2
4628		2
4629		2
4631		3
4632		1
4633		3
4634		2
4636		3
4637		2
4638		2
4640		2
4641		3
4642		1
4644		3
4645		3
4646		2
4647		1
4648		2
4649		2
4650		1
4651		2
4652		2
4653		3
4654		3
4655		2
4656		3
4657		3
4658		1
4659		1
4660		4
4661		2
4663		1
4664		2
4665		2
4666		1
4667		1
4668		3
4669		1
4671		3
4673		4
4674		2
4675		1
4676		1
4678		2
4679		3
4680		2
4681		3
4682		1
4684		3
4685		3
4686		1
4687		2
4689		3
4690		3
4691		2
4693		1
4694		3
4695		4
4696		4
4697		2
4698		3
4699		2
4701		1
4702		1
4703		1
4705		4
4706		2
4707		1
4708		1
4709		2
4710		3
4712		2
4713		4
4714		2
4715		1
4716		2
4717		1
4718		3
4719		1
4723		1
4724		3
4726		3
4727		4
4728		1
4729		1
4730		4
4731		4
4732		1
4733		1
4735		4
4736		1
4737		1
4738		2
4739		1
4740		1
4741		1
4742		2
4743		2
4744		2
4745		6
4746		2
4747		2
4748		2
4749		1
4750		1
4751		2
4752		5
4754		2
4755		1
4757		2
4758		2
4760		4
4761		3
4762		1
4763		2
4764		2
4765		3
4766		1
4767		1
4768		4
4769		1
4770		1
4771		1
4772		1
4773		4
4774		1
4775		1
4776		2
4777		2
4778		1
4780		2
4781		1
4782		1
4783		1
4787		4
4788		4
4789		1
4790		5
4791		2
4792		1
4793		2
4795		3
4796		2
4797		1
4799		1
4801		1
4802		2
4804		3
4806		1
4808		2
4809		1
4810		1
4812		2
4813		1
4814		3
4815		2
4817		1
4818		1
4819		2
4820		3
4822		1
4823		4
4824		2
4825		2
4826		3
4828		3
4830		3
4831		1
4832		3
4833		2
4834		3
4835		1
4836		2
4837		2
4838		1
4839		1
4840		1
4842		1
4843		3
4844		1
4845		2
4846		4
4847		1
4849		1
4850		4
4851		2
4852		1
4854		1
4855		2
4856		1
4857		3
4858		1
4859		1
4860		1
4861		3
4862		1
4863		4
4864		1
4865		1
4866		1
4867		2
4871		1
4872		1
4873		1
4874		1
4875		1
4876		1
4877		1
4878		2
4879		2
4880		4
4881		2
4884		1
4885		1
4887		1
4888		1
4889		1
4890		2
4891		2
4892		2
4893		2
4894		3
4896		3
4897		1
4899		1
4901		4
4903		1
4906		4
4907		2
4914		1
4916		2
4917		1
4918		1
4919		1
4920		3
4921		1
4922		2
4924		1
4928		3
4929		1
4930		2
4931		2
4932		2
4933		2
4934		2
4935		3
4936		6
4939		1
4940		1
4941		1
4942		1
4944		1
4946		1
4948		4
4950		1
4951		3
4952		1
4954		2
4955		1
4956		3
4957		3
4958		1
4959		1
4962		2
4963		1
4964		2
4965		2
4967		1
4968		1
4969		2
4970		4
4973		2
4974		1
4975		2
4976		2
4977		2
4978		1
4979		1
4980		1
4981		2
4982		1
4983		1
4984		3
4985		2
4987		1
4988		2
4990		1
4991		3
4993		2
4994		1
4995		1
4996		4
4997		1
4998		2
5001		1
5004		1
5005		3
5007		5
5010		5
5013		2
5015		1
5016		2
5017		1
5019		4
5023		1
5024		1
5025		2
5026		2
5027		1
5028		2
5030		1
5031		1
5032		2
5033		1
5034		1
5035		1
5036		1
5037		2
5038		3
5041		1
5043		1
5044		1
5045		3
5046		1
5047		3
5048		1
5049		1
5051		3
5053		1
5054		2
5056		3
5057		1
5059		2
5060		1
5063		2
5065		2
5066		1
5068		1
5069		2
5070		2
5072		1
5073		2
5074		1
5075		3
5076		1
5078		2
5079		2
5081		3
5083		2
5084		1
5085		1
5086		2
5087		1
5089		1
5090		1
5091		2
5092		1
5093		1
5094		1
5095		1
5097		1
5099		3
5100		1
5101		1
5102		3
5103		1
5104		2
5105		1
5107		1
5109		2
5111		1
5112		2
5113		2
5114		1
5115		2
5118		1
5119		1
5121		1
5122		1
5123		1
5124		1
5126		2
5128		1
5129		2
5130		2
5132		1
5133		1
5134		1
5135		2
5139		1
5143		1
5144		2
5147		2
5149		1
5150		1
5153		2
5156		2
5157		1
5160		1
5162		1
5163		1
5166		1
5168		1
5169		1
5173		1
5176		1
5177		1
5180		3
5181		1
5182		1
5183		1
5186		2
5190		2
5193		2
5194		1
5195		1
5196		1
5197		1
5198		1
5200		1
5202		2
5204		1
5206		1
5207		1
5208		4
5209		1
5210		3
5211		1
5213		2
5214		1
5216		1
5218		1
5221		2
5224		2
5225		2
5226		1
5228		1
5229		2
5231		1
5232		2
5235		3
5236		1
5238		2
5239		1
5240		1
5241		2
5243		1
5244		2
5246		2
5248		2
5250		1
5251		1
5252		3
5253		1
5257		1
5258		3
5260		1
5261		1
5262		1
5264		1
5265		1
5266		1
5267		1
5269		1
5270		1
5271		1
5278		2
5279		2
5280		1
5284		1
5287		1
5288		1
5289		2
5291		3
5292		1
5294		2
5295		2
5297		1
5298		1
5302		1
5304		1
5308		1
5309		1
5311		1
5312		2
5314		1
5315		1
5316		1
5318		2
5320		1
5323		3
5324		1
5325		1
5327		1
5328		1
5329		2
5330		2
5331		2
5332		2
5333		1
5335		1
5337		2
5338		3
5339		2
5340		2
5341		1
5342		1
5344		3
5346		1
5349		1
5350		1
5351		2
5355		1
5357		1
5358		1
5363		1
5365		1
5366		2
5368		1
5369		1
5371		2
5375		2
5377		1
5381		1
5382		1
5383		2
5389		2
5391		1
5392		2
5393		1
5394		1
5395		1
5397		1
5399		1
5400		1
5401		2
5402		1
5403		1
5406		2
5408		1
5410		1
5412		2
5413		1
5419		1
5420		1
5421		1
5422		1
5423		2
5424		1
5426		1
5427		1
5428		2
5430		1
5432		2
5435		1
5436		1
5438		1
5439		2
5440		1
5442		1
5445		2
5449		1
5452		1
5454		1
5455		1
5457		2
5459		1
5461		1
5464		2
5465		1
5468		1
5470		1
5471		1
5474		2
5476		1
5479		1
5481		1
5483		3
5484		2
5486		1
5487		1
5489		1
5490		1
5491		1
5496		1
5499		1
5500		1
5501		2
5504		1
5505		1
5506		1
5507		1
5508		1
5509		1
5510		1
5511		1
5512		1
5514		1
5515		1
5516		4
5517		2
5518		1
5520		1
5521		2
5524		1
5525		1
5528		1
5531		1
5538		1
5539		1
5540		1
5541		1
5542		1
5543		1
5544		1
5545		1
5546		1
5553		1
5554		1
5555		1
5559		2
5562		2
5567		1
5569		3
5570		1
5571		1
5573		1
5575		2
5576		1
5578		1
5581		1
5584		1
5585		1
5592		1
5596		2
5597		1
5598		1
5603		1
5606		1
5607		1
5609		1
5610		1
5616		1
5622		1
5624		1
5626		2
5629		1
5630		1
5631		1
5632		1
5635		1
5639		2
5644		1
5647		1
5651		1
5657		1
5658		1
5661		1
5665		2
5666		1
5667		1
5669		1
5672		1
5675		1
5676		2
5677		1
5682		1
5684		2
5691		1
5695		3
5696		1
5704		1
5706		1
5709		2
5710		2
5713		2
5716		1
5736		1
5738		1
5752		1
5762		1
5767		1
5771		1
5774		1
5775		1
5781		1
5782		1
5787		1
5790		1
5795		1
5800		1
5807		1
5809		1
5819		1
5824		1
5827		1
5830		1
5831		1
5842		1
5844		1
5848		1
5853		1
5856		1
5858		1
5862		1
5864		1
5866		1
5867		1
5869		1
5875		1
5877		1
5879		2
5884		1
5886		1
5889		1
5900		1
5902		2
5904		1
5906		1
5907		1
5909		2
5910		1
5912		1
5914		1
5915		1
5916		2
5917		1
5918		1
5919		1
5923		1
5924		2
5928		1
5935		1
5940		1
5944		1
5948		1
5952		1
5953		1
5964		1
5970		1
5976		1
5977		1
5980		1
5985		1
5990		1
5994		1
5998		1
5999		1
6003		1
6007		1
6009		1
6018		1
6020		1
6021		1
6023		1
6031		1
6034		1
6040		1
6043		1
6051		1
6052		1
6056		3
6067		1
6071		1
6075		1
6081		1
6083		1
6086		1
6087		1
6088		1
6092		1
6105		1
6113		1
6114		1
6124		1
6134		1
6137		1
6141		1
6146		1
6156		1
6178		1
6190		1
6208		1
6218		1
6227		1
6228		1
6246		2
6267		2
6283		1
6326		1
6331		1
6340		1
6345		1
6360		1
6402		1
6433		1
6451		1
6472		1
6512		1
6640		1
6705		1
6712		1
6721		1
6755		1
