Tamaños		Cantidades
1		7291006
2		1482358
3		871573
4		554369
5		384400
6		278276
7		213058
8		168490
9		137147
10		113317
11		95327
12		81319
13		70516
14		61556
15		53956
16		47789
17		42732
18		38636
19		34574
20		31771
21		29262
22		26427
23		24521
24		22441
25		21015
26		19588
27		17934
28		16747
29		15711
30		14788
31		14027
32		13372
33		12399
34		11783
35		11124
36		10683
37		10068
38		9589
39		9056
40		8669
41		8262
42		7849
43		7609
44		7313
45		6940
46		6776
47		6393
48		6062
49		5923
50		5631
51		5566
52		5302
53		5110
54		5053
55		4800
56		4602
57		4444
58		4337
59		4234
60		4121
61		3928
62		3838
63		3675
64		3627
65		3552
66		3426
67		3310
68		3187
69		3209
70		3060
71		2957
72		2840
73		2848
74		2728
75		2632
76		2604
77		2573
78		2432
79		2502
80		2449
81		2306
82		2314
83		2184
84		2062
85		2096
86		2128
87		1971
88		2050
89		1899
90		1847
91		1955
92		1742
93		1839
94		1791
95		1798
96		1653
97		1668
98		1611
99		1715
100		1548
101		1542
102		1512
103		1517
104		1505
105		1371
106		1407
107		1374
108		1351
109		1324
110		1334
111		1255
112		1264
113		1290
114		1247
115		1187
116		1191
117		1112
118		1196
119		1141
120		1143
121		1085
122		1074
123		1150
124		1020
125		1109
126		1029
127		1089
128		955
129		982
130		910
131		941
132		923
133		935
134		854
135		912
136		913
137		908
138		882
139		875
140		817
141		832
142		779
143		849
144		818
145		829
146		780
147		742
148		755
149		799
150		713
151		722
152		687
153		738
154		727
155		731
156		689
157		680
158		651
159		707
160		664
161		634
162		622
163		657
164		665
165		615
166		638
167		624
168		586
169		628
170		579
171		581
172		600
173		611
174		569
175		564
176		530
177		525
178		525
179		546
180		541
181		551
182		533
183		508
184		511
185		527
186		503
187		501
188		495
189		456
190		467
191		510
192		461
193		455
194		460
195		455
196		462
197		464
198		419
199		443
200		462
201		435
202		449
203		444
204		416
205		412
206		403
207		415
208		419
209		380
210		408
211		401
212		370
213		368
214		383
215		398
216		405
217		416
218		362
219		385
220		388
221		395
222		372
223		355
224		347
225		348
226		329
227		348
228		342
229		371
230		345
231		307
232		309
233		339
234		333
235		326
236		351
237		307
238		301
239		310
240		300
241		324
242		310
243		306
244		297
245		280
246		294
247		298
248		264
249		284
250		283
251		296
252		294
253		279
254		299
255		294
256		301
257		251
258		279
259		249
260		269
261		260
262		253
263		254
264		252
265		263
266		273
267		279
268		282
269		252
270		253
271		249
272		260
273		264
274		251
275		237
276		220
277		217
278		242
279		246
280		230
281		248
282		246
283		224
284		280
285		256
286		255
287		241
288		253
289		257
290		238
291		208
292		231
293		236
294		239
295		196
296		219
297		205
298		215
299		209
300		225
301		211
302		191
303		211
304		195
305		186
306		208
307		226
308		182
309		192
310		217
311		199
312		185
313		203
314		191
315		185
316		159
317		206
318		209
319		181
320		179
321		187
322		188
323		166
324		172
325		172
326		169
327		180
328		185
329		173
330		170
331		170
332		179
333		191
334		158
335		192
336		169
337		153
338		157
339		174
340		173
341		158
342		157
343		198
344		164
345		156
346		149
347		140
348		169
349		171
350		153
351		158
352		166
353		170
354		183
355		144
356		136
357		158
358		144
359		160
360		143
361		163
362		172
363		151
364		118
365		126
366		154
367		159
368		142
369		136
370		134
371		165
372		128
373		141
374		116
375		158
376		138
377		124
378		149
379		128
380		142
381		117
382		136
383		121
384		149
385		131
386		112
387		147
388		124
389		126
390		142
391		129
392		133
393		123
394		118
395		121
396		130
397		136
398		128
399		122
400		137
401		113
402		123
403		114
404		138
405		113
406		157
407		127
408		114
409		116
410		115
411		104
412		124
413		97
414		125
415		103
416		131
417		130
418		109
419		128
420		108
421		137
422		120
423		119
424		113
425		105
426		113
427		127
428		121
429		86
430		105
431		103
432		115
433		120
434		91
435		102
436		115
437		110
438		109
439		106
440		108
441		116
442		107
443		109
444		112
445		109
446		121
447		99
448		106
449		104
450		105
451		110
452		98
453		103
454		107
455		106
456		101
457		102
458		95
459		93
460		100
461		93
462		107
463		91
464		101
465		81
466		104
467		87
468		88
469		94
470		94
471		103
472		105
473		115
474		97
475		90
476		76
477		89
478		88
479		85
480		89
481		83
482		93
483		78
484		90
485		85
486		99
487		73
488		86
489		84
490		86
491		92
492		94
493		85
494		69
495		68
496		74
497		106
498		97
499		86
500		87
501		90
502		96
503		87
504		82
505		91
506		86
507		93
508		90
509		90
510		92
511		90
512		78
513		80
514		78
515		91
516		85
517		94
518		80
519		81
520		93
521		77
522		79
523		95
524		71
525		70
526		64
527		75
528		84
529		83
530		70
531		82
532		69
533		91
534		77
535		87
536		71
537		92
538		80
539		64
540		71
541		64
542		78
543		73
544		73
545		70
546		91
547		74
548		70
549		64
550		68
551		65
552		70
553		66
554		69
555		76
556		77
557		72
558		73
559		66
560		66
561		77
562		73
563		77
564		71
565		75
566		74
567		58
568		75
569		63
570		69
571		72
572		67
573		76
574		62
575		72
576		71
577		83
578		63
579		72
580		65
581		71
582		68
583		70
584		68
585		64
586		64
587		59
588		74
589		69
590		60
591		68
592		52
593		76
594		68
595		71
596		73
597		75
598		57
599		53
600		57
601		53
602		63
603		68
604		63
605		72
606		56
607		60
608		59
609		63
610		49
611		55
612		60
613		49
614		64
615		50
616		56
617		53
618		67
619		52
620		52
621		63
622		51
623		65
624		53
625		53
626		50
627		57
628		62
629		64
630		51
631		45
632		60
633		44
634		63
635		59
636		57
637		59
638		53
639		51
640		61
641		68
642		59
643		47
644		68
645		56
646		53
647		55
648		61
649		46
650		63
651		46
652		60
653		53
654		65
655		59
656		44
657		50
658		63
659		55
660		65
661		46
662		56
663		53
664		49
665		59
666		45
667		53
668		57
669		55
670		59
671		46
672		58
673		57
674		39
675		58
676		52
677		34
678		59
679		51
680		56
681		55
682		57
683		47
684		53
685		34
686		42
687		53
688		48
689		53
690		46
691		46
692		58
693		59
694		53
695		42
696		43
697		51
698		46
699		42
700		54
701		44
702		49
703		45
704		45
705		54
706		53
707		54
708		41
709		54
710		44
711		45
712		55
713		51
714		41
715		44
716		40
717		56
718		52
719		40
720		31
721		41
722		39
723		39
724		48
725		47
726		39
727		46
728		47
729		36
730		43
731		40
732		46
733		41
734		54
735		50
736		33
737		46
738		40
739		42
740		32
741		40
742		42
743		58
744		29
745		46
746		42
747		36
748		26
749		44
750		45
751		41
752		42
753		37
754		42
755		32
756		34
757		49
758		34
759		45
760		45
761		37
762		31
763		36
764		41
765		44
766		39
767		48
768		38
769		39
770		42
771		47
772		36
773		46
774		34
775		37
776		39
777		28
778		38
779		31
780		33
781		42
782		39
783		41
784		28
785		41
786		28
787		32
788		33
789		28
790		36
791		34
792		41
793		41
794		37
795		25
796		43
797		45
798		40
799		48
800		33
801		39
802		34
803		28
804		35
805		36
806		29
807		51
808		45
809		31
810		27
811		38
812		41
813		36
814		44
815		27
816		24
817		35
818		42
819		50
820		33
821		32
822		38
823		36
824		34
825		45
826		41
827		30
828		43
829		34
830		34
831		38
832		32
833		44
834		36
835		36
836		26
837		38
838		27
839		34
840		36
841		33
842		28
843		26
844		32
845		31
846		38
847		34
848		32
849		36
850		31
851		34
852		31
853		27
854		38
855		36
856		29
857		31
858		35
859		28
860		27
861		29
862		28
863		41
864		33
865		38
866		26
867		31
868		30
869		36
870		25
871		19
872		27
873		26
874		36
875		36
876		29
877		40
878		28
879		26
880		36
881		35
882		31
883		34
884		35
885		22
886		31
887		32
888		23
889		40
890		27
891		35
892		28
893		24
894		36
895		35
896		34
897		27
898		39
899		22
900		30
901		30
902		29
903		27
904		27
905		25
906		26
907		28
908		36
909		21
910		32
911		21
912		28
913		22
914		36
915		25
916		41
917		40
918		31
919		25
920		29
921		25
922		32
923		28
924		29
925		33
926		33
927		26
928		26
929		31
930		37
931		30
932		29
933		32
934		25
935		33
936		24
937		28
938		20
939		32
940		29
941		33
942		25
943		31
944		22
945		26
946		19
947		29
948		23
949		30
950		37
951		37
952		31
953		33
954		29
955		33
956		28
957		24
958		30
959		23
960		25
961		31
962		28
963		33
964		29
965		39
966		22
967		25
968		28
969		22
970		22
971		26
972		23
973		24
974		28
975		32
976		34
977		30
978		25
979		22
980		24
981		31
982		30
983		25
984		25
985		22
986		22
987		28
988		20
989		23
990		25
991		28
992		25
993		33
994		22
995		20
996		24
997		34
998		22
999		17
1000		23
1001		30
1002		27
1003		17
1004		27
1005		27
1006		26
1007		15
1008		29
1009		27
1010		16
1011		24
1012		27
1013		31
1014		31
1015		23
1016		24
1017		30
1018		20
1019		22
1020		30
1021		24
1022		25
1023		29
1024		22
1025		20
1026		16
1027		20
1028		26
1029		30
1030		25
1031		27
1032		30
1033		25
1034		19
1035		29
1036		33
1037		18
1038		30
1039		27
1040		28
1041		17
1042		22
1043		15
1044		38
1045		28
1046		22
1047		18
1048		28
1049		24
1050		22
1051		30
1052		20
1053		27
1054		24
1055		35
1056		22
1057		22
1058		21
1059		25
1060		24
1061		24
1062		26
1063		22
1064		22
1065		16
1066		25
1067		19
1068		21
1069		30
1070		17
1071		28
1072		28
1073		20
1074		23
1075		29
1076		13
1077		20
1078		35
1079		29
1080		29
1081		22
1082		21
1083		23
1084		25
1085		28
1086		19
1087		28
1088		21
1089		25
1090		20
1091		25
1092		13
1093		30
1094		18
1095		19
1096		22
1097		30
1098		16
1099		21
1100		29
1101		23
1102		28
1103		20
1104		32
1105		23
1106		24
1107		22
1108		22
1109		24
1110		17
1111		19
1112		20
1113		26
1114		15
1115		21
1116		31
1117		20
1118		27
1119		32
1120		18
1121		29
1122		20
1123		18
1124		15
1125		31
1126		25
1127		25
1128		20
1129		24
1130		25
1131		21
1132		20
1133		20
1134		21
1135		18
1136		18
1137		23
1138		26
1139		25
1140		19
1141		22
1142		19
1143		19
1144		11
1145		19
1146		23
1147		15
1148		22
1149		14
1150		21
1151		21
1152		21
1153		28
1154		17
1155		21
1156		25
1157		21
1158		30
1159		18
1160		25
1161		25
1162		20
1163		25
1164		19
1165		26
1166		17
1167		21
1168		16
1169		20
1170		16
1171		20
1172		18
1173		19
1174		16
1175		22
1176		16
1177		18
1178		16
1179		22
1180		19
1181		16
1182		30
1183		26
1184		19
1185		24
1186		18
1187		22
1188		23
1189		20
1190		15
1191		21
1192		17
1193		21
1194		17
1195		17
1196		13
1197		13
1198		18
1199		15
1200		21
1201		23
1202		19
1203		10
1204		16
1205		21
1206		19
1207		17
1208		20
1209		18
1210		19
1211		18
1212		17
1213		15
1214		17
1215		17
1216		25
1217		23
1218		17
1219		16
1220		24
1221		8
1222		17
1223		11
1224		18
1225		21
1226		11
1227		7
1228		16
1229		18
1230		17
1231		19
1232		15
1233		13
1234		18
1235		10
1236		17
1237		13
1238		21
1239		23
1240		19
1241		18
1242		18
1243		20
1244		18
1245		20
1246		18
1247		14
1248		14
1249		16
1250		18
1251		24
1252		20
1253		20
1254		23
1255		12
1256		17
1257		13
1258		6
1259		25
1260		19
1261		11
1262		19
1263		13
1264		22
1265		21
1266		13
1267		20
1268		22
1269		16
1270		22
1271		23
1272		22
1273		28
1274		20
1275		15
1276		15
1277		15
1278		21
1279		18
1280		14
1281		20
1282		10
1283		13
1284		16
1285		15
1286		16
1287		15
1288		12
1289		20
1290		21
1291		18
1292		29
1293		19
1294		16
1295		19
1296		15
1297		28
1298		15
1299		17
1300		12
1301		16
1302		13
1303		14
1304		22
1305		14
1306		28
1307		25
1308		19
1309		15
1310		16
1311		24
1312		13
1313		19
1314		26
1315		15
1316		20
1317		15
1318		15
1319		24
1320		12
1321		21
1322		16
1323		12
1324		7
1325		16
1326		15
1327		9
1328		21
1329		18
1330		21
1331		16
1332		15
1333		18
1334		13
1335		12
1336		11
1337		16
1338		18
1339		10
1340		15
1341		14
1342		10
1343		15
1344		19
1345		14
1346		20
1347		17
1348		17
1349		18
1350		16
1351		15
1352		18
1353		14
1354		15
1355		21
1356		14
1357		16
1358		18
1359		14
1360		10
1361		16
1362		13
1363		12
1364		15
1365		14
1366		19
1367		12
1368		19
1369		13
1370		20
1371		19
1372		14
1373		11
1374		16
1375		11
1376		13
1377		14
1378		11
1379		17
1380		13
1381		10
1382		23
1383		14
1384		16
1385		11
1386		10
1387		11
1388		22
1389		22
1390		16
1391		15
1392		19
1393		12
1394		9
1395		11
1396		15
1397		14
1398		21
1399		13
1400		18
1401		13
1402		13
1403		10
1404		9
1405		10
1406		21
1407		16
1408		16
1409		15
1410		15
1411		10
1412		13
1413		18
1414		10
1415		19
1416		18
1417		14
1418		11
1419		12
1420		17
1421		12
1422		18
1423		8
1424		16
1425		12
1426		18
1427		15
1428		9
1429		9
1430		14
1431		19
1432		16
1433		19
1434		10
1435		16
1436		14
1437		16
1438		19
1439		12
1440		12
1441		10
1442		14
1443		14
1444		12
1445		17
1446		18
1447		10
1448		15
1449		11
1450		15
1451		9
1452		10
1453		19
1454		10
1455		16
1456		11
1457		11
1458		12
1459		18
1460		14
1461		9
1462		13
1463		11
1464		10
1465		8
1466		14
1467		14
1468		11
1469		17
1470		12
1471		26
1472		21
1473		14
1474		20
1475		12
1476		12
1477		15
1478		12
1479		12
1480		12
1481		15
1482		13
1483		10
1484		12
1485		10
1486		9
1487		17
1488		16
1489		15
1490		14
1491		16
1492		8
1493		13
1494		14
1495		11
1496		15
1497		14
1498		16
1499		16
1500		11
1501		17
1502		8
1503		15
1504		16
1505		10
1506		15
1507		18
1508		16
1509		13
1510		16
1511		11
1512		14
1513		9
1514		12
1515		18
1516		13
1517		16
1518		18
1519		21
1520		17
1521		4
1522		15
1523		16
1524		7
1525		9
1526		10
1527		14
1528		13
1529		10
1530		14
1531		10
1532		15
1533		15
1534		14
1535		10
1536		12
1537		14
1538		9
1539		11
1540		17
1541		11
1542		13
1543		14
1544		10
1545		13
1546		7
1547		16
1548		9
1549		16
1550		10
1551		12
1552		10
1553		6
1554		14
1555		14
1556		14
1557		9
1558		14
1559		16
1560		10
1561		11
1562		11
1563		17
1564		19
1565		12
1566		12
1567		16
1568		14
1569		17
1570		16
1571		12
1572		14
1573		18
1574		11
1575		13
1576		17
1577		23
1578		13
1579		11
1580		14
1581		15
1582		11
1583		10
1584		11
1585		10
1586		18
1587		9
1588		13
1589		7
1590		11
1591		8
1592		12
1593		15
1594		10
1595		12
1596		12
1597		12
1598		15
1599		7
1600		13
1601		15
1602		10
1603		18
1604		5
1605		14
1606		9
1607		21
1608		8
1609		12
1610		10
1611		10
1612		13
1613		10
1614		11
1615		6
1616		11
1617		10
1618		10
1619		19
1620		7
1621		7
1622		11
1623		12
1624		10
1625		20
1626		9
1627		17
1628		12
1629		8
1630		13
1631		7
1632		18
1633		12
1634		18
1635		17
1636		7
1637		10
1638		13
1639		11
1640		13
1641		11
1642		10
1643		10
1644		7
1645		6
1646		12
1647		11
1648		7
1649		11
1650		6
1651		4
1652		11
1653		13
1654		12
1655		16
1656		10
1657		9
1658		6
1659		11
1660		9
1661		6
1662		17
1663		11
1664		7
1665		17
1666		11
1667		11
1668		10
1669		14
1670		9
1671		20
1672		14
1673		13
1674		17
1675		15
1676		13
1677		7
1678		11
1679		8
1680		10
1681		9
1682		11
1683		9
1684		14
1685		9
1686		10
1687		9
1688		8
1689		14
1690		9
1691		18
1692		14
1693		12
1694		7
1695		14
1696		10
1697		8
1698		15
1699		14
1700		9
1701		7
1702		7
1703		15
1704		15
1705		11
1706		20
1707		11
1708		8
1709		15
1710		13
1711		11
1712		7
1713		9
1714		11
1715		11
1716		12
1717		13
1718		16
1719		11
1720		12
1721		11
1722		14
1723		6
1724		13
1725		9
1726		13
1727		14
1728		16
1729		9
1730		15
1731		15
1732		14
1733		12
1734		9
1735		8
1736		9
1737		12
1738		12
1739		8
1740		13
1741		7
1742		6
1743		7
1744		11
1745		12
1746		12
1747		14
1748		14
1749		7
1750		9
1751		10
1752		8
1753		11
1754		17
1755		4
1756		12
1757		7
1758		8
1759		12
1760		5
1761		8
1762		5
1763		13
1764		15
1765		12
1766		9
1767		11
1768		9
1769		6
1770		10
1771		14
1772		13
1773		10
1774		10
1775		12
1776		10
1777		11
1778		13
1779		6
1780		10
1781		11
1782		14
1783		11
1784		12
1785		6
1786		8
1787		12
1788		13
1789		8
1790		11
1791		10
1792		14
1793		7
1794		8
1795		10
1796		13
1797		9
1798		8
1799		11
1800		10
1801		8
1802		16
1803		11
1804		8
1805		10
1806		11
1807		7
1808		13
1809		14
1810		4
1811		15
1812		14
1813		12
1814		12
1815		2
1816		11
1817		6
1818		11
1819		8
1820		7
1821		9
1822		7
1823		8
1824		9
1825		7
1826		8
1827		6
1828		11
1829		2
1830		10
1831		17
1832		13
1833		12
1834		4
1835		10
1836		12
1837		5
1838		11
1839		10
1840		8
1841		9
1842		12
1843		8
1844		9
1845		11
1846		9
1847		8
1848		10
1849		10
1850		10
1851		6
1852		8
1853		11
1854		13
1855		10
1856		12
1857		11
1858		6
1859		10
1860		6
1861		7
1862		8
1863		10
1864		8
1865		11
1866		9
1867		14
1868		7
1869		7
1870		10
1871		5
1872		9
1873		14
1874		11
1875		9
1876		17
1877		5
1878		12
1879		12
1880		8
1881		10
1882		8
1883		10
1884		9
1885		8
1886		7
1887		8
1888		8
1889		8
1890		9
1891		8
1892		7
1893		8
1894		4
1895		14
1896		10
1897		7
1898		6
1899		9
1900		17
1901		10
1902		10
1903		8
1904		11
1905		9
1906		13
1907		6
1908		6
1909		12
1910		6
1911		6
1912		3
1913		9
1914		10
1915		13
1916		10
1917		9
1918		3
1919		8
1920		13
1921		3
1922		6
1923		12
1924		5
1925		10
1926		7
1927		11
1928		11
1929		7
1930		12
1931		10
1932		6
1933		8
1934		10
1935		3
1936		6
1937		10
1938		10
1939		11
1940		6
1941		5
1942		12
1943		6
1944		4
1945		9
1946		11
1947		8
1948		10
1949		8
1950		11
1951		8
1952		8
1953		6
1954		7
1955		8
1956		8
1957		6
1958		7
1959		6
1960		12
1961		7
1962		5
1963		6
1964		4
1965		9
1966		6
1967		10
1968		4
1969		5
1970		12
1971		9
1972		9
1973		7
1974		8
1975		7
1976		7
1977		10
1978		11
1979		13
1980		4
1981		11
1982		10
1983		3
1984		9
1985		7
1986		5
1987		10
1988		10
1989		6
1990		8
1991		11
1992		12
1993		7
1994		7
1995		5
1996		7
1997		9
1998		8
1999		3
2000		1
2001		4
2002		11
2003		9
2004		11
2005		13
2006		6
2007		13
2008		7
2009		9
2010		7
2011		3
2012		11
2013		8
2014		7
2015		10
2016		9
2017		12
2018		7
2019		12
2020		2
2021		6
2022		9
2023		7
2024		4
2025		9
2026		9
2027		2
2028		10
2029		15
2030		4
2031		5
2032		8
2033		6
2034		4
2035		12
2036		7
2037		7
2038		7
2039		10
2040		12
2041		9
2042		6
2043		8
2044		10
2045		15
2046		12
2047		6
2048		7
2049		8
2050		9
2051		12
2052		10
2053		12
2054		10
2055		4
2056		4
2057		12
2058		4
2059		3
2060		13
2061		7
2062		10
2063		4
2064		4
2065		8
2066		5
2067		6
2068		6
2069		10
2070		4
2071		10
2072		8
2073		10
2074		9
2075		6
2076		4
2077		7
2078		9
2079		8
2080		10
2081		6
2082		9
2083		8
2084		7
2085		7
2086		6
2087		7
2088		10
2089		3
2090		7
2091		6
2092		5
2093		12
2094		6
2095		9
2096		6
2097		9
2098		8
2099		2
2100		10
2101		12
2102		4
2103		8
2104		4
2105		5
2106		11
2107		12
2108		7
2109		10
2110		5
2111		13
2112		12
2113		2
2114		8
2115		10
2116		6
2117		6
2118		8
2119		12
2120		6
2121		10
2122		8
2123		8
2124		3
2125		9
2126		9
2127		7
2128		7
2129		3
2130		6
2131		10
2132		4
2133		6
2134		7
2135		7
2136		6
2137		5
2138		8
2139		12
2140		8
2141		12
2142		10
2143		5
2144		2
2145		7
2146		9
2147		8
2148		4
2149		6
2150		7
2151		6
2152		8
2153		3
2154		8
2155		6
2156		6
2157		9
2158		8
2159		9
2160		9
2161		9
2162		7
2163		9
2164		6
2165		4
2166		4
2167		12
2168		13
2169		10
2170		7
2171		6
2172		4
2173		14
2174		8
2175		9
2176		7
2177		7
2178		9
2179		3
2180		7
2181		10
2182		13
2183		9
2184		6
2185		6
2186		5
2187		4
2188		4
2189		9
2190		7
2191		15
2192		7
2193		7
2194		8
2195		7
2196		7
2197		9
2198		8
2199		4
2200		9
2201		4
2202		7
2203		8
2204		3
2205		5
2206		5
2207		13
2208		8
2209		6
2210		3
2211		2
2212		6
2213		8
2214		5
2215		11
2216		14
2217		9
2218		9
2219		8
2220		8
2221		4
2222		7
2223		10
2224		1
2225		9
2226		8
2227		7
2228		8
2229		11
2230		6
2231		5
2232		12
2233		4
2234		6
2235		8
2236		6
2237		6
2238		6
2239		12
2240		8
2241		1
2242		9
2243		5
2244		6
2245		9
2246		5
2247		7
2248		9
2249		10
2250		6
2251		10
2252		7
2253		8
2254		4
2255		7
2256		7
2257		3
2258		4
2259		3
2260		5
2261		11
2262		2
2263		8
2264		7
2265		5
2266		5
2267		7
2268		5
2269		12
2270		5
2271		10
2272		10
2273		7
2274		4
2275		5
2276		6
2277		10
2278		2
2279		13
2280		7
2281		10
2282		7
2283		3
2284		7
2285		7
2286		7
2287		5
2288		6
2289		3
2290		6
2291		6
2292		10
2293		7
2294		12
2295		8
2296		6
2297		4
2298		4
2299		7
2300		6
2301		9
2302		7
2303		9
2304		4
2305		7
2306		5
2307		8
2308		6
2309		8
2310		6
2311		11
2312		6
2313		6
2314		7
2315		5
2316		5
2317		4
2318		9
2319		5
2320		8
2321		3
2322		4
2323		7
2324		5
2325		9
2326		6
2327		4
2328		9
2329		4
2330		6
2331		3
2332		8
2333		9
2334		3
2335		9
2336		3
2337		13
2338		7
2339		7
2340		4
2341		7
2342		5
2343		6
2344		11
2345		8
2346		7
2347		9
2348		6
2349		7
2350		9
2351		4
2352		8
2353		4
2354		14
2355		7
2356		7
2357		2
2358		7
2359		8
2360		7
2361		10
2362		6
2363		12
2364		4
2365		4
2366		7
2367		3
2368		7
2369		5
2370		4
2371		10
2372		6
2373		7
2374		7
2375		4
2376		8
2377		6
2378		9
2379		7
2380		3
2381		3
2382		6
2383		6
2384		6
2385		4
2386		2
2387		7
2388		3
2389		4
2390		6
2391		10
2392		4
2393		11
2394		3
2395		6
2396		5
2397		4
2398		5
2399		5
2400		4
2401		6
2402		5
2403		6
2404		3
2405		4
2406		4
2407		9
2408		2
2409		3
2410		9
2411		3
2412		1
2413		4
2414		5
2415		6
2416		4
2417		7
2418		3
2419		6
2420		4
2421		7
2422		10
2423		11
2424		11
2425		8
2426		5
2427		4
2428		12
2429		7
2430		3
2431		5
2432		4
2433		4
2434		2
2435		4
2436		3
2437		7
2438		1
2439		10
2440		5
2441		10
2442		7
2443		4
2444		6
2445		10
2446		6
2447		8
2448		9
2449		2
2450		10
2451		7
2452		5
2453		6
2454		3
2455		4
2456		9
2457		11
2458		5
2459		7
2460		7
2461		5
2462		6
2463		10
2464		6
2465		4
2466		6
2467		4
2468		4
2469		8
2470		6
2471		4
2472		9
2473		5
2474		6
2475		6
2476		4
2477		5
2478		8
2479		2
2480		7
2481		6
2482		8
2483		10
2484		4
2485		10
2486		6
2487		3
2488		6
2489		8
2490		8
2491		1
2492		7
2493		3
2494		5
2495		4
2496		6
2497		13
2498		6
2499		8
2500		5
2501		1
2502		5
2503		7
2504		8
2505		6
2506		3
2507		3
2509		5
2510		6
2511		11
2512		6
2513		2
2514		4
2515		4
2516		7
2517		2
2518		3
2519		6
2520		1
2521		5
2522		2
2523		4
2524		2
2525		2
2526		6
2527		5
2528		6
2529		4
2530		6
2531		11
2532		7
2533		3
2534		5
2535		9
2536		4
2537		6
2538		8
2539		12
2540		6
2541		3
2542		5
2543		4
2544		6
2545		2
2546		6
2547		2
2548		5
2549		3
2550		3
2551		8
2552		4
2553		8
2554		5
2555		4
2556		5
2557		7
2558		9
2559		4
2560		6
2561		9
2562		7
2563		6
2564		4
2565		7
2566		7
2567		5
2568		4
2569		4
2570		8
2571		6
2572		5
2573		6
2574		2
2575		4
2576		4
2577		13
2578		6
2579		4
2580		6
2581		9
2582		7
2583		6
2584		1
2585		7
2586		5
2587		3
2588		6
2589		4
2590		5
2591		8
2592		12
2593		4
2594		4
2595		6
2596		4
2597		7
2598		5
2599		6
2600		4
2601		3
2602		6
2603		6
2604		6
2605		5
2606		3
2607		7
2608		4
2609		4
2610		3
2611		4
2612		6
2613		6
2614		4
2615		1
2616		5
2617		6
2618		4
2619		4
2620		7
2621		5
2622		5
2623		3
2624		3
2625		8
2626		4
2627		3
2628		5
2629		7
2630		3
2631		5
2632		8
2633		4
2634		9
2635		6
2636		6
2637		6
2638		1
2640		6
2641		4
2642		3
2643		6
2644		8
2645		4
2646		5
2647		7
2648		4
2649		7
2650		2
2651		9
2652		2
2653		9
2654		8
2655		4
2656		4
2657		9
2658		4
2659		11
2660		1
2661		6
2662		8
2663		2
2664		1
2665		7
2666		6
2667		5
2668		5
2669		6
2670		4
2671		8
2672		5
2673		4
2674		9
2675		13
2677		4
2678		1
2679		4
2680		5
2681		6
2682		6
2683		8
2684		9
2685		4
2686		6
2687		3
2688		5
2689		2
2690		7
2691		4
2692		2
2693		4
2694		4
2695		10
2696		7
2697		3
2698		3
2699		8
2700		1
2701		3
2702		3
2703		4
2704		5
2705		5
2706		7
2707		6
2708		4
2709		5
2710		2
2711		8
2712		7
2713		3
2714		6
2715		2
2716		6
2717		8
2718		11
2719		11
2720		6
2721		6
2722		7
2723		8
2724		6
2725		4
2726		6
2727		7
2728		7
2729		7
2730		5
2731		5
2732		4
2733		7
2734		10
2735		8
2736		6
2737		4
2738		7
2739		5
2740		3
2741		5
2742		7
2743		4
2744		10
2745		6
2746		1
2747		3
2748		7
2749		5
2750		8
2751		6
2752		5
2753		2
2754		6
2755		6
2756		5
2757		5
2758		5
2759		10
2760		3
2761		2
2762		7
2763		6
2764		7
2765		4
2766		6
2767		2
2768		9
2769		5
2770		6
2771		3
2772		9
2773		7
2774		3
2775		1
2776		3
2777		3
2778		7
2779		3
2780		2
2781		7
2782		4
2783		5
2784		3
2785		5
2786		6
2787		6
2788		4
2789		6
2790		6
2791		4
2792		3
2793		4
2794		1
2795		7
2796		6
2797		4
2798		9
2799		6
2800		5
2801		2
2802		2
2803		4
2804		3
2805		3
2806		5
2807		3
2808		3
2809		5
2810		8
2811		6
2812		6
2813		6
2814		10
2815		2
2816		9
2817		9
2818		5
2819		4
2820		4
2821		6
2822		4
2823		5
2824		2
2825		9
2826		2
2827		4
2828		5
2829		5
2830		5
2831		5
2832		2
2833		5
2834		2
2835		9
2836		11
2837		4
2838		11
2839		7
2840		4
2841		4
2842		2
2843		7
2844		7
2845		6
2846		3
2847		3
2848		4
2849		2
2850		6
2851		5
2852		2
2853		6
2854		1
2855		2
2856		4
2857		9
2858		2
2859		3
2860		8
2861		10
2862		7
2863		5
2864		5
2865		5
2866		3
2867		6
2868		4
2869		1
2870		4
2871		5
2872		8
2873		3
2874		3
2875		1
2876		8
2877		9
2878		7
2879		3
2880		3
2881		6
2882		2
2883		5
2884		2
2885		3
2886		4
2887		3
2888		4
2889		4
2890		6
2891		4
2892		3
2893		3
2894		1
2895		4
2896		4
2897		4
2898		4
2899		1
2900		6
2901		4
2902		4
2903		7
2904		6
2905		9
2906		8
2907		7
2908		5
2909		3
2910		7
2911		3
2912		2
2913		7
2914		6
2915		8
2916		6
2917		4
2918		5
2919		4
2920		1
2921		3
2922		3
2923		2
2924		2
2925		4
2926		1
2927		2
2928		5
2929		6
2930		3
2931		2
2932		3
2933		3
2934		3
2935		3
2936		3
2937		3
2938		4
2939		2
2940		4
2941		3
2942		9
2943		1
2944		3
2945		2
2946		3
2947		1
2948		4
2949		4
2950		2
2951		3
2952		3
2953		5
2954		3
2955		6
2956		4
2957		3
2958		5
2959		5
2960		7
2962		5
2963		4
2964		8
2965		2
2966		8
2967		7
2968		1
2969		4
2970		6
2971		3
2972		1
2973		4
2974		3
2975		1
2976		5
2977		3
2978		4
2979		1
2980		4
2981		4
2982		6
2983		5
2984		4
2985		3
2986		2
2987		4
2988		4
2989		4
2990		6
2991		3
2992		5
2993		3
2994		11
2995		4
2996		5
2997		7
2998		4
2999		2
3000		1
3001		8
3002		2
3003		2
3004		9
3005		6
3006		1
3007		1
3008		4
3009		5
3010		2
3011		3
3012		4
3013		4
3014		6
3015		8
3016		1
3017		6
3018		5
3019		2
3020		7
3021		5
3022		5
3023		5
3024		1
3025		6
3026		4
3027		6
3028		4
3029		3
3030		4
3031		4
3032		4
3033		6
3034		5
3035		5
3036		5
3037		4
3038		7
3039		5
3040		4
3041		5
3042		6
3043		5
3044		8
3045		7
3046		4
3047		7
3048		6
3049		2
3050		4
3051		6
3052		4
3053		4
3054		4
3055		7
3056		3
3057		4
3058		5
3059		4
3060		1
3061		7
3062		3
3063		7
3064		6
3065		7
3066		4
3067		3
3068		6
3069		4
3070		4
3071		5
3072		8
3073		5
3074		8
3075		2
3076		4
3077		7
3078		2
3079		3
3080		2
3081		1
3082		6
3083		3
3084		4
3085		10
3086		8
3087		5
3088		3
3089		5
3090		6
3091		4
3092		3
3093		1
3094		6
3095		7
3096		7
3097		6
3098		1
3099		5
3100		3
3101		5
3102		9
3103		8
3104		6
3105		6
3106		3
3107		1
3108		8
3109		3
3110		3
3111		2
3112		4
3113		7
3114		7
3115		2
3116		4
3117		4
3118		3
3119		7
3120		3
3121		6
3122		2
3123		4
3124		2
3125		6
3126		3
3127		2
3128		2
3129		2
3130		4
3131		6
3132		6
3133		2
3134		4
3135		4
3136		5
3137		5
3138		3
3139		8
3140		8
3141		5
3142		2
3143		5
3144		6
3145		4
3146		3
3147		2
3148		4
3149		3
3150		4
3151		5
3152		6
3153		1
3154		2
3155		3
3156		3
3157		7
3158		2
3159		4
3160		2
3161		3
3162		2
3163		5
3164		5
3165		5
3166		2
3167		5
3168		5
3169		4
3170		4
3171		2
3172		6
3173		4
3174		3
3175		6
3176		6
3177		2
3178		3
3179		4
3180		3
3181		6
3182		7
3183		6
3184		4
3185		4
3186		7
3187		4
3188		1
3189		5
3190		7
3191		6
3192		5
3193		6
3194		6
3195		4
3196		5
3197		1
3198		7
3199		3
3200		6
3201		5
3202		7
3203		11
3204		7
3205		3
3206		5
3207		2
3208		2
3209		1
3210		2
3211		8
3212		9
3213		6
3214		6
3215		2
3216		3
3217		8
3218		1
3219		1
3220		5
3221		4
3222		2
3223		3
3224		2
3225		3
3226		5
3227		11
3228		7
3229		3
3230		3
3231		5
3232		2
3233		3
3234		4
3235		1
3236		5
3237		7
3239		7
3240		7
3241		3
3242		5
3243		4
3244		3
3245		6
3246		4
3247		1
3248		2
3250		7
3251		3
3252		6
3253		2
3254		5
3255		2
3256		5
3257		3
3258		9
3259		8
3260		3
3261		3
3262		7
3263		7
3264		7
3265		4
3266		3
3267		5
3268		2
3269		3
3270		10
3271		1
3272		1
3273		6
3274		3
3275		1
3276		5
3277		5
3278		5
3279		2
3280		6
3281		3
3282		4
3283		5
3285		8
3286		2
3287		6
3288		5
3289		4
3290		2
3292		5
3293		5
3294		5
3295		3
3296		3
3297		7
3298		7
3299		2
3300		5
3301		3
3302		5
3303		4
3304		1
3305		4
3306		1
3307		1
3308		2
3309		1
3310		7
3311		4
3312		1
3313		7
3314		9
3315		5
3316		1
3317		6
3318		6
3319		6
3320		6
3321		5
3322		3
3323		3
3324		2
3325		5
3326		6
3327		5
3328		5
3329		5
3330		4
3331		6
3332		6
3333		5
3334		2
3335		3
3336		1
3337		5
3338		3
3339		2
3340		5
3341		5
3342		4
3343		2
3344		7
3345		7
3346		5
3347		6
3348		2
3349		6
3350		6
3351		5
3352		6
3353		7
3354		3
3355		4
3356		3
3357		3
3358		5
3359		4
3360		2
3361		5
3362		3
3363		4
3364		7
3365		3
3366		2
3367		3
3368		5
3369		4
3370		4
3371		2
3372		4
3373		4
3374		6
3375		1
3376		2
3377		4
3378		6
3379		3
3380		3
3381		5
3382		3
3383		1
3384		4
3385		4
3386		4
3387		5
3388		5
3389		1
3390		2
3391		5
3392		3
3393		4
3394		2
3395		2
3396		2
3397		4
3398		5
3399		5
3400		4
3401		7
3402		4
3403		6
3404		4
3405		2
3406		4
3407		2
3408		2
3409		6
3410		3
3411		4
3413		5
3414		6
3415		4
3416		4
3417		7
3418		1
3419		4
3420		2
3421		7
3422		4
3423		1
3424		2
3425		1
3426		6
3427		4
3428		4
3429		5
3430		3
3431		4
3432		6
3433		2
3434		4
3435		3
3436		4
3437		3
3438		5
3439		1
3440		4
3441		4
3442		2
3443		4
3445		4
3446		1
3447		4
3448		4
3449		2
3450		1
3451		4
3452		5
3453		4
3454		2
3455		4
3456		6
3457		4
3458		2
3459		3
3460		3
3461		4
3462		2
3463		6
3464		4
3465		2
3466		5
3467		4
3468		4
3469		3
3470		6
3471		3
3472		8
3473		2
3474		7
3475		5
3476		4
3477		6
3478		4
3479		1
3480		6
3481		4
3482		6
3483		5
3484		1
3485		4
3486		6
3487		1
3489		2
3490		4
3491		2
3492		4
3493		1
3495		1
3496		5
3497		3
3498		3
3499		4
3500		3
3501		4
3502		4
3503		4
3504		1
3505		6
3506		6
3507		1
3508		6
3509		3
3510		3
3511		4
3512		3
3513		5
3514		3
3515		2
3516		3
3517		2
3518		2
3519		6
3520		5
3521		2
3522		3
3523		1
3524		5
3525		1
3526		5
3527		7
3528		5
3529		6
3530		3
3531		5
3532		3
3533		4
3534		4
3535		2
3536		4
3537		5
3538		6
3539		4
3540		1
3541		9
3542		1
3543		3
3544		5
3545		4
3546		2
3547		2
3548		2
3549		4
3550		3
3551		2
3552		3
3553		3
3554		4
3555		3
3556		2
3557		3
3558		2
3559		7
3561		3
3562		4
3563		4
3564		3
3565		3
3566		2
3567		1
3568		2
3569		6
3570		2
3571		7
3572		2
3573		6
3574		2
3575		4
3576		2
3577		1
3578		3
3579		3
3580		2
3581		3
3582		1
3583		3
3584		3
3585		2
3587		1
3588		3
3589		4
3590		5
3591		2
3592		3
3593		1
3594		1
3595		2
3596		3
3597		7
3598		3
3599		1
3600		4
3601		4
3602		3
3603		10
3604		2
3605		6
3606		4
3607		3
3608		6
3609		6
3610		7
3611		5
3612		1
3613		1
3614		3
3616		1
3617		2
3618		3
3619		7
3620		6
3621		3
3622		9
3623		1
3624		4
3625		8
3626		1
3627		3
3628		3
3629		3
3630		3
3631		2
3632		3
3633		5
3634		2
3635		1
3636		2
3637		5
3638		5
3639		3
3640		4
3641		6
3642		4
3643		7
3644		4
3645		4
3646		2
3647		7
3649		4
3650		2
3651		9
3652		1
3653		4
3654		6
3655		4
3656		2
3657		1
3658		7
3659		5
3660		2
3661		6
3662		3
3663		5
3664		2
3665		2
3666		5
3667		4
3668		4
3669		2
3670		2
3671		4
3672		4
3673		3
3675		6
3676		5
3677		3
3678		3
3679		5
3680		4
3681		2
3682		4
3683		5
3684		5
3685		1
3686		3
3687		3
3688		6
3689		2
3690		1
3691		4
3692		2
3693		6
3694		2
3696		4
3697		6
3698		5
3699		4
3700		1
3701		3
3702		4
3703		3
3704		3
3705		3
3707		2
3708		5
3709		5
3710		4
3711		5
3712		3
3713		4
3714		5
3715		3
3716		1
3717		2
3718		3
3719		2
3720		1
3721		2
3722		2
3723		3
3724		3
3725		2
3726		3
3727		4
3728		6
3729		7
3730		4
3731		4
3732		4
3733		5
3734		4
3735		4
3736		6
3737		5
3738		4
3739		3
3740		5
3741		7
3742		3
3743		3
3744		4
3745		3
3746		4
3747		6
3748		4
3749		4
3750		5
3751		2
3752		6
3753		3
3754		5
3755		5
3756		5
3757		3
3758		2
3759		5
3760		5
3761		4
3762		6
3763		4
3764		4
3765		5
3766		1
3767		2
3768		1
3769		6
3770		4
3771		7
3772		2
3773		2
3774		1
3775		2
3776		2
3777		2
3778		4
3779		2
3780		5
3781		3
3782		4
3783		4
3784		1
3785		3
3786		3
3787		3
3788		4
3789		4
3790		2
3791		1
3792		3
3793		1
3794		3
3795		3
3796		5
3797		3
3798		4
3799		3
3800		1
3801		4
3802		4
3803		1
3804		3
3805		4
3806		3
3807		6
3808		5
3809		4
3810		3
3811		4
3812		3
3813		2
3814		3
3815		2
3816		3
3817		4
3818		3
3819		6
3820		3
3821		4
3822		4
3823		3
3825		5
3826		2
3827		4
3828		3
3829		3
3831		3
3832		4
3833		3
3834		5
3835		2
3836		2
3837		4
3838		5
3839		5
3840		2
3841		5
3842		6
3843		2
3844		4
3845		3
3847		3
3848		2
3849		4
3850		6
3851		2
3852		2
3853		3
3854		3
3855		3
3856		1
3858		1
3859		2
3860		2
3861		3
3862		2
3863		2
3864		2
3865		2
3866		2
3867		4
3868		1
3869		5
3870		2
3871		5
3872		1
3873		6
3874		5
3875		1
3876		3
3877		2
3879		4
3880		1
3881		1
3882		4
3883		4
3884		2
3885		3
3886		4
3887		1
3888		3
3889		3
3890		3
3891		6
3892		2
3893		1
3894		4
3895		2
3896		4
3897		5
3898		4
3899		7
3900		2
3901		4
3902		2
3903		1
3904		4
3905		2
3906		4
3907		1
3908		2
3909		5
3910		4
3911		3
3912		7
3913		7
3914		1
3915		2
3916		2
3917		3
3918		3
3919		1
3920		7
3921		5
3922		2
3923		3
3924		3
3925		6
3926		5
3927		1
3928		2
3929		3
3930		1
3931		5
3932		1
3933		4
3934		3
3935		3
3936		3
3937		4
3938		4
3939		2
3940		1
3941		5
3942		5
3943		4
3944		4
3945		6
3946		3
3947		3
3948		4
3949		2
3950		3
3951		6
3952		6
3954		2
3955		1
3956		4
3957		6
3958		2
3960		3
3961		7
3962		2
3963		4
3964		6
3965		4
3966		2
3968		2
3970		2
3971		2
3973		3
3974		3
3975		5
3976		6
3978		3
3979		2
3980		4
3981		6
3982		4
3983		4
3984		4
3985		6
3987		4
3988		4
3989		4
3990		6
3991		4
3992		5
3993		5
3994		6
3995		4
3996		2
3997		4
3998		3
3999		1
4000		3
4001		1
4002		3
4003		3
4005		5
4006		4
4007		3
4008		2
4009		3
4010		2
4011		2
4012		5
4013		5
4014		5
4015		1
4016		7
4017		5
4018		8
4019		5
4020		2
4021		2
4022		2
4024		3
4025		3
4026		4
4027		3
4028		5
4029		2
4030		4
4031		4
4032		5
4033		2
4034		3
4035		6
4036		2
4037		4
4038		3
4039		3
4040		2
4041		1
4043		1
4044		1
4045		1
4046		4
4047		4
4048		8
4049		2
4050		4
4051		2
4052		3
4053		2
4054		1
4055		2
4056		2
4057		3
4058		4
4059		3
4060		5
4061		2
4062		2
4063		1
4064		3
4065		3
4066		3
4067		3
4069		2
4070		2
4071		4
4072		1
4074		2
4075		5
4076		6
4077		3
4078		8
4079		7
4080		2
4082		5
4083		2
4084		1
4086		4
4087		3
4088		2
4089		6
4090		4
4091		1
4092		5
4093		1
4094		2
4095		4
4096		3
4097		4
4098		3
4100		2
4101		4
4102		2
4103		5
4104		5
4105		3
4106		5
4107		5
4108		3
4109		2
4110		6
4111		2
4112		3
4113		3
4114		3
4115		3
4116		3
4117		1
4118		1
4119		2
4120		4
4121		3
4122		3
4123		2
4124		3
4125		3
4126		2
4127		2
4128		5
4129		2
4130		2
4131		2
4133		1
4134		5
4135		1
4136		4
4137		1
4138		3
4139		4
4140		2
4141		4
4142		4
4143		5
4144		1
4145		2
4146		5
4147		2
4148		1
4149		4
4151		1
4152		2
4153		6
4154		2
4155		4
4156		1
4157		3
4158		2
4159		5
4160		1
4161		3
4162		3
4163		7
4164		2
4165		7
4166		1
4167		1
4168		2
4169		2
4170		4
4171		4
4172		2
4173		1
4174		4
4175		4
4176		2
4177		3
4178		2
4179		5
4180		1
4181		2
4182		2
4183		1
4184		3
4185		4
4186		3
4187		3
4188		4
4189		2
4190		4
4191		2
4193		2
4194		3
4195		2
4196		4
4197		3
4198		1
4199		3
4200		2
4201		2
4202		3
4204		1
4205		5
4206		2
4207		2
4208		4
4209		3
4210		3
4211		3
4212		3
4213		5
4214		4
4215		2
4216		1
4217		2
4218		3
4219		2
4220		1
4221		3
4222		3
4223		3
4224		3
4225		3
4226		1
4228		4
4229		2
4230		2
4231		3
4232		3
4234		4
4235		3
4236		4
4237		1
4238		5
4239		3
4240		4
4241		2
4242		2
4243		2
4245		3
4246		4
4247		3
4248		1
4249		2
4250		4
4251		3
4252		3
4253		3
4254		6
4255		2
4256		2
4257		1
4258		1
4259		2
4261		2
4262		1
4263		1
4264		1
4265		3
4266		4
4267		2
4268		1
4269		2
4270		2
4271		4
4272		2
4273		5
4274		5
4275		2
4276		1
4278		2
4279		3
4280		3
4281		2
4282		2
4283		2
4284		5
4285		3
4286		5
4288		2
4289		3
4290		5
4291		5
4292		4
4293		2
4294		4
4295		3
4296		1
4297		2
4298		4
4299		3
4300		3
4301		8
4302		2
4303		6
4304		4
4305		5
4306		2
4307		2
4308		2
4309		2
4310		2
4312		2
4314		3
4315		4
4316		2
4317		2
4318		1
4319		2
4320		2
4321		3
4322		3
4323		2
4325		2
4326		1
4328		4
4329		5
4330		3
4331		5
4332		1
4333		2
4334		3
4335		2
4336		2
4337		6
4338		1
4339		2
4340		3
4341		2
4342		4
4343		1
4344		1
4345		8
4346		3
4347		2
4348		2
4349		1
4350		2
4351		3
4352		2
4353		2
4355		3
4356		5
4357		3
4358		3
4359		2
4360		2
4361		3
4362		2
4363		2
4364		1
4365		1
4366		4
4367		3
4369		2
4370		5
4371		1
4372		4
4373		2
4374		1
4376		4
4377		4
4378		1
4380		4
4381		4
4382		4
4383		3
4384		2
4386		4
4387		3
4389		2
4391		4
4392		1
4393		1
4394		2
4396		3
4397		2
4398		3
4399		5
4400		2
4401		2
4402		7
4403		1
4404		2
4405		1
4406		1
4407		4
4408		2
4409		1
4410		3
4411		2
4412		1
4413		2
4414		3
4415		4
4416		5
4417		1
4418		3
4419		2
4420		2
4421		1
4424		3
4426		5
4427		1
4428		3
4429		3
4431		2
4432		2
4433		1
4434		3
4436		2
4437		3
4440		2
4441		11
4442		4
4443		3
4444		4
4445		1
4446		3
4447		4
4449		3
4450		3
4451		2
4453		4
4454		1
4455		1
4457		1
4458		3
4459		2
4460		5
4461		3
4462		2
4463		4
4464		1
4466		3
4467		7
4468		5
4469		2
4470		2
4471		3
4473		2
4474		4
4475		2
4476		1
4477		4
4479		3
4480		2
4481		2
4482		2
4483		2
4484		1
4485		3
4487		2
4488		1
4489		2
4490		3
4491		2
4493		2
4494		2
4495		3
4496		1
4497		3
4498		1
4499		2
4500		2
4502		2
4503		3
4504		3
4505		3
4506		2
4507		2
4508		2
4509		2
4510		2
4511		2
4512		2
4513		2
4514		1
4515		1
4516		2
4517		3
4518		1
4519		6
4520		1
4521		3
4522		8
4523		3
4524		2
4525		2
4526		6
4527		3
4529		5
4530		1
4531		5
4532		1
4533		2
4534		4
4535		6
4536		2
4537		2
4538		1
4539		2
4540		1
4541		2
4542		2
4543		3
4544		3
4545		4
4546		2
4547		1
4548		4
4549		4
4551		2
4552		2
4553		1
4554		7
4555		2
4556		1
4557		1
4558		4
4559		3
4561		2
4562		5
4563		5
4564		2
4565		3
4566		4
4567		2
4568		2
4569		1
4570		1
4571		2
4572		1
4573		1
4574		6
4575		3
4576		1
4577		2
4578		3
4581		3
4582		3
4583		1
4584		2
4586		3
4589		3
4590		2
4591		1
4592		3
4594		1
4595		2
4596		1
4597		4
4598		2
4599		3
4600		3
4601		2
4602		3
4603		4
4604		2
4605		1
4606		2
4607		1
4608		4
4609		2
4610		2
4612		2
4613		1
4614		2
4615		4
4616		3
4617		7
4618		4
4619		2
4620		1
4621		1
4622		1
4623		3
4624		1
4626		1
4627		5
4628		5
4629		2
4630		2
4631		3
4632		1
4633		1
4635		2
4636		4
4638		1
4639		3
4640		2
4642		5
4643		3
4645		4
4646		2
4647		1
4648		2
4649		5
4650		4
4651		2
4652		3
4653		3
4654		4
4655		2
4656		3
4657		2
4658		3
4659		5
4660		2
4662		4
4663		3
4664		2
4665		1
4667		2
4668		1
4670		1
4671		1
4672		1
4673		4
4674		2
4675		2
4676		1
4677		3
4678		5
4679		2
4680		1
4681		2
4682		1
4683		1
4685		2
4686		4
4688		1
4689		2
4690		4
4691		4
4692		1
4693		1
4694		3
4695		4
4696		4
4698		3
4699		3
4700		4
4701		3
4702		2
4703		1
4704		6
4705		2
4706		4
4707		4
4708		1
4709		2
4710		3
4711		1
4712		2
4713		2
4714		1
4715		2
4716		3
4717		1
4718		3
4719		1
4720		3
4721		2
4722		3
4723		1
4724		2
4725		2
4726		1
4727		2
4728		4
4730		2
4731		3
4732		2
4734		2
4735		2
4736		2
4737		2
4738		2
4739		1
4740		2
4741		2
4742		4
4743		3
4744		4
4745		3
4746		1
4747		2
4748		1
4749		1
4751		2
4752		1
4753		1
4754		2
4755		2
4757		4
4758		3
4759		1
4760		2
4761		2
4762		3
4763		2
4764		2
4765		2
4767		1
4768		4
4769		4
4770		3
4771		4
4772		2
4773		3
4776		2
4777		2
4778		3
4779		1
4780		2
4781		1
4782		2
4784		2
4785		2
4787		2
4788		1
4791		2
4792		3
4793		3
4795		3
4796		7
4797		2
4798		3
4799		2
4800		2
4801		3
4802		1
4803		1
4804		2
4805		3
4806		1
4807		2
4809		2
4810		3
4812		1
4813		3
4814		1
4816		1
4817		2
4818		3
4819		3
4820		1
4821		3
4822		5
4823		1
4824		2
4825		2
4826		3
4827		2
4830		4
4831		2
4834		3
4835		2
4836		4
4837		1
4839		1
4840		3
4841		4
4842		2
4843		2
4844		3
4845		5
4846		3
4848		4
4849		2
4850		1
4851		1
4852		2
4854		2
4855		2
4856		2
4857		2
4858		3
4861		5
4863		3
4864		4
4865		3
4866		1
4869		2
4870		1
4871		1
4872		1
4873		1
4874		4
4875		2
4876		5
4877		6
4879		1
4880		2
4881		5
4882		1
4883		4
4884		3
4885		4
4886		3
4887		3
4888		4
4890		2
4892		1
4893		1
4894		3
4895		2
4896		1
4898		3
4899		3
4900		2
4901		1
4902		3
4903		4
4905		1
4906		2
4907		1
4908		1
4909		1
4910		1
4911		3
4912		1
4913		1
4914		1
4915		5
4918		2
4919		2
4920		1
4921		2
4922		1
4923		2
4924		2
4925		1
4926		1
4928		2
4929		2
4930		1
4931		1
4933		1
4934		2
4936		4
4937		1
4938		1
4939		1
4940		2
4941		3
4942		6
4944		1
4945		1
4946		1
4947		2
4950		1
4953		2
4954		1
4955		1
4956		2
4957		2
4958		2
4961		1
4962		6
4964		2
4965		2
4968		1
4969		4
4970		3
4971		3
4972		1
4973		2
4974		2
4975		4
4976		1
4977		4
4979		2
4980		1
4981		1
4982		4
4983		5
4985		4
4986		2
4987		4
4988		3
4989		2
4990		1
4991		1
4992		1
4993		1
4994		3
4995		3
4996		3
4997		1
4999		1
5000		2
5002		2
5003		3
5004		4
5006		1
5007		1
5008		1
5009		2
5010		2
5011		1
5012		3
5016		2
5017		1
5020		3
5021		3
5022		2
5024		2
5025		2
5026		2
5027		3
5029		3
5030		2
5031		4
5032		2
5033		1
5034		2
5035		2
5036		1
5037		2
5038		2
5039		1
5040		2
5041		1
5042		3
5043		1
5044		2
5045		1
5046		1
5047		1
5048		1
5049		3
5050		1
5051		4
5052		1
5054		3
5055		1
5056		2
5057		4
5058		1
5060		3
5061		2
5062		4
5063		1
5064		1
5065		3
5066		2
5067		2
5068		2
5070		1
5071		4
5073		2
5074		1
5075		2
5076		1
5077		1
5078		3
5079		1
5081		1
5082		2
5083		1
5084		2
5086		4
5087		3
5088		2
5089		2
5090		1
5091		3
5092		2
5093		3
5094		3
5095		1
5097		4
5098		2
5099		3
5100		1
5101		1
5102		3
5103		2
5104		1
5107		1
5108		2
5110		1
5111		3
5113		1
5114		3
5115		3
5116		3
5117		2
5119		3
5120		1
5122		2
5123		1
5124		1
5125		1
5126		2
5127		2
5128		1
5129		4
5130		3
5132		1
5133		4
5135		4
5136		1
5137		5
5138		2
5140		1
5141		1
5142		2
5144		2
5145		4
5146		1
5147		3
5148		2
5149		1
5150		1
5151		1
5153		3
5154		1
5155		1
5157		2
5158		5
5159		2
5160		1
5161		1
5162		4
5163		2
5164		1
5165		1
5166		1
5168		2
5169		2
5170		2
5171		3
5172		1
5173		1
5174		1
5175		1
5176		2
5177		2
5179		2
5180		3
5182		2
5183		2
5184		1
5185		2
5186		1
5188		2
5190		1
5191		1
5192		3
5193		1
5194		1
5195		2
5197		2
5198		4
5199		2
5200		2
5201		3
5202		2
5203		3
5205		3
5207		1
5208		3
5209		1
5210		1
5211		3
5212		2
5213		3
5214		1
5216		2
5218		1
5219		3
5220		1
5223		1
5224		5
5225		2
5226		3
5227		1
5231		1
5233		1
5235		2
5237		2
5238		1
5239		2
5240		1
5241		1
5242		2
5243		1
5244		2
5245		1
5246		5
5247		1
5251		1
5252		2
5253		1
5254		5
5259		1
5260		2
5261		1
5262		1
5263		1
5264		1
5266		1
5267		2
5268		2
5269		2
5271		1
5273		2
5275		1
5278		2
5279		2
5280		3
5283		1
5284		2
5285		1
5286		2
5288		2
5289		2
5290		3
5291		1
5292		1
5293		1
5294		2
5295		2
5298		2
5299		1
5301		2
5303		1
5304		2
5305		2
5306		1
5307		3
5309		2
5310		1
5311		1
5312		3
5313		1
5314		3
5315		1
5316		1
5319		2
5321		1
5322		2
5324		1
5326		1
5327		2
5328		1
5331		3
5332		3
5333		1
5334		1
5336		1
5338		1
5339		2
5341		1
5343		2
5346		1
5347		2
5348		1
5349		1
5351		1
5353		2
5354		2
5355		2
5356		1
5357		2
5359		1
5360		1
5361		2
5362		1
5365		1
5366		1
5368		3
5369		2
5371		1
5372		1
5373		2
5374		1
5375		1
5377		2
5379		2
5381		3
5386		4
5389		2
5390		2
5391		3
5392		1
5393		1
5394		2
5396		2
5398		2
5399		2
5401		1
5402		1
5403		2
5405		2
5406		1
5407		1
5408		2
5409		1
5410		1
5411		4
5412		1
5413		1
5414		2
5415		1
5416		1
5417		1
5418		1
5419		3
5420		3
5422		1
5424		2
5425		1
5426		2
5427		2
5428		1
5429		1
5430		2
5432		2
5433		4
5434		1
5435		1
5436		1
5437		1
5438		3
5440		3
5441		2
5443		2
5445		2
5446		3
5451		1
5452		2
5454		1
5455		3
5456		3
5457		2
5458		3
5460		5
5462		2
5465		1
5466		2
5467		6
5469		1
5470		2
5471		2
5472		3
5473		1
5475		2
5478		3
5480		1
5481		1
5484		1
5485		1
5486		1
5487		2
5488		1
5489		1
5491		1
5492		1
5493		1
5495		2
5499		1
5500		1
5501		1
5504		1
5506		1
5508		1
5509		3
5510		1
5511		1
5512		1
5516		1
5517		4
5520		1
5521		1
5522		2
5523		1
5524		2
5527		1
5529		2
5530		2
5531		2
5532		2
5533		2
5534		1
5537		1
5539		1
5540		1
5541		2
5542		1
5543		3
5544		1
5545		2
5546		2
5547		1
5548		2
5549		1
5551		2
5552		1
5553		3
5554		1
5555		1
5556		1
5557		1
5558		3
5560		2
5561		3
5562		1
5563		2
5564		2
5566		1
5567		1
5568		2
5569		2
5572		1
5574		2
5577		1
5578		1
5580		1
5581		1
5585		1
5586		1
5587		1
5588		1
5589		1
5590		2
5591		1
5593		1
5596		1
5597		2
5598		3
5599		1
5600		2
5602		1
5603		1
5604		2
5605		3
5606		1
5608		1
5610		1
5611		2
5612		2
5613		1
5614		1
5615		2
5617		1
5620		1
5621		2
5622		1
5623		1
5624		2
5627		1
5629		1
5631		1
5632		2
5633		2
5635		3
5636		1
5638		2
5642		1
5644		2
5645		3
5646		1
5648		1
5649		2
5650		1
5652		2
5653		2
5657		4
5658		2
5659		4
5660		1
5661		1
5663		2
5664		1
5668		1
5669		2
5670		2
5673		1
5675		2
5676		1
5678		1
5679		1
5680		2
5682		2
5683		3
5684		1
5685		3
5686		1
5689		2
5691		1
5693		2
5694		1
5695		1
5696		1
5697		1
5698		1
5699		1
5701		1
5702		1
5704		2
5705		1
5706		2
5707		1
5709		2
5710		1
5712		1
5714		2
5716		1
5717		1
5718		2
5719		1
5720		4
5721		2
5722		2
5723		1
5724		2
5726		1
5727		1
5728		2
5729		1
5730		1
5736		2
5737		1
5738		2
5740		1
5741		1
5742		2
5743		1
5744		1
5748		2
5749		1
5750		1
5751		1
5753		1
5756		1
5758		1
5759		3
5760		1
5762		2
5763		2
5764		1
5765		2
5768		1
5770		1
5771		1
5772		1
5774		2
5775		1
5777		3
5778		2
5782		2
5783		1
5785		2
5787		2
5789		1
5790		1
5791		1
5792		1
5793		1
5794		2
5795		1
5796		1
5797		1
5800		1
5803		2
5804		3
5806		1
5807		2
5808		2
5811		1
5812		2
5813		1
5816		1
5817		4
5818		4
5819		1
5820		1
5821		1
5824		1
5826		3
5828		3
5829		1
5830		1
5831		1
5832		1
5833		1
5834		1
5836		1
5837		1
5838		1
5842		1
5843		1
5845		1
5846		1
5847		1
5848		1
5849		1
5850		1
5852		1
5856		1
5857		1
5861		1
5862		1
5863		1
5864		1
5867		3
5873		1
5874		1
5877		1
5880		1
5882		1
5884		1
5887		1
5888		2
5889		1
5890		1
5892		1
5896		1
5903		1
5904		1
5906		2
5908		1
5911		2
5913		3
5915		1
5917		1
5918		1
5921		1
5923		1
5924		1
5928		1
5937		3
5943		1
5944		1
5945		1
5946		1
5948		1
5951		1
5953		1
5954		1
5956		1
5957		1
5958		1
5959		1
5960		1
5961		3
5962		1
5966		2
5971		3
5973		3
5974		1
5978		2
5979		1
5980		1
5981		2
5983		2
5992		1
5993		1
5997		1
5998		1
6003		1
6007		1
6009		2
6010		2
6014		1
6016		1
6017		2
6018		1
6019		2
6020		2
6027		1
6029		1
6032		1
6035		1
6039		1
6042		1
6045		1
6046		2
6047		1
6048		2
6051		1
6052		1
6053		1
6056		1
6057		2
6058		1
6059		1
6062		1
6064		1
6065		1
6068		1
6069		1
6070		2
6072		1
6073		1
6078		2
6079		1
6081		1
6082		1
6086		4
6091		1
6093		2
6096		1
6103		2
6105		1
6109		2
6110		1
6111		1
6113		1
6114		2
6118		1
6125		1
6127		2
6129		2
6133		1
6135		2
6139		1
6140		2
6142		1
6144		1
6147		1
6148		1
6149		1
6152		1
6156		2
6157		1
6159		1
6160		1
6161		1
6162		1
6163		1
6164		1
6165		1
6166		1
6169		1
6170		1
6171		1
6174		1
6175		1
6181		1
6187		1
6192		1
6193		1
6195		2
6200		1
6201		1
6202		1
6204		1
6206		1
6207		1
6210		2
6212		1
6213		1
6215		1
6220		1
6224		1
6225		1
6227		1
6230		1
6235		2
6241		1
6243		1
6250		1
6254		1
6256		1
6261		1
6270		3
6275		3
6283		1
6286		1
6287		1
6290		1
6295		1
6298		1
6300		1
6302		1
6308		1
6317		1
6318		1
6320		1
6329		1
6331		2
6332		1
6337		1
6339		1
6340		1
6341		1
6342		1
6351		1
6352		1
6357		1
6359		2
6364		1
6365		1
6367		1
6368		1
6370		1
6372		1
6373		1
6377		1
6380		1
6382		1
6384		1
6385		1
6386		1
6393		1
6398		1
6399		1
6405		1
6410		1
6411		1
6412		2
6418		1
6420		1
6425		1
6429		1
6433		1
6437		1
6443		1
6444		1
6445		1
6448		1
6456		1
6466		1
6467		2
6471		1
6473		1
6476		2
6479		1
6482		1
6483		1
6484		1
6486		1
6496		1
6498		1
6502		1
6505		1
6506		1
6508		1
6518		1
6523		1
6528		1
6529		1
6537		1
6542		2
6546		1
6552		2
6557		1
6562		1
6565		1
6571		1
6572		1
6574		1
6579		1
6580		1
6582		1
6589		1
6595		1
6611		1
6613		1
6621		2
6628		1
6631		1
6633		1
6648		1
6654		1
6655		1
6664		1
6682		1
6689		1
6690		1
6691		1
6694		1
6698		2
6703		1
6710		1
6713		1
6720		1
6729		1
6732		1
6739		1
6742		1
6751		1
6752		1
6762		1
6777		1
6794		1
6798		1
6817		1
6820		1
6834		1
6836		1
6841		1
6850		1
6869		1
6889		1
6901		1
6903		1
6920		1
6955		1
6981		1
7017		1
7026		1
7047		1
7063		1
7088		1
7090		1
7135		1
7138		1
7143		1
7172		1
7209		1
7224		1
7254		1
7258		1
7268		1
7274		1
7278		1
7312		1
