Tamaños		Cantidades
1		7529632
2		1546890
3		913754
4		586101
5		406267
6		296331
7		226871
8		179157
9		145655
10		120864
11		102104
12		87209
13		75134
14		66288
15		58234
16		51870
17		46396
18		41854
19		37561
20		34364
21		31767
22		29025
23		26726
24		24680
25		23068
26		21436
27		19814
28		18602
29		17461
30		16273
31		15748
32		14583
33		13755
34		13154
35		12575
36		11757
37		11176
38		10773
39		10168
40		9615
41		9206
42		8931
43		8486
44		8193
45		7755
46		7532
47		7317
48		6813
49		6697
50		6318
51		6251
52		5873
53		5766
54		5593
55		5318
56		5265
57		4984
58		4834
59		4638
60		4515
61		4453
62		4221
63		4136
64		4076
65		4000
66		3886
67		3868
68		3718
69		3525
70		3386
71		3296
72		3334
73		3060
74		3160
75		3115
76		2969
77		2897
78		2865
79		2773
80		2657
81		2525
82		2651
83		2607
84		2432
85		2492
86		2305
87		2344
88		2269
89		2205
90		2152
91		2171
92		2104
93		2083
94		1929
95		1987
96		1919
97		1871
98		1920
99		1777
100		1712
101		1853
102		1709
103		1714
104		1748
105		1562
106		1674
107		1558
108		1520
109		1524
110		1562
111		1433
112		1464
113		1400
114		1396
115		1373
116		1426
117		1375
118		1342
119		1339
120		1321
121		1287
122		1233
123		1201
124		1191
125		1200
126		1178
127		1183
128		1146
129		1085
130		1031
131		1123
132		1089
133		1057
134		1062
135		1053
136		1042
137		1082
138		1005
139		962
140		942
141		947
142		946
143		942
144		945
145		931
146		893
147		876
148		843
149		859
150		921
151		797
152		866
153		872
154		839
155		783
156		807
157		769
158		775
159		736
160		831
161		757
162		819
163		732
164		716
165		723
166		719
167		680
168		757
169		677
170		661
171		690
172		673
173		686
174		670
175		656
176		658
177		649
178		634
179		616
180		625
181		585
182		635
183		566
184		596
185		587
186		569
187		587
188		576
189		565
190		521
191		558
192		568
193		547
194		538
195		537
196		522
197		559
198		503
199		514
200		518
201		497
202		537
203		475
204		513
205		467
206		473
207		475
208		474
209		494
210		451
211		439
212		486
213		455
214		450
215		432
216		431
217		440
218		447
219		425
220		415
221		413
222		417
223		430
224		399
225		394
226		400
227		408
228		392
229		402
230		420
231		378
232		392
233		356
234		413
235		386
236		373
237		391
238		415
239		366
240		390
241		346
242		384
243		352
244		343
245		365
246		367
247		341
248		361
249		324
250		347
251		359
252		374
253		332
254		343
255		312
256		297
257		321
258		358
259		325
260		311
261		279
262		315
263		315
264		282
265		293
266		318
267		313
268		309
269		311
270		261
271		284
272		296
273		313
274		279
275		295
276		279
277		270
278		291
279		265
280		263
281		262
282		302
283		274
284		287
285		281
286		259
287		274
288		279
289		263
290		284
291		261
292		265
293		277
294		264
295		259
296		242
297		272
298		268
299		227
300		264
301		260
302		270
303		272
304		258
305		266
306		242
307		234
308		211
309		232
310		237
311		226
312		217
313		221
314		248
315		219
316		222
317		234
318		256
319		257
320		232
321		200
322		187
323		222
324		210
325		197
326		194
327		204
328		208
329		205
330		230
331		240
332		213
333		195
334		203
335		209
336		190
337		200
338		219
339		183
340		208
341		189
342		188
343		213
344		176
345		183
346		211
347		175
348		213
349		175
350		204
351		185
352		191
353		200
354		174
355		201
356		181
357		184
358		166
359		181
360		164
361		181
362		170
363		181
364		182
365		181
366		188
367		193
368		169
369		182
370		180
371		172
372		173
373		181
374		166
375		175
376		162
377		165
378		172
379		188
380		162
381		175
382		167
383		153
384		145
385		159
386		147
387		170
388		155
389		169
390		149
391		158
392		176
393		151
394		141
395		148
396		155
397		147
398		169
399		137
400		147
401		160
402		140
403		142
404		154
405		170
406		163
407		156
408		158
409		144
410		157
411		141
412		136
413		143
414		147
415		149
416		128
417		139
418		146
419		142
420		168
421		159
422		143
423		137
424		140
425		139
426		128
427		127
428		140
429		125
430		110
431		155
432		137
433		125
434		135
435		132
436		116
437		131
438		126
439		126
440		140
441		124
442		130
443		129
444		145
445		117
446		105
447		132
448		128
449		115
450		106
451		135
452		155
453		118
454		123
455		138
456		103
457		106
458		114
459		117
460		117
461		142
462		114
463		109
464		120
465		111
466		115
467		125
468		105
469		118
470		127
471		129
472		135
473		111
474		108
475		112
476		104
477		103
478		120
479		115
480		106
481		119
482		101
483		112
484		111
485		108
486		109
487		103
488		111
489		111
490		114
491		107
492		111
493		100
494		101
495		98
496		109
497		125
498		96
499		88
500		121
501		110
502		102
503		117
504		98
505		100
506		96
507		91
508		118
509		96
510		106
511		90
512		93
513		102
514		95
515		95
516		110
517		112
518		112
519		95
520		82
521		102
522		73
523		65
524		89
525		90
526		98
527		75
528		76
529		93
530		91
531		92
532		84
533		101
534		92
535		91
536		93
537		94
538		97
539		101
540		97
541		97
542		95
543		97
544		97
545		97
546		82
547		95
548		95
549		81
550		83
551		83
552		80
553		97
554		72
555		94
556		80
557		89
558		80
559		85
560		86
561		77
562		86
563		95
564		84
565		100
566		88
567		86
568		88
569		95
570		93
571		93
572		80
573		74
574		93
575		94
576		65
577		74
578		90
579		78
580		73
581		96
582		83
583		58
584		64
585		75
586		85
587		69
588		66
589		71
590		93
591		70
592		63
593		87
594		84
595		72
596		91
597		77
598		79
599		70
600		71
601		73
602		68
603		58
604		63
605		81
606		86
607		59
608		85
609		89
610		66
611		80
612		77
613		86
614		93
615		72
616		87
617		63
618		64
619		80
620		81
621		73
622		78
623		61
624		61
625		74
626		62
627		73
628		60
629		75
630		84
631		68
632		79
633		63
634		70
635		64
636		73
637		66
638		80
639		56
640		64
641		65
642		66
643		71
644		55
645		64
646		75
647		73
648		60
649		61
650		64
651		68
652		66
653		58
654		86
655		72
656		73
657		61
658		72
659		67
660		63
661		75
662		67
663		51
664		67
665		48
666		64
667		54
668		70
669		66
670		64
671		64
672		68
673		64
674		71
675		49
676		74
677		73
678		60
679		52
680		58
681		56
682		57
683		53
684		61
685		67
686		60
687		62
688		41
689		65
690		54
691		59
692		55
693		58
694		59
695		64
696		46
697		49
698		55
699		47
700		65
701		51
702		61
703		58
704		64
705		57
706		46
707		67
708		76
709		52
710		63
711		60
712		56
713		50
714		72
715		56
716		50
717		41
718		51
719		52
720		46
721		47
722		57
723		44
724		58
725		57
726		55
727		63
728		45
729		67
730		48
731		50
732		59
733		38
734		48
735		41
736		62
737		55
738		52
739		52
740		47
741		60
742		45
743		54
744		43
745		53
746		54
747		34
748		56
749		63
750		55
751		58
752		56
753		58
754		41
755		65
756		64
757		43
758		53
759		59
760		53
761		40
762		40
763		53
764		54
765		43
766		49
767		57
768		42
769		56
770		42
771		58
772		50
773		51
774		49
775		37
776		51
777		56
778		33
779		38
780		59
781		55
782		37
783		52
784		45
785		49
786		66
787		47
788		48
789		56
790		51
791		53
792		39
793		54
794		40
795		52
796		45
797		42
798		42
799		48
800		54
801		42
802		59
803		39
804		48
805		37
806		40
807		47
808		32
809		39
810		47
811		46
812		50
813		44
814		43
815		50
816		49
817		38
818		43
819		44
820		38
821		42
822		42
823		45
824		49
825		56
826		34
827		47
828		39
829		42
830		50
831		41
832		51
833		31
834		54
835		34
836		44
837		42
838		43
839		43
840		34
841		53
842		40
843		40
844		42
845		48
846		39
847		45
848		38
849		48
850		38
851		37
852		40
853		34
854		41
855		27
856		45
857		39
858		50
859		44
860		47
861		36
862		41
863		43
864		39
865		43
866		52
867		30
868		40
869		39
870		38
871		40
872		42
873		41
874		46
875		35
876		43
877		31
878		40
879		30
880		44
881		37
882		29
883		41
884		33
885		32
886		58
887		43
888		36
889		40
890		34
891		41
892		36
893		44
894		43
895		36
896		42
897		37
898		34
899		36
900		36
901		29
902		38
903		37
904		36
905		34
906		38
907		27
908		37
909		45
910		36
911		33
912		38
913		44
914		27
915		32
916		46
917		30
918		34
919		38
920		27
921		32
922		39
923		37
924		35
925		32
926		43
927		54
928		49
929		45
930		20
931		35
932		37
933		43
934		38
935		40
936		36
937		31
938		46
939		39
940		28
941		36
942		30
943		31
944		40
945		26
946		40
947		38
948		40
949		32
950		34
951		37
952		36
953		49
954		40
955		30
956		34
957		40
958		39
959		27
960		42
961		25
962		36
963		44
964		30
965		23
966		26
967		24
968		29
969		38
970		35
971		33
972		30
973		27
974		29
975		38
976		40
977		34
978		33
979		30
980		36
981		31
982		26
983		33
984		31
985		48
986		35
987		42
988		35
989		37
990		34
991		40
992		26
993		34
994		49
995		32
996		30
997		25
998		34
999		30
1000		30
1001		31
1002		41
1003		32
1004		32
1005		28
1006		21
1007		40
1008		26
1009		32
1010		22
1011		35
1012		33
1013		40
1014		32
1015		29
1016		40
1017		37
1018		25
1019		30
1020		29
1021		33
1022		33
1023		20
1024		34
1025		27
1026		26
1027		30
1028		31
1029		30
1030		28
1031		30
1032		29
1033		32
1034		38
1035		32
1036		21
1037		28
1038		25
1039		31
1040		30
1041		31
1042		28
1043		26
1044		27
1045		33
1046		35
1047		22
1048		29
1049		23
1050		26
1051		39
1052		35
1053		31
1054		22
1055		29
1056		34
1057		19
1058		24
1059		25
1060		23
1061		29
1062		33
1063		28
1064		21
1065		32
1066		28
1067		34
1068		37
1069		28
1070		27
1071		26
1072		35
1073		29
1074		23
1075		23
1076		30
1077		25
1078		26
1079		34
1080		26
1081		34
1082		29
1083		28
1084		26
1085		32
1086		33
1087		19
1088		32
1089		34
1090		20
1091		31
1092		21
1093		32
1094		27
1095		31
1096		32
1097		32
1098		27
1099		32
1100		28
1101		25
1102		29
1103		32
1104		34
1105		36
1106		17
1107		28
1108		31
1109		29
1110		34
1111		28
1112		36
1113		23
1114		35
1115		34
1116		29
1117		29
1118		30
1119		34
1120		19
1121		33
1122		19
1123		32
1124		23
1125		34
1126		26
1127		25
1128		26
1129		22
1130		21
1131		28
1132		32
1133		27
1134		24
1135		23
1136		23
1137		29
1138		43
1139		24
1140		28
1141		26
1142		25
1143		26
1144		18
1145		26
1146		33
1147		28
1148		17
1149		31
1150		25
1151		26
1152		27
1153		26
1154		23
1155		16
1156		25
1157		32
1158		23
1159		27
1160		22
1161		31
1162		22
1163		28
1164		36
1165		23
1166		23
1167		21
1168		28
1169		30
1170		21
1171		21
1172		32
1173		21
1174		26
1175		23
1176		27
1177		26
1178		19
1179		18
1180		30
1181		28
1182		28
1183		18
1184		23
1185		20
1186		30
1187		27
1188		21
1189		18
1190		22
1191		17
1192		17
1193		26
1194		26
1195		24
1196		33
1197		24
1198		18
1199		26
1200		21
1201		21
1202		16
1203		18
1204		22
1205		21
1206		26
1207		26
1208		24
1209		25
1210		15
1211		27
1212		29
1213		24
1214		25
1215		22
1216		36
1217		22
1218		24
1219		23
1220		29
1221		24
1222		32
1223		17
1224		18
1225		14
1226		19
1227		30
1228		24
1229		27
1230		23
1231		27
1232		18
1233		26
1234		24
1235		25
1236		22
1237		22
1238		23
1239		22
1240		21
1241		25
1242		28
1243		21
1244		22
1245		21
1246		20
1247		17
1248		22
1249		23
1250		26
1251		21
1252		23
1253		24
1254		29
1255		19
1256		22
1257		20
1258		33
1259		23
1260		25
1261		33
1262		20
1263		24
1264		26
1265		17
1266		28
1267		16
1268		21
1269		28
1270		24
1271		22
1272		21
1273		26
1274		20
1275		17
1276		23
1277		24
1278		16
1279		27
1280		23
1281		26
1282		22
1283		18
1284		20
1285		21
1286		25
1287		13
1288		20
1289		21
1290		20
1291		20
1292		17
1293		21
1294		26
1295		20
1296		28
1297		24
1298		22
1299		18
1300		25
1301		16
1302		18
1303		21
1304		27
1305		18
1306		18
1307		19
1308		18
1309		21
1310		19
1311		17
1312		21
1313		18
1314		19
1315		27
1316		15
1317		10
1318		28
1319		20
1320		21
1321		21
1322		18
1323		23
1324		22
1325		14
1326		24
1327		22
1328		14
1329		23
1330		16
1331		23
1332		19
1333		12
1334		17
1335		26
1336		15
1337		18
1338		23
1339		23
1340		23
1341		18
1342		12
1343		21
1344		13
1345		20
1346		20
1347		17
1348		17
1349		16
1350		16
1351		17
1352		24
1353		21
1354		15
1355		24
1356		25
1357		16
1358		27
1359		16
1360		19
1361		22
1362		21
1363		21
1364		18
1365		18
1366		14
1367		26
1368		19
1369		19
1370		22
1371		17
1372		15
1373		19
1374		18
1375		22
1376		28
1377		20
1378		20
1379		21
1380		15
1381		16
1382		31
1383		17
1384		16
1385		19
1386		12
1387		34
1388		19
1389		13
1390		20
1391		21
1392		17
1393		22
1394		27
1395		17
1396		23
1397		23
1398		22
1399		10
1400		16
1401		14
1402		22
1403		20
1404		14
1405		13
1406		28
1407		22
1408		20
1409		23
1410		32
1411		23
1412		14
1413		13
1414		24
1415		17
1416		28
1417		19
1418		23
1419		25
1420		16
1421		20
1422		23
1423		17
1424		18
1425		14
1426		22
1427		12
1428		16
1429		18
1430		19
1431		22
1432		13
1433		19
1434		15
1435		16
1436		17
1437		24
1438		17
1439		13
1440		13
1441		18
1442		22
1443		20
1444		21
1445		15
1446		22
1447		19
1448		13
1449		18
1450		18
1451		16
1452		12
1453		21
1454		16
1455		21
1456		22
1457		12
1458		20
1459		19
1460		20
1461		17
1462		11
1463		23
1464		29
1465		19
1466		17
1467		12
1468		24
1469		20
1470		17
1471		18
1472		16
1473		18
1474		16
1475		11
1476		14
1477		18
1478		19
1479		11
1480		15
1481		13
1482		18
1483		14
1484		19
1485		15
1486		19
1487		20
1488		14
1489		17
1490		20
1491		20
1492		11
1493		11
1494		20
1495		10
1496		23
1497		17
1498		20
1499		18
1500		23
1501		24
1502		12
1503		18
1504		27
1505		16
1506		15
1507		23
1508		11
1509		23
1510		15
1511		26
1512		22
1513		15
1514		22
1515		14
1516		14
1517		21
1518		16
1519		15
1520		13
1521		13
1522		13
1523		22
1524		19
1525		21
1526		24
1527		26
1528		12
1529		19
1530		18
1531		13
1532		14
1533		12
1534		18
1535		16
1536		18
1537		13
1538		17
1539		16
1540		20
1541		13
1542		9
1543		12
1544		17
1545		22
1546		12
1547		14
1548		14
1549		19
1550		18
1551		19
1552		19
1553		19
1554		18
1555		18
1556		10
1557		16
1558		10
1559		19
1560		26
1561		20
1562		18
1563		15
1564		18
1565		15
1566		13
1567		20
1568		19
1569		19
1570		20
1571		11
1572		18
1573		20
1574		13
1575		14
1576		13
1577		14
1578		22
1579		16
1580		16
1581		22
1582		19
1583		16
1584		13
1585		15
1586		14
1587		16
1588		8
1589		12
1590		11
1591		11
1592		20
1593		18
1594		16
1595		15
1596		14
1597		18
1598		17
1599		5
1600		17
1601		9
1602		9
1603		17
1604		16
1605		12
1606		16
1607		13
1608		14
1609		11
1610		9
1611		11
1612		20
1613		16
1614		18
1615		19
1616		20
1617		9
1618		12
1619		10
1620		7
1621		16
1622		16
1623		14
1624		16
1625		13
1626		14
1627		17
1628		13
1629		14
1630		16
1631		19
1632		18
1633		15
1634		12
1635		11
1636		15
1637		17
1638		15
1639		13
1640		16
1641		22
1642		18
1643		11
1644		8
1645		19
1646		21
1647		9
1648		23
1649		13
1650		18
1651		7
1652		17
1653		13
1654		7
1655		19
1656		13
1657		17
1658		10
1659		11
1660		23
1661		7
1662		14
1663		14
1664		17
1665		5
1666		5
1667		17
1668		12
1669		8
1670		15
1671		19
1672		19
1673		19
1674		8
1675		13
1676		20
1677		13
1678		15
1679		14
1680		8
1681		10
1682		14
1683		24
1684		23
1685		16
1686		13
1687		14
1688		11
1689		17
1690		14
1691		16
1692		8
1693		19
1694		8
1695		12
1696		11
1697		16
1698		16
1699		8
1700		16
1701		10
1702		14
1703		13
1704		9
1705		11
1706		11
1707		13
1708		7
1709		9
1710		16
1711		10
1712		9
1713		10
1714		12
1715		8
1716		11
1717		6
1718		18
1719		10
1720		16
1721		10
1722		18
1723		11
1724		9
1725		20
1726		17
1727		15
1728		8
1729		14
1730		15
1731		22
1732		11
1733		10
1734		15
1735		14
1736		11
1737		13
1738		18
1739		13
1740		17
1741		13
1742		13
1743		18
1744		12
1745		10
1746		12
1747		11
1748		15
1749		14
1750		12
1751		21
1752		12
1753		13
1754		16
1755		7
1756		13
1757		14
1758		15
1759		14
1760		11
1761		18
1762		15
1763		10
1764		8
1765		8
1766		8
1767		11
1768		13
1769		7
1770		11
1771		17
1772		12
1773		7
1774		12
1775		10
1776		9
1777		12
1778		11
1779		13
1780		14
1781		16
1782		13
1783		12
1784		11
1785		9
1786		12
1787		11
1788		9
1789		11
1790		13
1791		13
1792		18
1793		8
1794		15
1795		19
1796		7
1797		12
1798		11
1799		15
1800		19
1801		9
1802		10
1803		17
1804		16
1805		11
1806		9
1807		14
1808		18
1809		6
1810		16
1811		10
1812		13
1813		20
1814		10
1815		22
1816		13
1817		16
1818		12
1819		9
1820		15
1821		20
1822		13
1823		13
1824		12
1825		10
1826		12
1827		12
1828		11
1829		5
1830		8
1831		13
1832		18
1833		13
1834		6
1835		15
1836		10
1837		12
1838		15
1839		12
1840		13
1841		10
1842		19
1843		13
1844		12
1845		6
1846		9
1847		8
1848		15
1849		11
1850		12
1851		10
1852		11
1853		11
1854		13
1855		16
1856		11
1857		6
1858		14
1859		6
1860		11
1861		11
1862		7
1863		10
1864		22
1865		13
1866		4
1867		5
1868		11
1869		8
1870		6
1871		10
1872		10
1873		9
1874		15
1875		12
1876		10
1877		18
1878		13
1879		15
1880		8
1881		14
1882		6
1883		9
1884		10
1885		14
1886		11
1887		9
1888		9
1889		15
1890		10
1891		15
1892		8
1893		18
1894		17
1895		9
1896		7
1897		13
1898		12
1899		18
1900		8
1901		6
1902		10
1903		14
1904		8
1905		12
1906		12
1907		14
1908		6
1909		13
1910		14
1911		13
1912		7
1913		11
1914		10
1915		8
1916		12
1917		9
1918		9
1919		6
1920		19
1921		8
1922		4
1923		14
1924		13
1925		8
1926		10
1927		13
1928		11
1929		13
1930		11
1931		17
1932		9
1933		8
1934		11
1935		9
1936		8
1937		8
1938		13
1939		8
1940		14
1941		11
1942		9
1943		8
1944		15
1945		11
1946		15
1947		12
1948		12
1949		10
1950		11
1951		5
1952		13
1953		9
1954		13
1955		11
1956		11
1957		9
1958		11
1959		14
1960		7
1961		14
1962		14
1963		9
1964		13
1965		11
1966		13
1967		9
1968		11
1969		7
1970		13
1971		8
1972		7
1973		16
1974		4
1975		9
1976		14
1977		15
1978		16
1979		11
1980		10
1981		7
1982		12
1983		12
1984		12
1985		8
1986		14
1987		12
1988		8
1989		13
1990		10
1991		10
1992		14
1993		11
1994		6
1995		6
1996		12
1997		9
1998		15
1999		6
2000		10
2001		9
2002		11
2003		9
2004		7
2005		11
2006		15
2007		8
2008		11
2009		15
2010		6
2011		11
2012		16
2013		8
2014		8
2015		8
2016		12
2017		15
2018		10
2019		10
2020		8
2021		10
2022		10
2023		14
2024		10
2025		7
2026		5
2027		12
2028		10
2029		6
2030		13
2031		12
2032		12
2033		5
2034		11
2035		11
2036		8
2037		8
2038		10
2039		12
2040		11
2041		7
2042		11
2043		14
2044		8
2045		8
2046		11
2047		7
2048		9
2049		6
2050		9
2051		7
2052		9
2053		13
2054		15
2055		14
2056		15
2057		10
2058		9
2059		13
2060		7
2061		4
2062		18
2063		9
2064		6
2065		7
2066		5
2067		10
2068		10
2069		7
2070		9
2071		10
2072		7
2073		7
2074		10
2075		7
2076		15
2077		5
2078		11
2079		7
2080		10
2081		7
2082		11
2083		7
2084		14
2085		11
2086		12
2087		8
2088		11
2089		8
2090		6
2091		10
2092		9
2093		8
2094		14
2095		9
2096		9
2097		12
2098		11
2099		10
2100		7
2101		8
2102		4
2103		12
2104		8
2105		9
2106		9
2107		15
2108		11
2109		10
2110		6
2111		9
2112		13
2113		10
2114		9
2115		16
2116		8
2117		8
2118		9
2119		9
2120		11
2121		14
2122		10
2123		8
2124		7
2125		5
2126		10
2127		11
2128		18
2129		9
2130		8
2131		9
2132		12
2133		12
2134		5
2135		7
2136		10
2137		12
2138		7
2139		14
2140		12
2141		12
2142		12
2143		10
2144		10
2145		14
2146		7
2147		10
2148		7
2149		6
2150		7
2151		15
2152		5
2153		5
2154		8
2155		7
2156		11
2157		10
2158		11
2159		10
2160		6
2161		8
2162		9
2163		9
2164		14
2165		4
2166		9
2167		7
2168		12
2169		11
2170		7
2171		12
2172		6
2173		14
2174		8
2175		14
2176		9
2177		6
2178		5
2179		12
2180		6
2181		7
2182		8
2183		8
2184		13
2185		7
2186		9
2187		6
2188		11
2189		7
2190		5
2191		15
2192		10
2193		15
2194		11
2195		10
2196		3
2197		11
2198		6
2199		6
2200		8
2201		8
2202		8
2203		10
2204		15
2205		5
2206		5
2207		12
2208		9
2209		12
2210		8
2211		12
2212		8
2213		12
2214		11
2215		7
2216		9
2217		6
2218		9
2219		7
2220		11
2221		10
2222		7
2223		11
2224		9
2225		9
2226		10
2227		10
2228		11
2229		11
2230		16
2231		8
2232		7
2233		5
2234		4
2235		14
2236		12
2237		11
2238		9
2239		5
2240		11
2241		9
2242		8
2243		7
2244		11
2245		8
2246		14
2247		9
2248		7
2249		12
2250		4
2251		8
2252		8
2253		9
2254		10
2255		5
2256		14
2257		10
2258		15
2259		7
2260		9
2261		5
2262		11
2263		12
2264		14
2265		10
2266		9
2267		7
2268		8
2269		9
2270		7
2271		12
2272		9
2273		10
2274		11
2275		11
2276		8
2277		9
2278		10
2279		7
2280		13
2281		9
2282		4
2283		9
2284		12
2285		12
2286		14
2287		14
2288		13
2289		9
2290		12
2291		5
2292		6
2293		8
2294		13
2295		9
2296		7
2297		10
2298		13
2299		8
2300		10
2301		8
2302		9
2303		4
2304		8
2305		10
2306		10
2307		15
2308		4
2309		9
2310		6
2311		10
2312		6
2313		12
2314		4
2315		10
2316		5
2317		10
2318		6
2319		9
2320		8
2321		7
2322		9
2323		5
2324		4
2325		9
2326		11
2327		6
2328		7
2329		2
2330		8
2331		9
2332		6
2333		9
2334		11
2335		8
2336		10
2337		7
2338		13
2339		6
2340		7
2341		10
2342		9
2343		11
2344		7
2345		10
2346		10
2347		11
2348		5
2349		3
2350		8
2351		11
2352		9
2353		11
2354		12
2355		7
2356		6
2357		9
2358		5
2359		6
2360		3
2361		8
2362		9
2363		6
2364		15
2365		5
2366		11
2367		9
2368		7
2369		9
2370		11
2371		10
2372		7
2373		5
2374		4
2375		8
2376		6
2377		8
2378		8
2379		12
2380		6
2381		11
2382		10
2383		8
2384		9
2385		7
2386		8
2387		6
2388		11
2389		8
2390		9
2391		10
2392		8
2393		7
2394		6
2395		11
2396		16
2397		13
2398		8
2399		14
2400		8
2401		7
2402		3
2403		6
2404		5
2405		4
2406		11
2407		5
2408		7
2409		8
2410		5
2411		9
2412		7
2413		8
2414		7
2415		6
2416		6
2417		10
2418		10
2419		12
2420		10
2421		6
2422		4
2423		8
2424		10
2425		5
2426		14
2427		8
2428		12
2429		8
2430		7
2431		10
2432		9
2433		8
2434		6
2435		4
2436		8
2437		9
2438		12
2439		5
2440		4
2441		10
2442		8
2443		5
2444		10
2445		5
2446		7
2447		9
2448		3
2449		6
2450		7
2451		6
2452		2
2453		10
2454		6
2455		9
2456		10
2457		3
2458		10
2459		12
2460		2
2461		5
2462		7
2463		7
2464		3
2465		11
2466		11
2467		6
2468		4
2469		3
2470		7
2471		6
2472		7
2473		9
2474		8
2475		4
2476		7
2477		9
2478		12
2479		7
2480		9
2481		9
2482		6
2483		8
2484		9
2485		10
2486		6
2487		7
2488		9
2489		7
2490		10
2491		4
2492		6
2493		10
2494		9
2495		7
2496		6
2497		8
2498		9
2499		7
2500		2
2501		6
2502		10
2503		7
2504		12
2505		11
2506		6
2507		6
2508		4
2509		8
2510		6
2511		11
2512		8
2513		6
2514		8
2515		6
2516		5
2517		6
2518		4
2519		8
2520		7
2521		7
2522		10
2523		7
2524		7
2525		3
2526		5
2527		4
2528		6
2529		2
2530		4
2531		6
2532		4
2533		11
2534		10
2535		5
2536		7
2537		11
2538		7
2539		11
2540		7
2541		9
2542		4
2543		11
2544		5
2545		11
2546		9
2547		7
2548		5
2549		5
2550		7
2551		12
2552		4
2553		8
2554		7
2555		7
2556		6
2557		6
2558		2
2559		8
2560		6
2561		10
2562		3
2563		8
2564		3
2565		5
2566		10
2567		5
2568		9
2569		8
2570		4
2571		7
2572		5
2573		7
2574		7
2575		4
2576		6
2577		9
2578		6
2579		10
2580		6
2581		10
2582		10
2583		7
2584		7
2585		7
2586		8
2587		9
2588		3
2589		6
2590		3
2591		7
2592		9
2593		8
2594		7
2595		9
2596		6
2597		11
2598		11
2599		4
2600		8
2601		5
2602		6
2603		6
2604		3
2605		4
2606		10
2607		10
2608		5
2609		3
2610		5
2611		2
2612		5
2613		11
2614		8
2615		4
2616		8
2617		10
2618		3
2619		6
2620		7
2621		6
2622		5
2623		6
2624		4
2625		6
2626		5
2627		9
2628		2
2629		12
2630		5
2631		3
2632		8
2633		10
2634		9
2635		11
2636		11
2637		3
2638		6
2639		2
2640		9
2641		8
2642		5
2643		10
2644		6
2645		6
2646		11
2647		5
2648		11
2649		7
2650		6
2651		6
2652		9
2653		6
2654		7
2655		11
2656		6
2657		11
2658		7
2659		8
2660		3
2661		5
2662		10
2663		5
2664		13
2665		6
2666		5
2667		6
2668		4
2669		4
2670		7
2671		5
2672		6
2673		2
2674		12
2675		8
2676		8
2677		11
2678		13
2679		9
2680		7
2681		2
2682		5
2683		5
2684		5
2685		9
2686		9
2687		9
2688		9
2689		3
2690		3
2691		7
2692		6
2693		9
2694		4
2695		6
2696		10
2697		2
2698		4
2699		6
2700		6
2701		6
2702		7
2703		6
2704		9
2705		8
2706		10
2707		5
2708		4
2709		4
2710		6
2711		6
2712		2
2713		9
2714		7
2715		10
2716		4
2717		7
2718		5
2719		7
2720		11
2721		7
2722		5
2723		7
2724		10
2725		4
2726		7
2727		13
2728		2
2729		4
2730		7
2731		2
2732		3
2733		5
2734		4
2735		7
2736		6
2737		8
2738		4
2739		7
2740		4
2741		6
2742		3
2743		10
2744		2
2745		10
2746		11
2747		4
2748		7
2749		9
2750		7
2751		5
2752		5
2753		4
2754		11
2755		4
2756		7
2757		9
2758		6
2759		9
2760		9
2761		11
2762		8
2763		2
2764		10
2765		7
2766		5
2767		12
2768		8
2769		9
2770		2
2771		6
2772		5
2773		6
2774		3
2775		6
2776		5
2777		8
2778		7
2779		7
2780		3
2781		7
2782		5
2783		3
2784		5
2785		5
2786		5
2787		6
2788		3
2789		6
2790		6
2791		6
2792		6
2793		5
2794		9
2795		4
2796		4
2797		6
2798		6
2799		4
2800		8
2801		9
2802		6
2803		6
2804		5
2805		7
2806		8
2807		11
2808		7
2809		3
2810		3
2811		11
2812		1
2813		4
2814		6
2815		4
2816		2
2817		7
2818		6
2819		5
2820		5
2821		7
2822		5
2823		6
2824		3
2825		9
2826		2
2827		6
2828		8
2829		6
2830		5
2831		4
2832		5
2833		4
2834		7
2835		10
2836		5
2837		3
2838		4
2839		6
2840		5
2841		8
2842		2
2843		8
2844		5
2845		4
2846		4
2847		3
2848		8
2849		6
2850		7
2851		5
2852		3
2853		4
2854		8
2855		4
2856		12
2857		8
2858		3
2859		6
2860		5
2861		5
2862		9
2863		3
2864		7
2865		2
2866		5
2867		8
2868		10
2869		7
2870		10
2871		3
2872		5
2873		4
2874		4
2875		2
2876		5
2877		8
2878		7
2879		3
2880		6
2881		6
2882		7
2883		6
2884		12
2885		7
2886		8
2887		8
2888		7
2889		7
2890		7
2891		5
2892		3
2893		5
2894		7
2895		6
2896		7
2897		8
2898		4
2899		6
2900		5
2901		9
2902		12
2903		5
2904		5
2905		4
2906		11
2907		5
2908		4
2909		7
2910		10
2911		6
2912		9
2913		2
2914		8
2915		4
2916		8
2917		8
2918		6
2919		5
2920		6
2921		5
2922		4
2923		2
2924		3
2925		2
2926		5
2927		5
2928		7
2929		6
2930		5
2931		5
2932		4
2933		4
2934		5
2935		8
2936		2
2937		7
2938		9
2939		5
2940		4
2941		6
2942		5
2943		7
2944		10
2945		5
2946		3
2947		3
2948		7
2949		6
2950		5
2951		4
2952		6
2953		3
2954		4
2955		7
2956		6
2957		5
2958		6
2959		7
2960		8
2961		5
2962		8
2963		8
2964		6
2965		5
2966		12
2967		2
2968		4
2969		4
2970		9
2971		7
2972		7
2973		6
2974		7
2975		2
2976		6
2977		5
2978		6
2979		8
2980		3
2981		8
2982		3
2983		4
2984		5
2985		5
2986		6
2987		9
2988		6
2989		7
2990		1
2991		3
2992		11
2993		7
2994		8
2995		9
2996		8
2997		6
2998		8
2999		5
3000		9
3001		3
3002		3
3003		5
3004		4
3005		5
3006		3
3007		7
3008		5
3009		3
3010		3
3011		2
3012		3
3013		5
3014		8
3015		2
3016		7
3017		5
3018		5
3019		8
3020		4
3021		7
3022		7
3023		8
3024		9
3025		1
3026		3
3027		5
3028		3
3029		6
3030		5
3031		8
3032		4
3033		5
3034		8
3035		5
3036		3
3037		11
3038		5
3039		5
3040		1
3041		2
3042		5
3043		3
3044		10
3045		3
3046		3
3047		6
3048		5
3049		4
3050		5
3051		5
3052		4
3053		4
3054		8
3055		7
3056		6
3057		7
3058		8
3059		7
3060		4
3061		5
3062		6
3063		1
3064		8
3065		2
3066		3
3067		2
3068		8
3069		9
3070		2
3071		6
3072		5
3073		5
3074		6
3075		3
3076		6
3077		6
3078		6
3079		8
3080		2
3081		7
3082		5
3083		7
3084		3
3085		6
3086		5
3087		6
3088		5
3089		6
3090		5
3091		3
3092		4
3093		6
3094		6
3095		4
3096		7
3097		5
3098		4
3099		7
3100		3
3101		4
3102		4
3103		3
3104		7
3105		3
3106		1
3107		3
3108		7
3109		3
3110		7
3111		4
3112		3
3114		5
3115		9
3116		2
3117		4
3118		3
3119		3
3120		6
3121		6
3122		5
3123		7
3124		2
3125		3
3126		7
3127		4
3128		7
3129		11
3130		2
3131		5
3132		3
3133		6
3134		2
3135		5
3136		3
3137		6
3138		3
3139		9
3140		5
3141		7
3142		5
3143		4
3144		4
3145		3
3146		4
3147		3
3148		10
3149		8
3150		5
3151		3
3152		5
3153		7
3154		3
3155		6
3156		6
3157		7
3158		10
3159		4
3160		4
3161		7
3162		4
3163		6
3164		3
3165		2
3166		7
3167		2
3168		2
3169		7
3170		4
3171		6
3172		4
3173		6
3174		3
3175		4
3176		4
3177		6
3178		4
3179		3
3180		4
3181		4
3182		2
3183		5
3184		6
3185		6
3186		8
3187		3
3188		5
3189		6
3190		5
3191		4
3192		5
3193		3
3194		4
3195		1
3196		8
3197		6
3198		3
3199		2
3200		2
3201		7
3202		6
3203		7
3204		2
3205		2
3206		2
3207		5
3208		5
3209		3
3210		5
3211		5
3212		2
3213		6
3214		5
3215		7
3216		6
3217		2
3218		4
3219		7
3220		5
3221		8
3222		3
3223		1
3224		7
3225		7
3226		6
3227		10
3228		8
3229		11
3230		7
3231		3
3233		3
3234		5
3235		6
3236		11
3237		4
3238		3
3239		11
3240		4
3241		3
3242		2
3243		1
3244		6
3245		5
3246		5
3247		6
3248		7
3249		5
3250		5
3251		2
3252		4
3253		3
3254		4
3255		1
3256		4
3257		5
3258		8
3259		5
3260		10
3261		3
3262		3
3263		6
3264		1
3265		11
3266		5
3267		12
3268		8
3269		4
3270		4
3271		7
3272		10
3273		4
3274		4
3275		6
3276		3
3277		5
3278		2
3279		3
3280		2
3281		4
3282		2
3283		3
3284		4
3285		3
3286		6
3287		7
3288		1
3289		6
3290		3
3291		9
3292		3
3293		1
3294		3
3295		2
3296		1
3297		2
3298		7
3299		9
3300		8
3301		4
3302		4
3303		8
3304		5
3305		4
3306		3
3307		6
3308		5
3309		3
3310		10
3311		2
3312		3
3313		3
3314		5
3315		2
3316		2
3317		1
3318		4
3319		5
3320		2
3321		6
3322		3
3323		4
3324		2
3325		6
3326		6
3327		3
3328		7
3329		5
3330		4
3331		3
3332		11
3333		1
3334		6
3335		2
3336		2
3337		3
3338		6
3339		5
3340		8
3341		5
3342		1
3343		3
3344		6
3345		2
3346		8
3347		5
3348		3
3349		2
3350		10
3351		6
3352		3
3353		2
3354		8
3355		5
3356		2
3357		6
3358		9
3359		2
3360		5
3361		4
3362		4
3363		7
3364		4
3365		3
3366		6
3367		4
3368		6
3369		6
3370		7
3371		5
3372		2
3373		3
3374		4
3375		7
3376		4
3377		4
3378		4
3379		3
3380		4
3381		5
3382		5
3383		3
3384		6
3385		5
3386		3
3387		4
3388		6
3389		3
3390		2
3391		2
3392		4
3393		4
3394		5
3395		3
3396		6
3397		2
3398		2
3399		3
3400		5
3401		3
3403		3
3404		6
3405		6
3406		2
3407		3
3408		6
3409		5
3410		8
3411		2
3412		4
3413		6
3414		3
3415		3
3416		3
3417		7
3418		4
3419		5
3420		5
3421		4
3422		3
3423		6
3424		6
3425		2
3426		4
3427		8
3428		5
3429		3
3430		2
3431		5
3432		5
3433		5
3434		7
3435		5
3436		4
3437		6
3438		5
3439		2
3440		4
3441		5
3442		4
3443		1
3444		3
3445		3
3446		2
3447		3
3448		7
3449		4
3450		6
3451		5
3452		1
3453		3
3454		1
3455		5
3456		3
3457		4
3458		3
3459		3
3460		5
3461		4
3462		8
3463		5
3464		5
3465		5
3466		7
3467		3
3468		8
3469		5
3470		2
3471		2
3472		5
3473		3
3474		5
3475		4
3476		4
3477		7
3478		2
3479		6
3480		3
3481		4
3482		2
3483		4
3484		6
3485		1
3486		3
3487		8
3488		3
3489		7
3490		1
3491		3
3492		4
3493		5
3494		7
3495		4
3496		1
3497		4
3498		4
3499		5
3500		9
3501		4
3502		5
3503		1
3504		4
3505		6
3506		4
3507		7
3508		4
3509		7
3510		5
3511		6
3512		8
3513		3
3514		4
3515		4
3516		4
3517		6
3518		1
3519		4
3520		4
3521		3
3522		7
3523		2
3524		7
3525		4
3526		4
3527		5
3528		3
3529		4
3530		4
3531		5
3532		7
3533		3
3534		2
3535		8
3536		2
3537		3
3538		3
3539		2
3540		7
3541		7
3542		2
3543		6
3544		2
3545		5
3546		9
3547		7
3548		5
3549		5
3550		7
3551		5
3552		5
3553		1
3554		3
3555		4
3556		4
3557		6
3558		5
3559		7
3560		6
3561		2
3562		4
3563		4
3564		6
3565		6
3566		4
3567		5
3568		7
3569		3
3570		3
3571		5
3573		2
3574		2
3575		4
3576		10
3577		4
3578		4
3579		4
3580		5
3581		3
3582		6
3583		5
3584		4
3585		6
3586		1
3587		5
3588		6
3589		5
3590		3
3591		5
3592		9
3593		8
3594		3
3595		10
3596		7
3597		5
3598		2
3599		4
3600		2
3601		3
3602		4
3603		5
3604		4
3605		5
3606		1
3607		3
3608		3
3609		6
3610		3
3611		4
3612		4
3613		2
3614		7
3615		2
3616		4
3617		6
3618		3
3619		4
3620		7
3621		7
3622		4
3623		8
3624		5
3625		6
3626		1
3627		2
3628		3
3629		4
3630		6
3631		5
3632		2
3633		4
3635		3
3636		2
3637		5
3638		5
3639		2
3640		5
3641		3
3642		1
3643		3
3644		4
3645		1
3646		2
3647		4
3648		4
3649		2
3650		2
3651		3
3652		2
3653		6
3654		4
3655		5
3656		3
3657		4
3658		5
3659		4
3660		5
3662		3
3663		6
3664		4
3665		3
3666		1
3667		2
3668		7
3669		6
3670		3
3671		2
3672		2
3673		4
3674		4
3675		6
3676		2
3677		2
3678		3
3679		9
3680		4
3681		7
3683		7
3684		6
3685		2
3686		5
3687		3
3688		5
3689		1
3690		9
3691		2
3692		4
3693		3
3694		9
3695		1
3696		3
3697		2
3699		3
3701		4
3702		2
3703		1
3704		1
3705		2
3706		2
3707		5
3708		7
3709		2
3710		5
3711		4
3712		1
3713		3
3714		3
3715		3
3716		5
3717		2
3718		4
3719		4
3720		3
3721		3
3723		2
3724		3
3725		3
3726		2
3727		6
3728		7
3729		4
3730		8
3731		4
3732		8
3733		6
3734		6
3735		2
3736		5
3737		3
3738		3
3739		5
3740		3
3741		6
3742		3
3743		2
3744		2
3745		2
3746		2
3747		4
3748		4
3749		1
3750		4
3751		4
3752		3
3753		2
3754		5
3755		5
3756		5
3757		2
3758		4
3759		8
3760		4
3761		4
3762		8
3763		5
3764		6
3765		2
3766		2
3767		3
3768		5
3769		4
3770		5
3771		4
3772		5
3773		3
3774		4
3775		4
3776		2
3777		3
3778		3
3779		3
3780		2
3781		6
3782		2
3783		5
3784		5
3785		2
3786		2
3787		4
3788		6
3790		6
3791		2
3792		6
3793		2
3794		4
3795		5
3796		3
3797		3
3798		3
3799		2
3800		1
3801		4
3802		7
3803		2
3804		6
3805		4
3806		5
3807		4
3808		4
3809		7
3810		3
3811		4
3812		4
3813		2
3814		6
3816		3
3817		5
3818		1
3819		2
3820		4
3821		5
3822		4
3823		8
3824		3
3825		2
3826		3
3827		4
3828		3
3829		6
3830		5
3831		5
3832		4
3833		6
3834		5
3835		8
3836		3
3837		4
3838		3
3839		3
3841		3
3842		2
3843		5
3844		3
3845		2
3846		1
3847		4
3848		3
3849		5
3850		2
3851		4
3852		5
3853		6
3854		1
3855		4
3856		5
3857		2
3858		7
3859		2
3860		2
3861		3
3862		1
3863		7
3864		1
3865		3
3866		3
3867		3
3868		4
3869		5
3870		5
3871		3
3872		8
3873		4
3874		3
3875		3
3876		2
3877		5
3878		2
3879		5
3880		2
3881		6
3882		1
3883		3
3884		6
3885		3
3886		5
3887		5
3888		3
3889		4
3890		6
3891		8
3892		4
3893		2
3895		4
3896		3
3897		4
3898		1
3900		6
3901		2
3902		2
3903		3
3904		2
3905		5
3907		2
3909		4
3910		2
3911		7
3912		3
3913		4
3914		3
3915		5
3916		3
3917		5
3918		2
3919		6
3920		4
3921		1
3922		2
3923		4
3924		3
3925		6
3926		3
3927		2
3928		1
3929		5
3930		4
3931		6
3932		4
3933		2
3934		5
3935		2
3936		3
3937		3
3939		3
3940		5
3941		2
3942		4
3943		3
3944		1
3945		3
3946		1
3947		5
3948		2
3949		5
3950		2
3951		5
3952		2
3953		3
3954		2
3955		1
3956		3
3957		4
3958		5
3959		2
3960		3
3961		1
3962		4
3963		5
3964		3
3965		4
3966		5
3967		2
3968		1
3969		5
3970		8
3971		3
3972		1
3973		5
3974		6
3975		5
3976		3
3977		3
3978		2
3979		4
3980		2
3982		6
3983		4
3984		5
3985		4
3986		1
3987		6
3988		5
3989		2
3990		4
3991		3
3992		3
3993		3
3994		7
3995		4
3996		3
3997		4
3998		7
3999		3
4000		4
4001		5
4002		2
4003		1
4004		3
4005		2
4006		3
4007		3
4008		5
4009		5
4010		6
4011		4
4012		2
4013		1
4014		2
4015		2
4016		5
4017		3
4018		2
4019		4
4020		5
4021		3
4022		3
4023		7
4024		4
4025		3
4026		3
4027		2
4028		4
4029		1
4030		2
4031		3
4032		1
4033		2
4034		5
4035		5
4036		3
4037		5
4038		4
4039		6
4040		2
4041		1
4042		2
4044		3
4046		2
4047		4
4048		1
4049		3
4050		3
4051		3
4053		2
4054		7
4055		2
4056		4
4057		5
4058		1
4059		3
4060		3
4061		2
4063		7
4064		5
4065		2
4066		9
4067		4
4068		2
4069		5
4070		1
4071		2
4072		3
4073		5
4074		2
4075		6
4076		4
4077		1
4078		4
4079		4
4080		1
4081		5
4084		2
4085		1
4086		7
4087		1
4088		5
4089		1
4090		4
4091		2
4092		2
4093		2
4094		2
4096		3
4097		5
4098		2
4099		4
4100		3
4101		3
4102		3
4103		5
4104		4
4105		5
4106		2
4107		4
4108		8
4109		5
4110		3
4112		2
4113		2
4115		3
4116		5
4117		1
4118		2
4119		3
4120		3
4121		4
4122		4
4123		6
4126		1
4127		5
4128		2
4129		5
4130		6
4131		5
4132		6
4133		3
4134		4
4135		3
4137		8
4138		6
4139		3
4140		3
4141		5
4142		9
4143		4
4144		4
4145		5
4147		5
4148		6
4149		3
4150		4
4151		4
4152		4
4153		2
4154		9
4155		4
4156		3
4157		4
4158		3
4159		4
4160		4
4161		3
4162		5
4163		1
4164		4
4165		3
4166		2
4167		1
4168		3
4169		3
4170		3
4172		6
4173		1
4174		2
4175		6
4176		1
4177		3
4178		3
4179		3
4180		2
4181		2
4182		3
4183		3
4184		6
4185		5
4186		2
4187		4
4189		4
4190		3
4191		2
4192		3
4193		3
4194		6
4195		3
4196		1
4197		2
4198		2
4199		2
4200		2
4201		3
4202		3
4203		3
4204		5
4205		1
4206		3
4207		2
4208		3
4209		2
4210		4
4211		2
4212		4
4213		1
4214		5
4215		5
4216		1
4217		2
4218		4
4219		3
4220		4
4221		1
4223		3
4224		6
4225		2
4226		4
4227		4
4228		6
4229		4
4230		1
4231		2
4232		2
4233		5
4234		3
4235		1
4236		4
4237		1
4238		2
4240		1
4241		3
4242		4
4243		2
4244		2
4245		6
4246		2
4247		5
4248		3
4249		7
4250		1
4251		2
4252		5
4253		4
4254		1
4255		3
4256		4
4257		1
4258		3
4259		2
4260		3
4261		3
4262		1
4263		2
4264		2
4265		3
4266		6
4267		3
4268		4
4269		2
4270		5
4271		1
4272		2
4273		5
4274		2
4275		5
4276		1
4277		2
4279		2
4280		2
4281		7
4282		2
4283		3
4284		2
4286		5
4288		1
4289		2
4290		5
4291		4
4292		4
4293		1
4294		8
4295		3
4296		2
4297		2
4298		3
4299		4
4300		4
4301		4
4302		2
4303		1
4304		6
4305		2
4306		4
4307		1
4308		3
4309		1
4310		4
4311		4
4312		3
4313		3
4314		4
4315		4
4316		1
4317		2
4318		4
4319		2
4320		4
4321		4
4322		2
4323		2
4324		1
4325		4
4326		5
4327		2
4328		4
4329		1
4330		1
4331		2
4332		1
4333		4
4334		2
4335		2
4336		2
4337		1
4338		2
4340		2
4341		3
4342		3
4343		4
4344		1
4345		5
4346		1
4347		1
4348		4
4349		1
4350		5
4352		3
4353		1
4354		3
4355		2
4356		5
4357		3
4358		2
4359		1
4360		3
4361		2
4362		6
4363		9
4364		3
4365		1
4366		3
4367		4
4368		4
4369		2
4370		4
4371		4
4372		3
4373		6
4374		2
4375		3
4376		3
4377		4
4378		8
4379		5
4380		2
4381		2
4382		1
4383		2
4385		3
4386		2
4387		4
4388		3
4389		3
4392		4
4393		1
4394		4
4396		2
4397		2
4398		1
4399		2
4400		2
4401		3
4402		1
4403		4
4404		5
4405		4
4407		1
4408		1
4409		2
4410		2
4412		2
4413		1
4414		2
4415		4
4416		3
4417		4
4418		2
4419		4
4420		2
4421		2
4422		5
4423		5
4424		2
4425		6
4426		2
4427		7
4428		3
4429		4
4430		3
4431		3
4432		4
4433		2
4434		3
4435		2
4436		4
4437		1
4438		3
4439		3
4440		1
4441		3
4443		1
4444		3
4445		3
4446		1
4447		3
4448		2
4449		2
4450		2
4451		2
4452		2
4454		1
4455		1
4456		2
4457		2
4458		1
4459		3
4460		1
4461		1
4462		2
4463		5
4464		1
4465		3
4466		3
4467		2
4468		2
4469		2
4470		1
4471		3
4472		2
4473		3
4474		3
4475		1
4476		4
4477		3
4478		3
4479		2
4480		2
4481		2
4483		2
4484		1
4485		6
4486		3
4487		1
4489		1
4490		2
4491		1
4492		2
4493		2
4494		2
4495		2
4496		2
4497		5
4499		2
4500		2
4501		2
4503		2
4505		1
4506		4
4507		3
4508		4
4509		6
4510		1
4511		3
4515		4
4517		1
4518		2
4519		3
4520		1
4521		4
4522		5
4524		4
4525		1
4526		3
4527		4
4529		4
4530		2
4531		2
4532		4
4533		1
4534		2
4535		1
4536		5
4537		2
4538		3
4539		2
4540		3
4541		2
4543		1
4544		2
4545		4
4546		1
4548		1
4550		4
4551		3
4552		3
4553		2
4554		1
4555		1
4556		3
4557		2
4558		2
4559		1
4560		5
4561		4
4562		2
4563		4
4564		1
4565		2
4567		2
4568		3
4570		3
4571		2
4572		2
4573		3
4574		2
4576		2
4578		2
4579		2
4580		2
4581		2
4582		3
4583		3
4584		3
4585		2
4586		1
4587		1
4588		5
4589		1
4590		2
4591		3
4592		5
4593		4
4594		1
4595		3
4596		2
4597		5
4598		3
4599		3
4600		1
4601		2
4602		4
4603		3
4604		1
4605		3
4606		2
4607		4
4608		1
4609		1
4610		3
4611		3
4612		2
4613		2
4614		1
4615		2
4616		3
4617		2
4618		1
4619		4
4620		3
4621		2
4623		3
4624		4
4625		2
4626		2
4627		2
4628		3
4629		3
4630		1
4631		3
4632		1
4633		1
4634		2
4635		1
4636		4
4637		3
4638		2
4639		3
4640		5
4641		1
4642		4
4643		2
4645		2
4646		4
4647		5
4648		3
4649		1
4650		4
4651		4
4652		2
4653		3
4654		2
4655		4
4656		1
4657		1
4658		1
4659		1
4661		2
4662		4
4663		3
4665		8
4667		3
4668		1
4669		1
4670		7
4671		1
4674		2
4675		1
4676		2
4677		3
4678		3
4679		1
4681		1
4682		4
4683		3
4684		3
4685		3
4688		3
4690		2
4691		1
4693		3
4694		1
4696		4
4697		2
4698		2
4700		1
4701		3
4703		1
4704		3
4705		1
4706		4
4707		1
4708		1
4709		3
4710		2
4711		3
4712		2
4714		3
4715		2
4716		3
4717		3
4718		2
4719		3
4720		2
4721		2
4722		2
4723		1
4724		1
4725		3
4728		4
4729		1
4730		2
4731		1
4733		1
4734		2
4735		2
4736		2
4737		2
4738		1
4739		2
4741		1
4742		4
4743		2
4744		4
4745		1
4746		1
4747		2
4748		5
4749		4
4750		2
4751		1
4752		2
4753		1
4754		1
4756		1
4757		5
4758		4
4759		1
4760		4
4761		2
4762		2
4763		5
4766		2
4769		3
4770		2
4771		4
4773		3
4774		1
4775		3
4776		1
4777		3
4778		2
4779		3
4780		2
4781		1
4782		5
4783		2
4784		3
4785		1
4786		6
4788		1
4789		2
4790		4
4792		2
4793		3
4794		1
4795		1
4796		4
4797		5
4798		2
4799		1
4800		2
4801		1
4802		3
4803		3
4804		3
4805		2
4806		3
4808		1
4809		1
4810		3
4812		2
4814		1
4815		4
4816		2
4817		2
4818		1
4820		7
4821		1
4822		1
4823		3
4825		1
4826		3
4827		1
4828		2
4829		2
4830		1
4831		2
4832		2
4833		3
4834		2
4835		4
4836		4
4837		3
4838		2
4839		2
4840		1
4841		1
4842		1
4843		1
4844		1
4845		2
4846		3
4847		1
4849		1
4850		2
4852		1
4853		2
4854		1
4855		2
4856		4
4858		1
4859		1
4860		1
4861		3
4862		2
4864		1
4865		1
4869		2
4870		1
4872		3
4874		4
4876		1
4877		2
4878		6
4880		1
4882		1
4883		4
4884		2
4885		2
4886		2
4887		4
4888		3
4889		1
4890		1
4891		2
4892		1
4893		3
4894		1
4895		1
4896		2
4897		2
4898		3
4899		2
4900		2
4901		2
4902		1
4903		2
4904		2
4905		6
4906		2
4907		2
4909		3
4910		1
4911		3
4912		2
4913		1
4914		1
4915		2
4916		2
4917		3
4918		3
4920		3
4921		3
4923		2
4924		1
4925		1
4926		2
4927		3
4928		2
4929		2
4930		2
4931		1
4932		1
4933		2
4934		2
4937		3
4938		3
4941		2
4942		2
4943		1
4945		1
4946		5
4947		2
4948		2
4950		1
4951		1
4952		1
4953		3
4955		1
4956		1
4957		2
4958		1
4959		3
4960		2
4961		3
4962		2
4963		1
4965		3
4966		2
4969		3
4970		1
4971		1
4973		1
4974		1
4975		2
4976		1
4977		2
4978		1
4979		1
4981		1
4982		2
4983		2
4984		1
4987		5
4988		2
4989		3
4991		2
4992		2
4993		1
4994		3
4995		2
4996		1
4997		1
5000		2
5001		1
5002		2
5003		1
5005		2
5006		1
5008		1
5009		2
5012		1
5013		1
5014		4
5015		2
5018		1
5019		1
5020		2
5021		2
5022		4
5023		5
5024		3
5025		2
5026		1
5027		3
5028		2
5029		2
5030		1
5031		3
5032		1
5034		3
5036		1
5037		1
5038		1
5039		1
5040		1
5041		2
5042		3
5043		1
5046		1
5047		1
5048		1
5050		1
5051		2
5052		1
5053		2
5054		2
5055		2
5057		1
5058		1
5059		3
5061		1
5062		2
5063		2
5066		1
5067		3
5068		2
5073		3
5074		1
5075		2
5076		3
5078		3
5080		4
5082		3
5083		3
5084		3
5085		3
5086		1
5087		2
5088		3
5089		4
5090		2
5091		1
5092		4
5093		1
5094		1
5096		1
5097		1
5098		1
5100		1
5101		2
5102		2
5103		5
5104		3
5105		1
5107		1
5108		2
5109		1
5112		2
5113		1
5114		2
5115		1
5116		1
5117		1
5119		3
5120		2
5124		3
5125		2
5127		2
5128		1
5129		1
5130		2
5131		2
5132		1
5133		1
5134		4
5135		1
5137		1
5138		3
5139		1
5140		1
5141		1
5142		5
5143		1
5144		1
5146		1
5148		2
5149		1
5150		2
5151		2
5155		4
5157		1
5158		1
5159		2
5160		3
5161		1
5162		4
5163		3
5164		1
5165		1
5166		1
5168		3
5170		2
5171		1
5172		2
5173		1
5175		3
5176		1
5177		4
5179		2
5180		2
5182		1
5183		1
5184		2
5185		3
5186		2
5187		2
5188		2
5190		1
5191		1
5193		2
5194		2
5195		1
5196		1
5197		2
5199		1
5200		5
5202		2
5203		1
5204		1
5207		1
5211		2
5213		3
5214		1
5215		1
5217		3
5219		3
5221		3
5222		1
5223		3
5224		1
5225		3
5226		1
5228		1
5229		1
5230		3
5231		1
5232		2
5233		1
5234		2
5235		1
5237		1
5238		1
5239		2
5243		2
5244		2
5245		5
5247		1
5249		1
5250		3
5252		2
5254		1
5258		2
5259		1
5261		2
5262		3
5264		2
5268		2
5270		2
5271		1
5272		1
5273		3
5274		1
5275		1
5276		3
5277		1
5278		2
5280		2
5281		1
5282		1
5283		2
5284		1
5286		2
5287		1
5288		2
5290		1
5291		2
5292		1
5293		1
5294		3
5295		1
5296		1
5297		2
5299		1
5300		1
5303		1
5305		1
5307		2
5308		1
5309		1
5310		2
5311		1
5312		2
5313		1
5316		1
5317		1
5318		3
5319		2
5320		1
5321		2
5322		1
5323		4
5324		2
5327		1
5328		4
5330		5
5331		4
5334		2
5336		2
5337		1
5338		1
5339		4
5340		1
5341		1
5342		1
5343		1
5344		1
5346		1
5347		1
5349		1
5350		1
5351		1
5353		2
5355		2
5359		4
5360		2
5361		2
5362		1
5363		1
5364		1
5365		2
5367		1
5370		1
5372		1
5374		2
5376		2
5377		1
5378		2
5379		1
5381		2
5383		1
5384		2
5385		1
5386		1
5387		1
5388		1
5389		2
5390		3
5392		1
5394		3
5396		2
5397		2
5398		1
5399		1
5400		1
5401		2
5402		1
5404		1
5407		2
5408		1
5409		1
5412		3
5413		2
5415		1
5416		1
5417		2
5419		1
5421		4
5424		1
5425		3
5426		2
5427		1
5428		2
5429		1
5430		1
5431		2
5432		2
5433		3
5435		2
5438		1
5442		1
5443		1
5446		2
5448		1
5449		3
5456		1
5457		1
5459		2
5460		2
5462		1
5463		2
5464		1
5468		1
5469		1
5471		1
5473		1
5474		1
5475		1
5478		1
5479		4
5481		1
5482		1
5484		3
5486		1
5487		2
5488		1
5490		1
5491		1
5494		2
5496		1
5498		1
5499		2
5500		1
5501		1
5502		1
5505		2
5507		1
5510		2
5511		1
5512		1
5513		1
5514		2
5515		1
5516		1
5521		1
5522		1
5524		1
5525		1
5526		2
5527		3
5528		1
5531		1
5532		1
5533		1
5535		1
5538		2
5542		2
5544		1
5546		2
5547		2
5550		2
5551		2
5552		1
5554		2
5555		3
5556		1
5558		1
5559		1
5560		1
5561		1
5562		1
5564		1
5566		1
5567		1
5568		3
5569		2
5574		1
5576		2
5577		1
5580		1
5581		1
5584		1
5585		2
5586		1
5587		2
5589		1
5590		2
5593		1
5595		2
5598		1
5601		2
5602		1
5603		3
5604		1
5605		1
5606		1
5607		1
5609		1
5612		1
5613		1
5615		1
5618		1
5621		1
5622		1
5629		1
5630		1
5632		3
5633		1
5634		2
5635		1
5637		1
5638		1
5639		2
5643		1
5645		1
5648		1
5650		1
5653		1
5658		1
5659		1
5661		1
5664		1
5667		1
5668		2
5670		2
5672		1
5676		1
5678		1
5681		1
5683		1
5684		3
5685		1
5686		2
5687		1
5688		1
5691		1
5692		2
5694		2
5695		1
5696		2
5701		1
5704		1
5705		1
5707		1
5709		1
5710		1
5711		2
5712		1
5713		1
5714		1
5716		1
5717		2
5718		2
5723		2
5724		2
5726		1
5727		2
5728		1
5730		3
5731		2
5733		2
5737		1
5738		1
5739		1
5740		4
5746		1
5749		1
5750		2
5751		1
5755		2
5756		1
5760		1
5763		1
5765		2
5768		1
5771		2
5778		1
5782		1
5784		3
5785		1
5790		1
5791		1
5793		1
5795		1
5798		1
5803		1
5804		1
5805		3
5806		1
5810		2
5814		1
5819		1
5821		2
5822		3
5823		1
5825		1
5827		1
5828		2
5830		2
5832		1
5833		1
5837		1
5839		1
5840		1
5841		2
5843		1
5844		1
5849		1
5851		2
5853		1
5857		1
5858		1
5865		1
5867		1
5869		1
5871		1
5874		2
5879		1
5882		1
5894		1
5896		1
5899		1
5900		1
5903		1
5905		1
5906		1
5907		1
5912		1
5918		1
5920		1
5925		2
5928		1
5930		2
5937		1
5938		1
5941		3
5943		1
5946		1
5953		1
5957		1
5959		1
5962		2
5965		3
5972		1
5973		1
5974		1
5975		1
5976		1
5979		1
5981		2
5982		1
5984		1
5986		1
5987		1
5988		1
5989		2
5990		1
5996		1
5999		2
6004		1
6009		1
6010		1
6016		3
6026		1
6030		1
6031		2
6033		2
6035		1
6040		1
6047		1
6049		1
6050		1
6053		1
6060		2
6067		2
6068		2
6069		1
6075		3
6076		1
6077		3
6078		2
6082		1
6083		1
6084		1
6094		1
6099		1
6107		1
6108		1
6112		1
6115		1
6117		1
6120		1
6124		1
6125		1
6132		1
6143		1
6147		1
6148		3
6151		2
6152		1
6156		1
6157		1
6160		1
6161		1
6163		2
6164		1
6165		1
6169		1
6172		1
6175		1
6178		1
6179		1
6188		1
6192		1
6195		1
6197		1
6203		1
6212		1
6216		1
6231		1
6235		2
6241		2
6246		1
6249		1
6252		1
6256		1
6258		2
6259		1
6267		1
6268		1
6273		1
6276		1
6279		1
6280		1
6282		1
6287		1
6291		1
6293		1
6298		1
6302		1
6304		1
6313		1
6315		1
6320		1
6325		1
6335		2
6339		1
6340		1
6348		1
6351		1
6355		1
6357		1
6363		2
6364		1
6367		1
6372		1
6373		3
6378		1
6393		1
6406		1
6418		1
6440		1
6442		1
6450		1
6459		1
6461		1
6488		1
6505		1
6532		1
6535		1
6538		1
6542		2
6548		1
6553		1
6566		1
6567		1
6573		1
6577		1
6579		1
6613		1
6626		1
6640		1
6652		1
6663		1
6666		1
6671		1
6672		1
6695		1
6721		1
6729		1
6732		1
6753		1
6760		1
6761		1
6817		1
6825		1
6858		1
6912		1
6946		1
6999		1
7013		1
7201		1
7228		1
7287		1
