Tamaños		Cantidades
1		8019697
2		1685032
3		1002040
4		646085
5		450998
6		330491
7		254261
8		202742
9		165296
10		137447
11		116904
12		99826
13		86826
14		75902
15		67042
16		60000
17		54050
18		48753
19		44151
20		40435
21		37132
22		33909
23		31529
24		29104
25		27045
26		25459
27		23634
28		22203
29		20871
30		19506
31		18408
32		17217
33		16447
34		15636
35		14891
36		13916
37		13334
38		12900
39		12217
40		11660
41		11077
42		10449
43		10369
44		9920
45		9493
46		9233
47		8539
48		8567
49		8289
50		7862
51		7688
52		7283
53		7002
54		6842
55		6610
56		6375
57		6057
58		5965
59		5746
60		5582
61		5420
62		5564
63		5279
64		5016
65		4822
66		4716
67		4678
68		4711
69		4422
70		4330
71		4169
72		4099
73		3993
74		3948
75		3755
76		3716
77		3560
78		3604
79		3584
80		3391
81		3384
82		3211
83		3205
84		3182
85		3027
86		2932
87		2926
88		2863
89		2830
90		2810
91		2662
92		2688
93		2531
94		2449
95		2527
96		2427
97		2413
98		2326
99		2301
100		2312
101		2260
102		2214
103		2183
104		2092
105		2134
106		2042
107		2073
108		1983
109		2035
110		1950
111		1915
112		1852
113		1839
114		1820
115		1814
116		1732
117		1755
118		1709
119		1700
120		1658
121		1652
122		1632
123		1549
124		1510
125		1564
126		1479
127		1474
128		1403
129		1471
130		1484
131		1428
132		1422
133		1340
134		1428
135		1349
136		1323
137		1341
138		1247
139		1340
140		1275
141		1193
142		1246
143		1211
144		1183
145		1229
146		1208
147		1104
148		1195
149		1194
150		1098
151		1101
152		1089
153		1093
154		1115
155		1058
156		1063
157		1016
158		1006
159		1013
160		1002
161		1040
162		958
163		957
164		931
165		1002
166		899
167		924
168		886
169		899
170		905
171		869
172		986
173		881
174		908
175		869
176		856
177		870
178		845
179		842
180		819
181		810
182		770
183		800
184		791
185		721
186		781
187		740
188		746
189		726
190		758
191		732
192		732
193		670
194		735
195		707
196		728
197		714
198		725
199		707
200		662
201		663
202		648
203		676
204		615
205		672
206		660
207		613
208		625
209		594
210		610
211		638
212		552
213		575
214		590
215		602
216		588
217		562
218		569
219		579
220		592
221		584
222		555
223		537
224		564
225		499
226		540
227		557
228		521
229		532
230		544
231		558
232		500
233		533
234		535
235		483
236		530
237		548
238		526
239		555
240		456
241		480
242		517
243		488
244		513
245		501
246		420
247		466
248		480
249		446
250		483
251		438
252		476
253		438
254		475
255		449
256		448
257		446
258		478
259		442
260		415
261		431
262		449
263		402
264		403
265		408
266		433
267		425
268		359
269		437
270		388
271		398
272		399
273		387
274		400
275		372
276		394
277		437
278		410
279		414
280		396
281		356
282		389
283		361
284		380
285		395
286		367
287		369
288		385
289		360
290		386
291		367
292		348
293		367
294		344
295		355
296		363
297		328
298		324
299		365
300		344
301		325
302		339
303		325
304		369
305		304
306		349
307		333
308		331
309		325
310		334
311		333
312		319
313		292
314		308
315		310
316		307
317		296
318		317
319		309
320		282
321		269
322		296
323		250
324		309
325		288
326		301
327		283
328		271
329		310
330		319
331		296
332		297
333		279
334		293
335		278
336		284
337		290
338		281
339		291
340		273
341		287
342		289
343		265
344		263
345		258
346		273
347		269
348		260
349		278
350		260
351		253
352		268
353		245
354		257
355		241
356		229
357		239
358		260
359		227
360		244
361		247
362		244
363		241
364		228
365		248
366		246
367		224
368		213
369		234
370		241
371		230
372		231
373		258
374		230
375		224
376		208
377		228
378		220
379		195
380		235
381		221
382		222
383		212
384		230
385		244
386		218
387		220
388		249
389		228
390		210
391		238
392		215
393		221
394		217
395		214
396		208
397		225
398		235
399		222
400		220
401		214
402		203
403		198
404		211
405		223
406		226
407		198
408		211
409		208
410		208
411		195
412		204
413		186
414		179
415		197
416		200
417		199
418		191
419		186
420		202
421		174
422		182
423		184
424		155
425		189
426		173
427		182
428		177
429		175
430		169
431		197
432		172
433		194
434		202
435		179
436		182
437		172
438		188
439		191
440		177
441		180
442		185
443		143
444		158
445		166
446		177
447		188
448		165
449		174
450		157
451		163
452		169
453		191
454		158
455		179
456		155
457		180
458		168
459		177
460		128
461		179
462		159
463		174
464		154
465		176
466		183
467		174
468		154
469		151
470		150
471		157
472		158
473		141
474		163
475		159
476		150
477		162
478		139
479		156
480		159
481		155
482		171
483		142
484		141
485		149
486		179
487		143
488		150
489		156
490		154
491		135
492		149
493		122
494		162
495		152
496		139
497		129
498		150
499		144
500		145
501		136
502		142
503		177
504		127
505		128
506		126
507		126
508		147
509		140
510		113
511		147
512		156
513		122
514		134
515		135
516		132
517		159
518		134
519		137
520		132
521		131
522		133
523		129
524		113
525		101
526		140
527		122
528		129
529		130
530		123
531		128
532		130
533		125
534		111
535		98
536		110
537		118
538		110
539		123
540		122
541		111
542		125
543		123
544		127
545		121
546		120
547		120
548		123
549		126
550		119
551		111
552		131
553		135
554		124
555		132
556		114
557		124
558		112
559		118
560		110
561		121
562		115
563		115
564		105
565		113
566		125
567		114
568		116
569		127
570		106
571		100
572		118
573		114
574		120
575		110
576		95
577		126
578		89
579		119
580		111
581		89
582		125
583		103
584		108
585		93
586		126
587		105
588		118
589		94
590		114
591		98
592		84
593		103
594		104
595		111
596		104
597		109
598		122
599		97
600		100
601		96
602		87
603		96
604		117
605		118
606		92
607		103
608		76
609		103
610		95
611		84
612		104
613		111
614		117
615		86
616		87
617		96
618		95
619		92
620		110
621		110
622		93
623		86
624		85
625		88
626		109
627		124
628		80
629		82
630		96
631		107
632		90
633		93
634		73
635		87
636		86
637		90
638		103
639		83
640		103
641		94
642		88
643		81
644		97
645		104
646		91
647		85
648		87
649		96
650		89
651		84
652		80
653		93
654		102
655		83
656		97
657		89
658		79
659		106
660		108
661		98
662		78
663		95
664		93
665		92
666		101
667		94
668		104
669		83
670		97
671		82
672		90
673		76
674		86
675		90
676		85
677		79
678		74
679		99
680		98
681		89
682		88
683		88
684		64
685		100
686		78
687		76
688		87
689		72
690		91
691		73
692		99
693		80
694		80
695		68
696		77
697		82
698		78
699		73
700		80
701		73
702		86
703		66
704		82
705		82
706		90
707		79
708		81
709		78
710		79
711		85
712		65
713		79
714		95
715		86
716		99
717		68
718		79
719		80
720		96
721		71
722		86
723		73
724		73
725		67
726		84
727		73
728		65
729		88
730		85
731		65
732		73
733		65
734		79
735		75
736		74
737		88
738		79
739		68
740		85
741		80
742		62
743		70
744		70
745		77
746		72
747		72
748		89
749		72
750		65
751		70
752		58
753		75
754		73
755		72
756		81
757		61
758		77
759		61
760		66
761		67
762		80
763		71
764		69
765		54
766		62
767		74
768		81
769		73
770		61
771		52
772		55
773		51
774		76
775		73
776		71
777		76
778		62
779		90
780		65
781		70
782		57
783		73
784		66
785		57
786		67
787		46
788		53
789		51
790		71
791		63
792		62
793		66
794		59
795		59
796		66
797		69
798		60
799		68
800		64
801		69
802		54
803		72
804		73
805		67
806		60
807		82
808		76
809		58
810		52
811		68
812		66
813		60
814		74
815		80
816		59
817		52
818		61
819		65
820		58
821		54
822		66
823		64
824		66
825		58
826		53
827		65
828		70
829		68
830		55
831		44
832		52
833		53
834		55
835		55
836		54
837		57
838		58
839		45
840		55
841		52
842		48
843		63
844		61
845		61
846		67
847		56
848		63
849		65
850		55
851		68
852		66
853		51
854		46
855		55
856		67
857		58
858		55
859		60
860		61
861		53
862		55
863		55
864		57
865		54
866		48
867		68
868		64
869		55
870		62
871		55
872		53
873		54
874		48
875		54
876		60
877		61
878		61
879		53
880		53
881		47
882		70
883		54
884		63
885		54
886		58
887		41
888		41
889		61
890		50
891		77
892		41
893		49
894		41
895		53
896		53
897		51
898		58
899		34
900		52
901		40
902		43
903		50
904		55
905		52
906		53
907		53
908		43
909		49
910		59
911		48
912		56
913		55
914		48
915		50
916		51
917		41
918		56
919		45
920		51
921		49
922		46
923		48
924		48
925		55
926		56
927		49
928		40
929		60
930		64
931		46
932		46
933		45
934		49
935		54
936		43
937		42
938		41
939		49
940		46
941		38
942		55
943		51
944		56
945		49
946		39
947		47
948		50
949		31
950		47
951		52
952		44
953		40
954		59
955		55
956		57
957		46
958		53
959		44
960		42
961		43
962		50
963		51
964		57
965		56
966		45
967		49
968		52
969		39
970		45
971		42
972		38
973		58
974		51
975		40
976		55
977		52
978		46
979		51
980		45
981		45
982		48
983		40
984		51
985		51
986		45
987		49
988		43
989		39
990		56
991		43
992		48
993		41
994		44
995		44
996		44
997		43
998		47
999		44
1000		52
1001		50
1002		40
1003		50
1004		48
1005		36
1006		33
1007		31
1008		41
1009		57
1010		45
1011		40
1012		37
1013		45
1014		43
1015		37
1016		55
1017		41
1018		55
1019		46
1020		39
1021		37
1022		43
1023		43
1024		56
1025		46
1026		47
1027		39
1028		38
1029		45
1030		45
1031		41
1032		44
1033		39
1034		28
1035		35
1036		43
1037		40
1038		48
1039		35
1040		43
1041		37
1042		38
1043		45
1044		42
1045		36
1046		40
1047		26
1048		33
1049		48
1050		41
1051		45
1052		47
1053		37
1054		38
1055		43
1056		44
1057		45
1058		42
1059		41
1060		40
1061		33
1062		41
1063		36
1064		41
1065		43
1066		40
1067		45
1068		37
1069		43
1070		44
1071		44
1072		47
1073		35
1074		36
1075		40
1076		36
1077		34
1078		38
1079		44
1080		48
1081		29
1082		43
1083		34
1084		44
1085		36
1086		35
1087		41
1088		37
1089		32
1090		43
1091		36
1092		28
1093		34
1094		47
1095		34
1096		54
1097		45
1098		32
1099		30
1100		40
1101		39
1102		40
1103		40
1104		39
1105		43
1106		39
1107		43
1108		36
1109		34
1110		36
1111		30
1112		36
1113		42
1114		43
1115		27
1116		37
1117		38
1118		41
1119		39
1120		31
1121		37
1122		35
1123		43
1124		34
1125		35
1126		41
1127		43
1128		38
1129		47
1130		38
1131		35
1132		28
1133		35
1134		35
1135		38
1136		39
1137		38
1138		35
1139		26
1140		31
1141		33
1142		37
1143		38
1144		41
1145		30
1146		32
1147		36
1148		45
1149		37
1150		40
1151		35
1152		21
1153		35
1154		40
1155		37
1156		28
1157		33
1158		30
1159		29
1160		29
1161		37
1162		36
1163		34
1164		28
1165		32
1166		35
1167		38
1168		39
1169		26
1170		27
1171		23
1172		43
1173		35
1174		30
1175		36
1176		30
1177		41
1178		31
1179		31
1180		30
1181		37
1182		36
1183		35
1184		27
1185		37
1186		40
1187		30
1188		38
1189		33
1190		30
1191		24
1192		38
1193		38
1194		36
1195		22
1196		29
1197		44
1198		30
1199		41
1200		39
1201		33
1202		32
1203		31
1204		21
1205		31
1206		32
1207		20
1208		23
1209		31
1210		31
1211		43
1212		27
1213		25
1214		29
1215		28
1216		30
1217		32
1218		35
1219		25
1220		32
1221		24
1222		36
1223		33
1224		36
1225		34
1226		34
1227		25
1228		34
1229		19
1230		32
1231		27
1232		25
1233		35
1234		28
1235		49
1236		30
1237		25
1238		39
1239		27
1240		33
1241		34
1242		36
1243		27
1244		22
1245		32
1246		43
1247		31
1248		33
1249		27
1250		28
1251		35
1252		28
1253		21
1254		15
1255		20
1256		35
1257		35
1258		29
1259		35
1260		29
1261		29
1262		30
1263		21
1264		29
1265		33
1266		28
1267		32
1268		14
1269		29
1270		41
1271		20
1272		29
1273		28
1274		26
1275		34
1276		24
1277		32
1278		30
1279		34
1280		18
1281		30
1282		31
1283		28
1284		24
1285		20
1286		21
1287		32
1288		31
1289		29
1290		21
1291		31
1292		27
1293		26
1294		23
1295		21
1296		27
1297		33
1298		30
1299		33
1300		30
1301		26
1302		30
1303		23
1304		18
1305		31
1306		36
1307		28
1308		21
1309		26
1310		31
1311		31
1312		36
1313		16
1314		28
1315		24
1316		28
1317		26
1318		29
1319		27
1320		30
1321		13
1322		22
1323		36
1324		24
1325		30
1326		21
1327		29
1328		26
1329		23
1330		31
1331		27
1332		34
1333		27
1334		24
1335		35
1336		26
1337		26
1338		29
1339		27
1340		32
1341		25
1342		27
1343		21
1344		25
1345		28
1346		18
1347		26
1348		39
1349		23
1350		22
1351		32
1352		25
1353		31
1354		34
1355		35
1356		32
1357		25
1358		20
1359		30
1360		25
1361		20
1362		19
1363		31
1364		29
1365		19
1366		20
1367		36
1368		30
1369		21
1370		24
1371		33
1372		30
1373		24
1374		35
1375		21
1376		16
1377		25
1378		35
1379		25
1380		22
1381		24
1382		27
1383		25
1384		19
1385		32
1386		32
1387		24
1388		27
1389		25
1390		19
1391		21
1392		37
1393		26
1394		34
1395		31
1396		23
1397		23
1398		23
1399		19
1400		21
1401		31
1402		17
1403		25
1404		23
1405		19
1406		32
1407		21
1408		30
1409		26
1410		27
1411		22
1412		23
1413		32
1414		28
1415		25
1416		33
1417		22
1418		17
1419		27
1420		20
1421		30
1422		32
1423		22
1424		31
1425		20
1426		25
1427		21
1428		26
1429		32
1430		23
1431		29
1432		17
1433		18
1434		24
1435		19
1436		18
1437		20
1438		23
1439		25
1440		20
1441		23
1442		21
1443		24
1444		25
1445		18
1446		20
1447		26
1448		28
1449		19
1450		23
1451		25
1452		15
1453		27
1454		27
1455		29
1456		22
1457		24
1458		25
1459		17
1460		24
1461		20
1462		22
1463		25
1464		25
1465		31
1466		18
1467		17
1468		23
1469		22
1470		31
1471		21
1472		24
1473		23
1474		18
1475		27
1476		26
1477		19
1478		29
1479		27
1480		24
1481		25
1482		19
1483		17
1484		19
1485		17
1486		20
1487		18
1488		26
1489		15
1490		30
1491		23
1492		25
1493		23
1494		25
1495		24
1496		20
1497		24
1498		22
1499		21
1500		27
1501		23
1502		20
1503		21
1504		26
1505		21
1506		19
1507		23
1508		22
1509		22
1510		22
1511		17
1512		19
1513		25
1514		24
1515		21
1516		21
1517		21
1518		19
1519		27
1520		26
1521		18
1522		20
1523		16
1524		27
1525		21
1526		22
1527		16
1528		23
1529		22
1530		30
1531		26
1532		13
1533		23
1534		14
1535		22
1536		29
1537		22
1538		19
1539		23
1540		14
1541		16
1542		22
1543		26
1544		29
1545		27
1546		23
1547		19
1548		13
1549		23
1550		17
1551		18
1552		12
1553		27
1554		28
1555		24
1556		18
1557		22
1558		27
1559		20
1560		20
1561		17
1562		12
1563		25
1564		22
1565		15
1566		15
1567		22
1568		23
1569		16
1570		14
1571		19
1572		21
1573		24
1574		28
1575		22
1576		15
1577		21
1578		15
1579		23
1580		17
1581		14
1582		21
1583		17
1584		22
1585		16
1586		19
1587		20
1588		21
1589		22
1590		28
1591		32
1592		16
1593		17
1594		20
1595		26
1596		18
1597		17
1598		20
1599		18
1600		18
1601		20
1602		27
1603		15
1604		23
1605		24
1606		21
1607		20
1608		27
1609		23
1610		24
1611		19
1612		15
1613		25
1614		19
1615		22
1616		28
1617		20
1618		12
1619		11
1620		16
1621		22
1622		16
1623		18
1624		24
1625		18
1626		20
1627		18
1628		25
1629		21
1630		19
1631		20
1632		22
1633		17
1634		16
1635		23
1636		19
1637		26
1638		16
1639		21
1640		16
1641		18
1642		19
1643		21
1644		21
1645		29
1646		20
1647		16
1648		23
1649		16
1650		18
1651		23
1652		17
1653		22
1654		21
1655		26
1656		21
1657		18
1658		22
1659		18
1660		17
1661		14
1662		22
1663		34
1664		18
1665		33
1666		23
1667		19
1668		13
1669		13
1670		16
1671		15
1672		16
1673		19
1674		23
1675		20
1676		21
1677		20
1678		23
1679		21
1680		19
1681		21
1682		22
1683		20
1684		13
1685		17
1686		17
1687		15
1688		21
1689		19
1690		17
1691		20
1692		17
1693		19
1694		15
1695		14
1696		19
1697		11
1698		25
1699		18
1700		19
1701		14
1702		13
1703		13
1704		11
1705		22
1706		16
1707		28
1708		15
1709		18
1710		15
1711		9
1712		12
1713		19
1714		18
1715		26
1716		17
1717		20
1718		16
1719		17
1720		18
1721		11
1722		17
1723		13
1724		22
1725		19
1726		16
1727		14
1728		16
1729		23
1730		19
1731		17
1732		20
1733		17
1734		16
1735		12
1736		12
1737		16
1738		22
1739		16
1740		11
1741		23
1742		16
1743		21
1744		16
1745		19
1746		13
1747		23
1748		27
1749		19
1750		23
1751		13
1752		12
1753		16
1754		17
1755		9
1756		17
1757		20
1758		26
1759		16
1760		17
1761		19
1762		16
1763		16
1764		18
1765		18
1766		20
1767		23
1768		18
1769		22
1770		14
1771		17
1772		16
1773		27
1774		11
1775		18
1776		17
1777		19
1778		21
1779		20
1780		18
1781		20
1782		18
1783		16
1784		20
1785		9
1786		21
1787		14
1788		14
1789		17
1790		13
1791		10
1792		10
1793		23
1794		13
1795		13
1796		14
1797		13
1798		20
1799		13
1800		26
1801		23
1802		20
1803		17
1804		14
1805		13
1806		21
1807		10
1808		20
1809		13
1810		23
1811		16
1812		11
1813		13
1814		27
1815		11
1816		26
1817		19
1818		19
1819		19
1820		16
1821		11
1822		18
1823		19
1824		11
1825		10
1826		11
1827		20
1828		14
1829		17
1830		13
1831		25
1832		19
1833		22
1834		15
1835		22
1836		15
1837		13
1838		12
1839		15
1840		17
1841		17
1842		22
1843		12
1844		14
1845		20
1846		15
1847		16
1848		16
1849		18
1850		15
1851		20
1852		18
1853		7
1854		20
1855		12
1856		20
1857		16
1858		13
1859		17
1860		18
1861		14
1862		16
1863		21
1864		14
1865		9
1866		20
1867		12
1868		13
1869		12
1870		17
1871		12
1872		18
1873		17
1874		13
1875		12
1876		18
1877		19
1878		17
1879		16
1880		24
1881		16
1882		21
1883		13
1884		12
1885		7
1886		16
1887		23
1888		15
1889		13
1890		15
1891		17
1892		17
1893		15
1894		17
1895		25
1896		16
1897		8
1898		17
1899		14
1900		16
1901		12
1902		21
1903		15
1904		17
1905		16
1906		11
1907		14
1908		14
1909		13
1910		15
1911		16
1912		24
1913		13
1914		19
1915		13
1916		22
1917		14
1918		21
1919		17
1920		8
1921		16
1922		12
1923		11
1924		15
1925		16
1926		18
1927		17
1928		16
1929		13
1930		17
1931		8
1932		15
1933		11
1934		16
1935		16
1936		22
1937		12
1938		14
1939		8
1940		16
1941		16
1942		14
1943		13
1944		15
1945		19
1946		10
1947		12
1948		18
1949		15
1950		17
1951		7
1952		20
1953		15
1954		21
1955		18
1956		17
1957		19
1958		16
1959		12
1960		12
1961		11
1962		17
1963		12
1964		17
1965		14
1966		20
1967		8
1968		15
1969		14
1970		10
1971		13
1972		14
1973		13
1974		19
1975		14
1976		8
1977		13
1978		12
1979		13
1980		14
1981		9
1982		14
1983		14
1984		16
1985		9
1986		17
1987		16
1988		14
1989		17
1990		9
1991		16
1992		13
1993		12
1994		12
1995		12
1996		18
1997		12
1998		14
1999		17
2000		7
2001		17
2002		16
2003		13
2004		13
2005		12
2006		13
2007		13
2008		12
2009		11
2010		11
2011		14
2012		12
2013		11
2014		16
2015		10
2016		8
2017		9
2018		16
2019		12
2020		11
2021		13
2022		9
2023		11
2024		13
2025		18
2026		14
2027		10
2028		13
2029		7
2030		14
2031		13
2032		14
2033		11
2034		10
2035		17
2036		16
2037		6
2038		15
2039		17
2040		14
2041		10
2042		21
2043		13
2044		9
2045		12
2046		10
2047		17
2048		14
2049		19
2050		10
2051		12
2052		17
2053		15
2054		11
2055		10
2056		6
2057		10
2058		18
2059		8
2060		9
2061		15
2062		9
2063		14
2064		10
2065		11
2066		12
2067		11
2068		9
2069		8
2070		16
2071		17
2072		7
2073		10
2074		13
2075		12
2076		14
2077		12
2078		19
2079		15
2080		12
2081		11
2082		6
2083		15
2084		19
2085		14
2086		17
2087		10
2088		9
2089		16
2090		9
2091		16
2092		10
2093		12
2094		12
2095		19
2096		10
2097		12
2098		8
2099		14
2100		8
2101		9
2102		13
2103		5
2104		11
2105		15
2106		8
2107		16
2108		8
2109		14
2110		9
2111		16
2112		13
2113		10
2114		14
2115		10
2116		13
2117		23
2118		11
2119		14
2120		7
2121		10
2122		15
2123		10
2124		15
2125		7
2126		10
2127		15
2128		14
2129		13
2130		8
2131		14
2132		12
2133		12
2134		12
2135		12
2136		14
2137		13
2138		9
2139		11
2140		11
2141		13
2142		13
2143		14
2144		10
2145		8
2146		9
2147		14
2148		12
2149		15
2150		16
2151		19
2152		15
2153		11
2154		11
2155		15
2156		15
2157		13
2158		16
2159		11
2160		14
2161		9
2162		17
2163		16
2164		11
2165		7
2166		13
2167		14
2168		11
2169		14
2170		16
2171		21
2172		6
2173		14
2174		13
2175		12
2176		11
2177		12
2178		16
2179		14
2180		15
2181		10
2182		8
2183		10
2184		9
2185		15
2186		16
2187		14
2188		13
2189		7
2190		10
2191		11
2192		10
2193		12
2194		15
2195		13
2196		11
2197		9
2198		14
2199		9
2200		13
2201		11
2202		16
2203		9
2204		11
2205		11
2206		16
2207		11
2208		12
2209		11
2210		12
2211		9
2212		18
2213		9
2214		2
2215		17
2216		20
2217		11
2218		15
2219		11
2220		3
2221		10
2222		12
2223		18
2224		8
2225		6
2226		7
2227		12
2228		10
2229		12
2230		17
2231		7
2232		10
2233		14
2234		10
2235		8
2236		12
2237		8
2238		11
2239		10
2240		8
2241		6
2242		15
2243		12
2244		12
2245		7
2246		14
2247		18
2248		14
2249		7
2250		8
2251		8
2252		19
2253		12
2254		6
2255		11
2256		15
2257		9
2258		10
2259		4
2260		16
2261		14
2262		14
2263		8
2264		13
2265		5
2266		12
2267		14
2268		13
2269		9
2270		3
2271		16
2272		14
2273		12
2274		16
2275		13
2276		11
2277		6
2278		7
2279		8
2280		8
2281		13
2282		10
2283		7
2284		15
2285		13
2286		7
2287		10
2288		11
2289		7
2290		13
2291		13
2292		7
2293		15
2294		9
2295		8
2296		12
2297		5
2298		9
2299		11
2300		7
2301		7
2302		10
2303		14
2304		12
2305		5
2306		5
2307		16
2308		10
2309		15
2310		14
2311		9
2312		10
2313		9
2314		14
2315		11
2316		13
2317		10
2318		8
2319		11
2320		12
2321		8
2322		9
2323		14
2324		17
2325		9
2326		13
2327		11
2328		9
2329		12
2330		12
2331		9
2332		12
2333		17
2334		9
2335		11
2336		12
2337		11
2338		14
2339		14
2340		8
2341		10
2342		5
2343		7
2344		9
2345		8
2346		6
2347		12
2348		7
2349		16
2350		7
2351		12
2352		4
2353		10
2354		10
2355		7
2356		16
2357		9
2358		8
2359		7
2360		11
2361		8
2362		14
2363		11
2364		10
2365		14
2366		13
2367		8
2368		12
2369		12
2370		10
2371		13
2372		13
2373		13
2374		10
2375		8
2376		12
2377		13
2378		11
2379		1
2380		6
2381		6
2382		9
2383		15
2384		9
2385		11
2386		10
2387		11
2388		5
2389		12
2390		8
2391		10
2392		11
2393		11
2394		11
2395		11
2396		10
2397		14
2398		12
2399		4
2400		8
2401		7
2402		9
2403		14
2404		10
2405		8
2406		3
2407		10
2408		13
2409		11
2410		12
2411		8
2412		9
2413		11
2414		13
2415		9
2416		8
2417		8
2418		10
2419		12
2420		9
2421		10
2422		10
2423		12
2424		6
2425		8
2426		11
2427		13
2428		10
2429		8
2430		13
2431		15
2432		8
2433		12
2434		11
2435		11
2436		12
2437		8
2438		11
2439		7
2440		8
2441		8
2442		11
2443		13
2444		5
2445		14
2446		4
2447		14
2448		9
2449		7
2450		7
2451		10
2452		6
2453		10
2454		11
2455		14
2456		12
2457		15
2458		15
2459		5
2460		12
2461		6
2462		9
2463		2
2464		6
2465		8
2466		12
2467		19
2468		10
2469		9
2470		9
2471		8
2472		11
2473		12
2474		6
2475		5
2476		8
2477		13
2478		11
2479		12
2480		10
2481		10
2482		11
2483		12
2484		13
2485		6
2486		5
2487		15
2488		8
2489		6
2490		9
2491		4
2492		15
2493		10
2494		4
2495		9
2496		12
2497		8
2498		4
2499		7
2500		9
2501		17
2502		9
2503		7
2504		7
2505		4
2506		10
2507		13
2508		7
2509		5
2510		15
2511		3
2512		4
2513		16
2514		4
2515		8
2516		9
2517		11
2518		6
2519		8
2520		10
2521		7
2522		10
2523		12
2524		8
2525		11
2526		6
2527		6
2528		6
2529		10
2530		6
2531		14
2532		8
2533		9
2534		5
2535		8
2536		10
2537		10
2538		11
2539		10
2540		13
2541		8
2542		9
2543		10
2544		14
2545		7
2546		8
2547		3
2548		8
2549		8
2550		8
2551		4
2552		14
2553		10
2554		7
2555		8
2556		9
2557		6
2558		8
2559		9
2560		10
2561		3
2562		12
2563		10
2564		10
2565		11
2566		8
2567		5
2568		9
2569		9
2570		6
2571		13
2572		5
2573		9
2574		7
2575		10
2576		9
2577		5
2578		5
2579		9
2580		8
2581		11
2582		14
2583		9
2584		9
2585		10
2586		9
2587		10
2588		12
2589		5
2590		9
2591		7
2592		9
2593		7
2594		9
2595		9
2596		9
2597		8
2598		15
2599		6
2600		7
2601		5
2602		10
2603		6
2604		9
2605		6
2606		14
2607		8
2608		2
2609		6
2610		7
2611		7
2612		8
2613		4
2614		8
2615		8
2616		4
2617		9
2618		17
2619		13
2620		13
2621		5
2622		10
2623		8
2624		8
2625		10
2626		8
2627		3
2628		7
2629		8
2630		7
2631		9
2632		15
2633		4
2634		9
2635		15
2636		4
2637		8
2638		7
2639		10
2640		12
2641		11
2642		10
2643		3
2644		9
2645		10
2646		5
2647		10
2648		5
2649		4
2650		9
2651		7
2652		4
2653		13
2654		6
2655		3
2656		9
2657		14
2658		8
2659		8
2660		4
2661		4
2662		8
2663		5
2664		9
2665		7
2666		7
2667		13
2668		6
2669		9
2670		5
2671		5
2672		8
2673		12
2674		4
2675		6
2676		5
2677		13
2678		4
2679		7
2680		10
2681		3
2682		10
2683		6
2684		6
2685		9
2686		9
2687		11
2688		5
2689		11
2690		8
2691		7
2692		7
2693		7
2694		7
2695		10
2696		2
2697		6
2698		4
2699		5
2700		8
2701		8
2702		7
2703		5
2704		7
2705		6
2706		5
2707		12
2708		2
2709		3
2710		5
2711		8
2712		11
2713		15
2714		8
2715		9
2716		7
2717		10
2718		9
2719		4
2720		9
2721		6
2722		7
2723		5
2724		12
2725		7
2726		9
2727		8
2728		4
2729		7
2730		5
2731		4
2732		5
2733		6
2734		5
2735		11
2736		10
2737		7
2738		11
2739		6
2740		9
2741		9
2742		6
2743		7
2744		9
2745		5
2746		7
2747		7
2748		8
2749		6
2750		10
2751		8
2752		5
2753		5
2754		6
2755		9
2756		4
2757		4
2758		9
2759		10
2760		8
2761		8
2762		10
2763		10
2764		5
2765		6
2766		4
2767		5
2768		7
2769		2
2770		4
2771		6
2772		4
2773		11
2774		1
2775		4
2776		7
2777		9
2778		6
2779		8
2780		10
2781		2
2782		10
2783		9
2784		12
2785		10
2786		6
2787		9
2788		11
2789		9
2790		13
2791		7
2792		7
2793		7
2794		7
2795		6
2796		11
2797		8
2798		9
2799		3
2800		3
2801		8
2802		10
2803		9
2804		6
2805		4
2806		5
2807		10
2808		11
2809		5
2810		9
2811		2
2812		11
2813		9
2814		6
2815		9
2816		7
2817		5
2818		6
2819		7
2820		8
2821		7
2822		10
2823		5
2824		4
2825		6
2826		5
2827		6
2828		5
2829		7
2830		11
2831		5
2832		5
2833		5
2834		10
2835		7
2836		9
2837		4
2838		6
2839		11
2840		6
2841		3
2842		10
2843		9
2844		15
2845		7
2846		8
2847		11
2848		6
2849		4
2850		7
2851		10
2852		5
2853		9
2854		7
2855		9
2856		5
2857		7
2858		8
2859		8
2860		8
2861		5
2862		4
2863		7
2864		4
2865		4
2866		9
2867		13
2868		8
2869		10
2870		10
2871		6
2872		5
2873		8
2874		12
2875		9
2876		7
2877		9
2878		9
2879		13
2880		13
2881		9
2882		7
2883		6
2884		10
2885		6
2886		9
2887		9
2888		7
2889		6
2890		9
2891		3
2892		9
2893		4
2894		6
2895		8
2896		2
2897		6
2898		6
2899		4
2900		9
2901		11
2902		7
2903		5
2904		4
2905		6
2906		10
2907		3
2908		12
2909		4
2910		6
2911		9
2912		8
2913		9
2914		8
2915		6
2916		6
2917		5
2918		6
2919		8
2920		2
2921		4
2922		6
2923		6
2924		6
2925		7
2926		6
2927		9
2928		8
2929		7
2930		6
2931		6
2932		7
2933		12
2934		5
2935		6
2936		6
2937		10
2938		5
2939		4
2940		6
2941		5
2942		12
2943		8
2944		4
2945		7
2946		2
2947		7
2948		8
2949		6
2950		8
2951		6
2952		5
2953		5
2954		3
2955		12
2956		6
2957		5
2958		2
2959		7
2960		10
2961		11
2962		8
2963		7
2964		5
2965		6
2966		7
2967		5
2968		4
2969		3
2970		4
2971		5
2972		7
2973		7
2974		6
2975		6
2976		3
2977		7
2978		6
2979		9
2980		5
2981		7
2982		8
2983		7
2984		9
2985		5
2986		7
2987		8
2988		7
2989		4
2990		5
2991		4
2992		4
2993		6
2994		6
2995		5
2996		7
2997		7
2998		5
2999		5
3000		6
3001		7
3002		10
3003		4
3004		8
3005		2
3006		5
3007		7
3008		8
3009		7
3010		5
3011		2
3012		11
3013		1
3014		8
3015		4
3016		6
3017		6
3018		5
3019		5
3020		4
3021		9
3022		5
3023		6
3024		6
3025		4
3026		4
3027		6
3028		8
3029		3
3030		5
3031		8
3032		9
3033		7
3034		3
3035		9
3036		7
3037		9
3038		5
3039		10
3040		7
3041		6
3042		5
3043		4
3044		5
3045		6
3046		7
3047		6
3048		4
3049		11
3050		8
3051		7
3052		5
3053		6
3054		7
3055		8
3056		3
3057		5
3058		5
3059		5
3060		4
3061		9
3062		4
3063		7
3064		5
3065		5
3066		4
3067		8
3068		4
3069		4
3070		10
3071		6
3072		7
3073		7
3074		2
3075		5
3076		6
3077		3
3078		4
3079		3
3080		3
3081		7
3082		6
3083		6
3084		7
3085		3
3086		8
3087		4
3088		5
3089		6
3090		3
3091		1
3092		8
3093		10
3094		6
3095		12
3096		6
3097		7
3098		2
3099		5
3100		7
3101		4
3102		2
3103		5
3104		8
3105		8
3106		4
3107		6
3108		5
3109		3
3110		7
3111		5
3112		4
3113		7
3114		8
3115		5
3116		3
3117		4
3118		8
3119		2
3120		5
3121		4
3122		1
3123		3
3124		4
3125		5
3126		6
3127		3
3128		4
3129		8
3130		4
3131		5
3132		4
3133		3
3134		9
3135		1
3136		8
3137		5
3138		9
3139		6
3140		2
3141		7
3142		1
3143		6
3144		6
3145		8
3146		4
3147		5
3148		3
3149		6
3150		4
3151		7
3152		4
3153		5
3154		6
3155		6
3156		5
3157		7
3158		4
3159		3
3160		6
3161		6
3162		5
3163		7
3164		6
3165		7
3166		5
3167		4
3168		6
3169		1
3170		6
3171		6
3172		4
3173		5
3174		7
3175		6
3176		4
3177		7
3178		7
3179		6
3180		6
3181		10
3182		5
3183		8
3184		6
3185		5
3186		4
3187		3
3188		6
3189		5
3190		5
3191		4
3192		5
3193		6
3194		7
3195		7
3196		7
3197		7
3198		5
3199		5
3200		7
3201		5
3202		3
3203		5
3204		5
3205		6
3206		10
3207		1
3208		3
3209		7
3211		7
3212		9
3213		6
3214		7
3215		2
3216		5
3217		5
3218		5
3219		5
3220		12
3221		7
3222		4
3223		4
3224		6
3225		8
3226		5
3227		3
3228		3
3229		4
3230		5
3231		7
3232		4
3233		3
3234		4
3235		5
3236		5
3237		3
3238		2
3239		5
3240		8
3241		6
3242		8
3243		9
3244		3
3245		5
3246		7
3247		2
3248		3
3249		9
3250		3
3251		7
3252		5
3253		4
3254		5
3255		3
3256		6
3257		5
3258		5
3259		4
3260		4
3261		5
3262		8
3263		6
3264		3
3265		7
3266		4
3267		5
3268		11
3269		3
3270		5
3271		5
3272		3
3273		6
3274		3
3275		9
3276		5
3277		5
3278		2
3279		5
3280		3
3282		8
3283		3
3284		4
3285		8
3286		8
3287		4
3288		7
3289		1
3290		1
3291		8
3292		5
3293		4
3294		7
3295		5
3296		5
3297		6
3298		5
3299		6
3300		7
3301		7
3302		11
3303		1
3304		8
3305		5
3306		4
3307		7
3308		5
3309		4
3310		3
3311		6
3312		1
3313		3
3314		6
3315		2
3316		7
3317		6
3318		4
3319		5
3320		3
3321		5
3322		4
3323		2
3324		10
3325		4
3326		1
3327		4
3328		11
3329		5
3330		5
3331		3
3332		6
3333		4
3334		5
3335		1
3336		7
3337		6
3338		6
3339		5
3340		2
3341		8
3342		6
3343		4
3344		5
3345		3
3346		5
3347		4
3348		6
3349		7
3350		4
3352		5
3353		8
3354		2
3355		2
3356		6
3357		4
3358		6
3359		5
3360		9
3361		2
3362		5
3363		2
3364		1
3365		5
3366		2
3367		9
3368		3
3369		4
3370		6
3371		7
3372		5
3373		11
3374		1
3375		6
3376		6
3377		2
3378		5
3379		14
3380		8
3381		4
3382		4
3383		4
3384		10
3385		3
3386		9
3387		3
3388		5
3389		2
3390		2
3391		4
3392		3
3393		4
3394		3
3395		7
3396		5
3397		4
3398		2
3399		3
3400		3
3401		7
3402		4
3403		4
3405		8
3406		8
3408		5
3409		7
3410		4
3411		5
3412		1
3413		6
3414		2
3415		1
3416		3
3417		4
3418		2
3419		4
3420		3
3422		4
3423		3
3424		5
3425		5
3426		2
3427		3
3428		2
3429		7
3430		7
3431		2
3432		7
3433		1
3434		7
3435		8
3436		7
3437		6
3438		2
3439		3
3440		12
3441		4
3442		8
3443		3
3444		3
3445		5
3446		7
3447		4
3448		2
3449		3
3450		2
3451		2
3452		9
3453		5
3454		4
3455		6
3456		4
3457		5
3458		3
3459		7
3460		6
3461		6
3462		5
3463		4
3464		5
3465		3
3466		4
3467		8
3468		6
3469		5
3470		1
3471		5
3472		5
3473		1
3474		4
3475		3
3476		3
3477		4
3478		5
3479		2
3480		4
3481		6
3482		6
3483		6
3484		5
3485		5
3486		2
3487		5
3488		4
3489		2
3490		5
3491		6
3492		1
3493		3
3494		5
3495		3
3496		5
3497		4
3498		3
3499		1
3500		1
3501		3
3502		2
3503		5
3504		3
3505		2
3506		4
3507		1
3508		5
3509		3
3510		1
3511		4
3512		1
3513		1
3514		7
3515		6
3516		3
3517		2
3518		1
3519		3
3520		4
3521		4
3522		4
3523		6
3524		1
3525		1
3526		4
3527		4
3528		1
3529		6
3531		4
3532		5
3533		1
3534		5
3535		7
3536		8
3537		9
3538		4
3539		1
3540		6
3541		7
3542		6
3543		5
3544		2
3545		6
3546		5
3547		2
3548		1
3549		1
3550		4
3551		5
3552		6
3553		5
3554		1
3555		8
3556		3
3557		7
3558		7
3559		7
3560		5
3561		4
3562		3
3563		3
3564		5
3565		5
3566		3
3567		6
3568		5
3569		5
3570		7
3571		3
3572		5
3573		7
3574		8
3575		4
3576		2
3577		4
3578		2
3579		5
3580		4
3581		9
3582		6
3583		4
3584		4
3585		4
3586		4
3587		1
3588		2
3589		3
3590		3
3591		1
3592		3
3593		4
3594		3
3595		4
3596		3
3597		2
3598		5
3599		3
3600		4
3601		1
3602		4
3603		2
3604		5
3605		4
3606		5
3607		5
3608		3
3609		4
3610		2
3611		2
3612		4
3613		5
3614		7
3615		3
3616		2
3617		6
3618		2
3619		1
3621		4
3622		4
3623		4
3624		6
3625		3
3626		7
3627		5
3628		5
3629		3
3630		5
3631		3
3632		4
3633		5
3634		3
3635		5
3636		2
3637		5
3638		9
3639		4
3640		3
3641		2
3642		1
3643		4
3644		8
3645		2
3646		10
3647		6
3648		4
3649		4
3650		6
3651		4
3652		6
3653		2
3654		6
3655		5
3656		5
3657		3
3658		3
3659		6
3660		4
3661		8
3662		4
3664		4
3665		3
3666		5
3667		2
3668		3
3669		2
3670		4
3671		3
3672		4
3673		5
3674		4
3675		3
3676		5
3677		2
3678		7
3679		1
3680		6
3681		3
3682		6
3683		1
3684		7
3685		5
3686		5
3687		4
3688		6
3689		7
3690		4
3691		4
3692		4
3693		3
3694		3
3695		4
3696		8
3697		4
3698		3
3699		1
3700		2
3701		3
3702		1
3703		4
3704		5
3705		3
3706		5
3707		3
3708		6
3709		5
3710		7
3711		3
3712		3
3713		1
3714		3
3715		4
3716		1
3717		4
3718		4
3719		9
3720		3
3721		3
3722		1
3723		9
3724		3
3725		2
3726		4
3727		7
3728		7
3729		3
3730		5
3731		8
3732		6
3733		4
3734		4
3736		4
3737		4
3738		5
3739		3
3740		3
3741		7
3742		4
3743		2
3744		3
3745		5
3746		5
3747		1
3748		3
3749		3
3750		4
3751		5
3752		7
3753		3
3754		3
3755		1
3756		6
3757		3
3758		4
3759		3
3760		4
3761		2
3762		3
3763		4
3764		4
3765		3
3766		5
3767		3
3768		4
3769		3
3770		1
3771		5
3772		4
3773		2
3774		5
3775		4
3776		5
3778		3
3779		7
3780		4
3781		4
3782		3
3783		3
3784		3
3785		1
3786		1
3787		5
3788		10
3789		4
3790		5
3791		1
3792		4
3793		2
3794		7
3795		2
3796		2
3797		3
3798		2
3799		2
3800		3
3801		4
3802		4
3803		4
3804		5
3805		4
3806		3
3807		6
3808		4
3809		3
3810		2
3811		1
3812		3
3813		3
3814		1
3815		5
3816		1
3817		2
3818		3
3819		6
3820		3
3821		3
3822		5
3823		3
3824		2
3825		3
3826		4
3827		7
3828		5
3829		4
3830		5
3831		2
3832		2
3833		3
3834		1
3835		2
3836		1
3837		4
3838		3
3839		5
3840		4
3841		1
3842		2
3843		4
3844		4
3845		7
3846		2
3847		1
3848		1
3849		2
3850		3
3851		3
3852		3
3853		3
3854		3
3855		6
3856		3
3857		3
3858		5
3859		3
3860		2
3861		5
3862		4
3863		6
3864		3
3865		2
3866		3
3867		1
3868		2
3869		2
3870		2
3871		3
3872		4
3873		3
3874		3
3875		5
3876		4
3877		3
3878		1
3879		4
3880		4
3881		3
3882		1
3883		3
3884		2
3885		5
3886		3
3887		1
3888		2
3889		4
3890		7
3891		4
3892		3
3893		4
3894		4
3895		2
3896		3
3897		3
3898		5
3899		8
3900		8
3901		4
3902		1
3903		3
3904		2
3905		1
3906		3
3907		2
3908		4
3909		4
3910		4
3911		4
3912		3
3913		4
3914		1
3915		3
3916		4
3917		3
3918		3
3919		1
3920		5
3921		3
3922		4
3923		2
3924		2
3925		3
3926		2
3927		2
3928		4
3929		9
3930		7
3931		5
3932		2
3933		5
3934		1
3935		6
3936		1
3937		2
3938		6
3939		3
3940		3
3941		4
3942		2
3943		1
3944		1
3945		3
3946		1
3947		4
3948		5
3949		3
3950		2
3951		6
3952		6
3953		1
3954		5
3955		3
3956		3
3957		3
3958		4
3959		1
3960		2
3961		3
3962		2
3963		2
3964		2
3965		2
3966		2
3968		3
3969		2
3970		2
3971		2
3972		1
3973		1
3974		3
3975		2
3976		4
3977		1
3978		4
3979		4
3980		1
3981		4
3982		1
3983		2
3984		3
3985		3
3986		1
3989		3
3990		8
3991		3
3992		4
3993		1
3995		1
3996		5
3997		1
3998		2
3999		2
4000		3
4001		2
4002		2
4003		5
4004		3
4005		3
4006		5
4007		3
4008		2
4009		5
4010		3
4011		3
4012		4
4013		1
4014		4
4015		4
4016		4
4017		3
4018		3
4019		1
4020		2
4021		4
4023		4
4024		2
4025		2
4026		3
4027		4
4028		4
4029		3
4030		4
4032		6
4033		6
4034		3
4035		2
4036		3
4037		2
4038		4
4039		4
4040		1
4041		5
4042		3
4043		2
4044		2
4045		2
4046		5
4047		7
4048		2
4049		2
4050		2
4051		4
4052		6
4053		3
4054		3
4055		2
4056		2
4057		1
4058		3
4060		4
4061		3
4062		6
4063		3
4064		3
4065		4
4066		5
4067		5
4068		3
4069		2
4070		4
4071		1
4072		2
4073		5
4075		4
4076		2
4077		4
4078		3
4079		3
4080		3
4081		2
4082		1
4083		4
4084		4
4085		1
4086		4
4087		1
4088		1
4089		4
4090		3
4091		7
4092		3
4093		2
4094		3
4095		1
4096		4
4097		4
4098		3
4099		1
4100		6
4102		5
4103		2
4104		1
4105		4
4106		1
4107		4
4108		5
4109		2
4110		1
4111		2
4112		6
4113		4
4114		4
4115		1
4116		2
4117		2
4118		3
4119		6
4121		5
4122		1
4123		2
4124		4
4125		1
4126		1
4127		2
4128		3
4129		5
4130		1
4131		3
4132		3
4133		3
4134		3
4135		3
4136		2
4137		2
4138		1
4139		1
4140		1
4141		2
4142		4
4143		4
4144		3
4145		4
4146		3
4147		1
4148		2
4149		5
4150		4
4151		3
4152		3
4153		8
4154		1
4156		1
4158		2
4159		1
4160		3
4161		2
4162		1
4163		2
4164		2
4165		3
4166		5
4167		2
4168		2
4169		3
4170		1
4171		1
4172		4
4173		3
4174		2
4175		4
4176		1
4177		3
4178		3
4180		2
4181		3
4182		4
4183		2
4184		4
4185		4
4186		4
4187		2
4188		1
4189		3
4190		2
4191		4
4192		2
4194		4
4195		2
4196		3
4197		6
4199		3
4200		2
4201		2
4202		1
4203		2
4204		4
4205		2
4207		3
4208		1
4209		1
4210		3
4211		2
4212		5
4214		2
4216		7
4217		2
4218		2
4219		2
4220		1
4221		4
4222		1
4223		7
4224		2
4225		3
4226		4
4227		3
4228		3
4229		2
4230		2
4231		2
4233		2
4234		2
4235		1
4236		2
4237		1
4238		2
4240		1
4241		1
4242		6
4243		4
4244		1
4245		2
4246		2
4247		2
4248		4
4250		3
4251		3
4252		3
4253		1
4255		6
4256		2
4257		2
4258		4
4259		2
4260		4
4261		3
4262		1
4263		3
4264		1
4265		2
4266		3
4267		2
4268		2
4269		1
4270		1
4271		3
4272		1
4273		3
4274		4
4275		2
4276		1
4278		1
4279		2
4280		3
4281		3
4282		1
4283		1
4284		1
4285		1
4286		2
4288		2
4289		4
4290		3
4291		4
4292		3
4293		5
4294		1
4295		1
4296		2
4297		4
4298		1
4299		2
4300		1
4301		3
4302		2
4303		2
4305		3
4306		2
4309		2
4310		3
4311		3
4312		4
4313		1
4314		3
4315		2
4316		1
4317		4
4318		2
4319		2
4320		3
4321		1
4322		1
4323		3
4324		1
4325		2
4326		3
4327		4
4328		3
4329		2
4330		1
4331		2
4332		1
4333		4
4334		1
4335		2
4336		2
4337		2
4338		1
4339		2
4340		1
4341		4
4342		3
4343		2
4344		1
4345		4
4346		5
4347		4
4348		5
4349		2
4350		1
4352		1
4353		2
4354		4
4355		3
4356		3
4357		4
4358		1
4359		1
4361		2
4362		2
4363		1
4364		1
4365		4
4366		3
4367		1
4368		2
4369		1
4370		1
4371		1
4372		1
4373		1
4374		3
4375		1
4376		1
4378		3
4379		2
4380		3
4381		2
4382		1
4383		2
4384		2
4385		5
4386		2
4387		2
4388		3
4389		3
4390		3
4391		5
4392		1
4394		6
4395		5
4396		2
4397		1
4398		1
4399		3
4401		2
4403		3
4404		2
4405		1
4406		2
4407		1
4408		3
4409		1
4410		6
4411		2
4412		5
4413		2
4414		4
4415		1
4416		4
4417		2
4418		1
4419		1
4420		3
4422		1
4423		2
4425		4
4427		2
4429		4
4430		3
4431		3
4432		1
4433		2
4434		1
4435		1
4436		3
4438		2
4439		2
4440		1
4444		4
4446		2
4447		6
4448		4
4449		2
4450		3
4451		3
4452		2
4453		1
4455		4
4456		1
4458		1
4459		2
4460		3
4461		2
4462		1
4463		1
4464		2
4465		3
4466		2
4467		1
4468		4
4469		1
4470		1
4471		3
4472		4
4473		2
4474		2
4475		1
4476		3
4477		3
4478		1
4479		1
4483		2
4484		4
4485		5
4487		4
4488		1
4489		1
4491		1
4492		3
4493		2
4494		2
4496		2
4497		2
4498		3
4499		2
4500		1
4501		2
4502		4
4503		2
4504		1
4506		2
4507		1
4508		4
4509		2
4511		3
4512		1
4514		1
4515		2
4516		1
4517		2
4518		2
4520		3
4521		1
4522		3
4523		1
4524		2
4525		3
4526		2
4527		1
4529		1
4530		1
4531		2
4533		3
4534		1
4535		3
4536		2
4537		2
4538		3
4539		3
4540		2
4541		4
4542		2
4543		2
4544		1
4545		3
4546		3
4547		3
4548		1
4549		4
4550		1
4551		3
4552		2
4553		1
4554		2
4555		3
4557		6
4558		2
4559		4
4561		1
4562		4
4563		4
4564		1
4565		1
4566		1
4567		3
4569		1
4570		1
4571		1
4572		2
4574		3
4575		3
4576		2
4577		1
4578		4
4579		3
4580		2
4581		3
4582		5
4584		2
4585		2
4587		2
4588		1
4590		1
4591		5
4592		3
4595		1
4596		1
4597		1
4598		3
4599		1
4600		1
4602		4
4603		1
4605		6
4606		3
4607		1
4608		2
4609		1
4610		2
4611		2
4612		1
4613		1
4614		1
4616		1
4618		1
4619		1
4620		2
4621		1
4622		3
4623		1
4624		1
4625		3
4628		2
4629		1
4630		1
4631		2
4632		2
4633		3
4634		2
4636		1
4637		1
4639		1
4640		2
4641		2
4642		2
4643		3
4644		2
4645		4
4646		2
4647		3
4649		3
4654		2
4656		2
4658		3
4659		2
4661		5
4662		1
4663		2
4664		1
4665		1
4667		3
4668		2
4669		1
4670		1
4671		3
4675		1
4676		1
4680		2
4681		2
4683		1
4684		1
4685		2
4686		2
4688		1
4690		1
4691		1
4692		2
4693		1
4694		2
4695		4
4696		3
4698		2
4699		2
4701		2
4702		1
4703		2
4704		2
4705		1
4706		2
4707		1
4708		2
4709		3
4711		1
4713		3
4714		1
4715		1
4716		1
4719		5
4720		1
4722		3
4723		1
4725		1
4726		2
4729		2
4731		3
4732		2
4733		1
4734		1
4735		1
4736		1
4737		1
4738		1
4739		1
4741		1
4744		1
4745		1
4746		1
4747		1
4749		3
4750		1
4753		2
4754		2
4756		1
4757		1
4758		1
4759		1
4761		4
4762		1
4764		1
4765		1
4766		2
4768		2
4770		1
4771		3
4772		1
4773		2
4774		1
4775		1
4776		2
4777		2
4778		3
4779		1
4782		1
4783		1
4785		1
4786		2
4788		1
4789		1
4790		1
4791		2
4792		2
4793		1
4794		1
4795		2
4796		2
4798		2
4799		2
4800		1
4801		5
4802		1
4804		1
4805		1
4806		1
4807		1
4808		2
4812		2
4814		3
4816		3
4817		1
4818		2
4819		3
4820		1
4821		1
4824		2
4827		1
4828		2
4829		2
4830		1
4831		3
4832		3
4833		3
4835		1
4836		1
4839		1
4841		2
4842		2
4843		1
4844		1
4845		2
4846		1
4848		1
4849		4
4851		1
4852		1
4853		2
4854		1
4855		3
4856		1
4857		1
4858		1
4860		2
4861		3
4862		1
4864		1
4865		2
4866		1
4869		2
4870		1
4871		1
4872		2
4873		1
4874		3
4878		2
4880		1
4881		1
4882		2
4883		1
4884		1
4885		3
4886		1
4888		1
4889		1
4890		1
4891		3
4892		1
4893		3
4894		3
4898		1
4899		2
4900		1
4903		1
4906		4
4907		1
4911		1
4912		1
4913		2
4914		3
4915		1
4917		1
4919		1
4920		2
4921		1
4922		2
4923		3
4924		2
4925		2
4928		1
4929		2
4930		1
4932		2
4933		1
4935		2
4936		1
4937		1
4938		2
4940		1
4942		3
4943		1
4945		1
4947		2
4949		2
4950		2
4951		1
4952		1
4953		4
4957		3
4960		1
4961		1
4962		1
4964		1
4966		1
4967		1
4968		1
4970		1
4971		1
4972		1
4973		1
4975		1
4976		2
4977		2
4978		1
4979		2
4980		1
4981		4
4982		1
4983		1
4984		1
4986		1
4990		1
4992		1
4993		1
4995		1
4996		1
4997		1
4999		1
5003		1
5004		1
5006		3
5007		1
5008		1
5009		1
5010		2
5011		1
5012		1
5014		1
5015		2
5016		3
5017		1
5018		3
5019		2
5020		2
5022		1
5023		1
5025		2
5028		1
5030		1
5031		2
5036		1
5037		3
5038		1
5041		1
5042		1
5043		2
5046		1
5047		1
5048		1
5049		1
5050		1
5052		2
5053		1
5054		1
5055		1
5060		1
5063		1
5067		1
5071		2
5072		2
5073		1
5074		1
5075		1
5078		1
5079		1
5081		2
5082		1
5083		1
5084		1
5086		2
5088		2
5089		1
5090		1
5091		1
5092		1
5093		1
5094		1
5095		1
5097		1
5098		2
5100		2
5103		1
5106		1
5107		2
5108		1
5109		1
5110		1
5111		2
5112		2
5114		1
5115		1
5119		1
5121		1
5122		1
5128		1
5129		3
5130		1
5131		2
5132		2
5135		1
5138		2
5140		1
5143		3
5145		2
5147		1
5150		1
5153		1
5154		1
5155		2
5156		1
5158		1
5160		1
5161		2
5168		1
5172		4
5174		1
5177		2
5179		1
5180		1
5181		1
5183		1
5184		2
5185		1
5186		2
5187		1
5189		1
5190		1
5192		4
5195		2
5198		1
5200		1
5201		1
5202		1
5203		1
5204		1
5216		1
5217		1
5218		1
5221		1
5222		1
5223		2
5227		2
5232		1
5233		3
5235		1
5236		1
5238		1
5239		2
5245		1
5246		1
5247		2
5248		1
5252		1
5254		3
5255		1
5257		1
5258		1
5259		1
5262		1
5263		1
5264		2
5267		1
5271		1
5274		1
5276		2
5281		1
5286		1
5287		1
5291		1
5292		1
5293		1
5296		1
5298		3
5300		1
5302		3
5309		1
5312		1
5314		2
5315		1
5316		1
5317		1
5319		2
5320		2
5322		2
5323		1
5325		1
5326		1
5333		2
5336		1
5337		2
5339		1
5347		1
5351		1
5352		1
5353		1
5355		2
5356		1
5359		1
5361		1
5363		1
5365		1
5367		2
5369		1
5386		1
5390		2
5396		2
5397		1
5404		1
5405		2
5407		1
5408		2
5410		1
5418		1
5424		1
5425		1
5427		1
5429		1
5432		2
5433		1
5443		1
5445		2
5447		1
5448		1
5450		1
5452		1
5455		1
5458		1
5459		1
5460		1
5466		1
5481		1
5482		1
5485		1
5489		1
5490		1
5497		1
5499		1
5505		1
5510		1
5514		1
5515		1
5517		1
5519		1
5524		1
5525		2
5526		1
5528		1
5534		1
5537		1
5538		1
5541		1
5550		1
5551		1
5558		1
5565		1
5570		1
5576		1
5583		1
5584		2
5586		1
5587		2
5589		1
5590		2
5595		1
5599		1
5603		1
5609		1
5615		1
5616		1
5617		1
5619		2
5623		1
5625		1
5627		1
5628		1
5630		1
5631		1
5632		2
5635		2
5637		1
5638		1
5640		1
5646		1
5649		1
5654		1
5662		1
5663		1
5670		1
5674		1
5675		2
5677		1
5686		1
5693		1
5696		1
5703		1
5710		1
5713		2
5717		1
5734		1
5741		1
5742		1
5756		1
5757		1
5761		1
5767		1
5768		1
5769		1
5770		2
5771		1
5780		1
5786		1
5791		1
5798		1
5809		1
5810		1
5813		1
5817		1
5823		1
5826		1
5829		1
5835		1
5838		2
5839		1
5855		1
5856		1
5859		1
5861		1
5863		1
5864		1
5872		2
5874		1
5882		1
5884		1
5897		1
5905		3
5920		1
5926		1
5940		1
5952		1
5953		1
5957		1
5974		1
5987		2
6002		1
6018		1
6020		1
6038		1
6055		1
6059		1
6067		1
6070		1
6084		2
6087		1
6103		1
6117		1
6156		1
6183		1
6192		1
6206		1
6237		1
6250		1
6253		1
6256		1
6270		1
6293		1
6302		1
6320		1
6345		1
6376		1
6400		1
6521		1
6587		1
6598		1
6649		1
6675		1
6756		1
