Tamaños		Cantidades
1		7347191
2		1498462
3		880406
4		561694
5		388380
6		283429
7		216904
8		171315
9		139411
10		115263
11		96125
12		82339
13		71338
14		62522
15		55170
16		49068
17		43720
18		39270
19		35699
20		32355
21		29522
22		27207
23		24940
24		23374
25		21481
26		20068
27		18663
28		17504
29		16032
30		15402
31		14464
32		13739
33		12703
34		11963
35		11453
36		10801
37		10542
38		9776
39		9429
40		9084
41		8710
42		8229
43		7740
44		7470
45		7205
46		6939
47		6628
48		6376
49		6140
50		5835
51		5685
52		5526
53		5250
54		5035
55		4862
56		4787
57		4637
58		4447
59		4245
60		4214
61		4077
62		3889
63		3794
64		3734
65		3524
66		3413
67		3436
68		3288
69		3160
70		3196
71		3117
72		2937
73		2940
74		2957
75		2736
76		2700
77		2604
78		2583
79		2514
80		2435
81		2411
82		2354
83		2257
84		2255
85		2255
86		2157
87		2140
88		2063
89		2012
90		1930
91		1986
92		1914
93		1843
94		1902
95		1758
96		1744
97		1687
98		1728
99		1682
100		1634
101		1671
102		1548
103		1588
104		1476
105		1441
106		1417
107		1477
108		1440
109		1422
110		1390
111		1245
112		1284
113		1247
114		1266
115		1246
116		1330
117		1195
118		1165
119		1176
120		1187
121		1108
122		1153
123		1125
124		1120
125		1095
126		1054
127		997
128		1040
129		1016
130		1000
131		962
132		958
133		961
134		958
135		937
136		931
137		932
138		898
139		898
140		878
141		854
142		832
143		873
144		855
145		794
146		763
147		800
148		781
149		814
150		708
151		733
152		819
153		750
154		767
155		681
156		748
157		737
158		695
159		713
160		691
161		754
162		699
163		661
164		638
165		617
166		650
167		610
168		646
169		616
170		627
171		577
172		618
173		604
174		575
175		587
176		567
177		544
178		583
179		496
180		573
181		551
182		599
183		538
184		476
185		523
186		531
187		490
188		530
189		482
190		512
191		512
192		479
193		483
194		520
195		474
196		540
197		520
198		468
199		425
200		453
201		454
202		465
203		447
204		425
205		446
206		410
207		423
208		430
209		426
210		438
211		443
212		426
213		447
214		409
215		429
216		393
217		392
218		364
219		414
220		409
221		395
222		378
223		360
224		391
225		374
226		388
227		378
228		393
229		356
230		380
231		356
232		344
233		343
234		307
235		327
236		389
237		353
238		338
239		332
240		329
241		344
242		309
243		322
244		337
245		296
246		309
247		251
248		323
249		276
250		336
251		309
252		307
253		295
254		265
255		325
256		281
257		293
258		280
259		285
260		283
261		277
262		290
263		279
264		273
265		272
266		255
267		266
268		282
269		269
270		287
271		247
272		236
273		244
274		269
275		273
276		250
277		236
278		274
279		232
280		238
281		259
282		251
283		255
284		229
285		241
286		252
287		216
288		233
289		254
290		235
291		254
292		229
293		229
294		212
295		221
296		233
297		215
298		212
299		221
300		209
301		224
302		197
303		220
304		217
305		213
306		228
307		223
308		215
309		205
310		221
311		204
312		197
313		186
314		201
315		200
316		192
317		201
318		169
319		202
320		198
321		199
322		223
323		183
324		217
325		183
326		210
327		199
328		180
329		217
330		189
331		171
332		177
333		194
334		198
335		162
336		173
337		177
338		158
339		194
340		192
341		182
342		177
343		167
344		193
345		175
346		170
347		185
348		174
349		149
350		158
351		174
352		175
353		151
354		152
355		160
356		179
357		169
358		162
359		171
360		157
361		155
362		163
363		147
364		169
365		155
366		159
367		160
368		153
369		144
370		137
371		151
372		156
373		171
374		134
375		148
376		136
377		152
378		142
379		132
380		155
381		142
382		146
383		149
384		134
385		128
386		143
387		127
388		125
389		178
390		135
391		135
392		124
393		143
394		133
395		126
396		139
397		140
398		155
399		134
400		130
401		147
402		116
403		156
404		127
405		130
406		121
407		127
408		159
409		116
410		130
411		117
412		137
413		146
414		112
415		118
416		117
417		126
418		143
419		129
420		108
421		118
422		142
423		119
424		119
425		124
426		138
427		112
428		132
429		131
430		108
431		111
432		102
433		118
434		126
435		107
436		103
437		134
438		98
439		100
440		124
441		105
442		103
443		124
444		123
445		107
446		120
447		119
448		117
449		101
450		103
451		100
452		107
453		107
454		110
455		87
456		101
457		100
458		109
459		111
460		98
461		102
462		107
463		96
464		115
465		109
466		92
467		99
468		101
469		101
470		78
471		105
472		111
473		100
474		84
475		99
476		90
477		93
478		108
479		93
480		108
481		93
482		102
483		79
484		105
485		85
486		95
487		82
488		104
489		94
490		84
491		79
492		71
493		106
494		87
495		81
496		96
497		87
498		87
499		80
500		86
501		95
502		82
503		92
504		85
505		82
506		66
507		76
508		88
509		76
510		110
511		87
512		92
513		79
514		90
515		78
516		84
517		92
518		100
519		84
520		81
521		77
522		63
523		67
524		90
525		90
526		91
527		75
528		85
529		83
530		90
531		93
532		63
533		68
534		60
535		73
536		81
537		80
538		85
539		83
540		84
541		79
542		88
543		75
544		74
545		80
546		68
547		76
548		74
549		81
550		76
551		86
552		88
553		73
554		57
555		79
556		74
557		66
558		72
559		66
560		67
561		79
562		78
563		63
564		74
565		86
566		63
567		69
568		67
569		65
570		80
571		77
572		50
573		93
574		64
575		71
576		74
577		79
578		71
579		70
580		64
581		75
582		76
583		80
584		63
585		82
586		69
587		77
588		70
589		66
590		64
591		56
592		64
593		84
594		77
595		72
596		61
597		62
598		75
599		65
600		75
601		78
602		87
603		76
604		57
605		65
606		45
607		60
608		68
609		49
610		62
611		55
612		69
613		49
614		74
615		69
616		60
617		74
618		64
619		60
620		72
621		72
622		63
623		69
624		61
625		59
626		67
627		54
628		64
629		61
630		69
631		67
632		61
633		56
634		68
635		61
636		65
637		67
638		62
639		68
640		55
641		59
642		53
643		50
644		66
645		63
646		64
647		58
648		47
649		64
650		51
651		51
652		56
653		52
654		58
655		50
656		69
657		61
658		56
659		49
660		41
661		51
662		46
663		60
664		68
665		32
666		46
667		69
668		44
669		61
670		57
671		56
672		52
673		59
674		49
675		49
676		56
677		66
678		64
679		59
680		43
681		45
682		71
683		52
684		54
685		56
686		52
687		36
688		44
689		29
690		46
691		64
692		56
693		60
694		47
695		55
696		50
697		61
698		56
699		47
700		56
701		59
702		52
703		59
704		41
705		54
706		52
707		56
708		51
709		50
710		52
711		60
712		60
713		53
714		49
715		40
716		52
717		55
718		49
719		50
720		59
721		48
722		47
723		60
724		51
725		44
726		46
727		53
728		36
729		41
730		45
731		40
732		42
733		57
734		38
735		36
736		48
737		46
738		51
739		31
740		45
741		48
742		46
743		53
744		47
745		35
746		46
747		45
748		45
749		45
750		44
751		40
752		34
753		33
754		35
755		37
756		32
757		42
758		35
759		44
760		51
761		40
762		54
763		49
764		46
765		43
766		41
767		39
768		38
769		43
770		41
771		36
772		44
773		39
774		43
775		38
776		43
777		44
778		38
779		32
780		53
781		45
782		44
783		49
784		43
785		51
786		34
787		41
788		35
789		39
790		50
791		42
792		39
793		30
794		46
795		46
796		48
797		44
798		51
799		34
800		42
801		32
802		34
803		42
804		40
805		34
806		41
807		29
808		44
809		37
810		33
811		34
812		51
813		32
814		38
815		47
816		43
817		49
818		31
819		42
820		31
821		41
822		48
823		36
824		29
825		43
826		40
827		41
828		32
829		37
830		42
831		38
832		37
833		45
834		34
835		43
836		43
837		38
838		47
839		37
840		36
841		35
842		39
843		33
844		31
845		22
846		34
847		39
848		29
849		35
850		35
851		41
852		41
853		34
854		40
855		36
856		33
857		33
858		32
859		32
860		37
861		19
862		42
863		37
864		37
865		38
866		33
867		38
868		19
869		44
870		35
871		33
872		26
873		27
874		45
875		37
876		20
877		48
878		31
879		38
880		43
881		35
882		32
883		36
884		36
885		36
886		32
887		32
888		33
889		39
890		29
891		31
892		34
893		36
894		32
895		34
896		34
897		32
898		46
899		32
900		37
901		37
902		28
903		37
904		29
905		28
906		25
907		39
908		40
909		32
910		37
911		31
912		23
913		30
914		33
915		32
916		35
917		33
918		23
919		31
920		25
921		30
922		29
923		37
924		21
925		30
926		28
927		25
928		36
929		26
930		29
931		29
932		22
933		25
934		27
935		38
936		24
937		35
938		29
939		24
940		24
941		34
942		37
943		39
944		30
945		23
946		31
947		32
948		33
949		41
950		34
951		25
952		25
953		21
954		25
955		27
956		27
957		28
958		25
959		23
960		32
961		29
962		22
963		31
964		34
965		36
966		26
967		33
968		27
969		32
970		28
971		28
972		31
973		30
974		20
975		25
976		40
977		37
978		31
979		24
980		24
981		29
982		34
983		24
984		16
985		29
986		37
987		41
988		17
989		29
990		15
991		27
992		29
993		25
994		25
995		31
996		33
997		33
998		18
999		19
1000		29
1001		20
1002		27
1003		25
1004		30
1005		33
1006		26
1007		30
1008		20
1009		26
1010		21
1011		21
1012		24
1013		30
1014		21
1015		25
1016		32
1017		25
1018		33
1019		24
1020		21
1021		24
1022		24
1023		20
1024		34
1025		40
1026		27
1027		26
1028		26
1029		12
1030		32
1031		27
1032		24
1033		27
1034		22
1035		27
1036		16
1037		27
1038		28
1039		25
1040		23
1041		32
1042		21
1043		30
1044		29
1045		36
1046		25
1047		28
1048		23
1049		28
1050		22
1051		22
1052		26
1053		30
1054		29
1055		22
1056		22
1057		20
1058		27
1059		22
1060		26
1061		24
1062		19
1063		19
1064		28
1065		19
1066		21
1067		29
1068		18
1069		13
1070		26
1071		31
1072		33
1073		29
1074		18
1075		30
1076		26
1077		22
1078		29
1079		34
1080		25
1081		20
1082		23
1083		15
1084		31
1085		22
1086		29
1087		26
1088		24
1089		19
1090		23
1091		26
1092		28
1093		26
1094		24
1095		27
1096		23
1097		18
1098		21
1099		17
1100		31
1101		21
1102		16
1103		22
1104		34
1105		25
1106		22
1107		32
1108		24
1109		22
1110		27
1111		26
1112		25
1113		24
1114		31
1115		31
1116		25
1117		16
1118		14
1119		25
1120		19
1121		19
1122		20
1123		17
1124		29
1125		33
1126		24
1127		19
1128		15
1129		23
1130		21
1131		28
1132		25
1133		21
1134		29
1135		22
1136		21
1137		29
1138		16
1139		18
1140		21
1141		22
1142		23
1143		23
1144		26
1145		26
1146		14
1147		19
1148		20
1149		19
1150		25
1151		18
1152		20
1153		20
1154		20
1155		24
1156		23
1157		14
1158		23
1159		17
1160		26
1161		21
1162		23
1163		13
1164		26
1165		23
1166		14
1167		26
1168		25
1169		23
1170		18
1171		21
1172		29
1173		23
1174		21
1175		15
1176		20
1177		26
1178		18
1179		23
1180		14
1181		35
1182		24
1183		20
1184		16
1185		19
1186		22
1187		17
1188		15
1189		21
1190		17
1191		16
1192		22
1193		18
1194		21
1195		24
1196		18
1197		21
1198		25
1199		24
1200		17
1201		25
1202		15
1203		16
1204		16
1205		23
1206		20
1207		16
1208		18
1209		16
1210		14
1211		19
1212		19
1213		25
1214		20
1215		24
1216		20
1217		17
1218		12
1219		23
1220		13
1221		20
1222		10
1223		29
1224		17
1225		21
1226		18
1227		15
1228		15
1229		31
1230		18
1231		14
1232		17
1233		24
1234		20
1235		21
1236		17
1237		25
1238		22
1239		19
1240		14
1241		19
1242		19
1243		25
1244		15
1245		11
1246		24
1247		13
1248		12
1249		17
1250		17
1251		22
1252		22
1253		27
1254		24
1255		19
1256		23
1257		14
1258		20
1259		13
1260		22
1261		17
1262		14
1263		17
1264		18
1265		28
1266		19
1267		19
1268		11
1269		17
1270		17
1271		18
1272		22
1273		19
1274		17
1275		24
1276		14
1277		20
1278		19
1279		26
1280		22
1281		14
1282		17
1283		19
1284		18
1285		18
1286		20
1287		26
1288		21
1289		24
1290		18
1291		21
1292		22
1293		15
1294		18
1295		12
1296		18
1297		10
1298		13
1299		16
1300		16
1301		17
1302		15
1303		16
1304		17
1305		22
1306		20
1307		18
1308		16
1309		15
1310		19
1311		21
1312		21
1313		27
1314		25
1315		22
1316		23
1317		17
1318		20
1319		18
1320		12
1321		21
1322		17
1323		12
1324		16
1325		22
1326		13
1327		16
1328		12
1329		14
1330		24
1331		17
1332		18
1333		22
1334		27
1335		13
1336		19
1337		15
1338		18
1339		18
1340		12
1341		18
1342		11
1343		19
1344		20
1345		17
1346		14
1347		27
1348		15
1349		13
1350		20
1351		19
1352		18
1353		22
1354		19
1355		15
1356		17
1357		16
1358		21
1359		14
1360		15
1361		18
1362		26
1363		19
1364		16
1365		17
1366		18
1367		13
1368		16
1369		13
1370		27
1371		17
1372		14
1373		22
1374		29
1375		13
1376		19
1377		14
1378		21
1379		17
1380		16
1381		17
1382		11
1383		15
1384		12
1385		22
1386		11
1387		20
1388		12
1389		10
1390		25
1391		19
1392		17
1393		8
1394		11
1395		19
1396		17
1397		19
1398		19
1399		20
1400		18
1401		9
1402		25
1403		22
1404		19
1405		13
1406		18
1407		10
1408		16
1409		13
1410		13
1411		19
1412		20
1413		10
1414		16
1415		18
1416		18
1417		17
1418		16
1419		11
1420		7
1421		16
1422		19
1423		14
1424		19
1425		16
1426		10
1427		17
1428		19
1429		11
1430		17
1431		12
1432		20
1433		12
1434		18
1435		11
1436		17
1437		18
1438		16
1439		18
1440		28
1441		20
1442		12
1443		19
1444		10
1445		15
1446		19
1447		16
1448		18
1449		11
1450		10
1451		13
1452		19
1453		24
1454		9
1455		10
1456		16
1457		13
1458		19
1459		13
1460		17
1461		11
1462		10
1463		14
1464		14
1465		14
1466		5
1467		7
1468		13
1469		14
1470		19
1471		12
1472		13
1473		19
1474		15
1475		6
1476		11
1477		17
1478		16
1479		13
1480		13
1481		13
1482		11
1483		12
1484		6
1485		7
1486		7
1487		21
1488		10
1489		19
1490		17
1491		9
1492		21
1493		13
1494		15
1495		14
1496		11
1497		12
1498		14
1499		13
1500		19
1501		8
1502		12
1503		17
1504		14
1505		17
1506		9
1507		12
1508		12
1509		16
1510		14
1511		16
1512		13
1513		12
1514		10
1515		11
1516		10
1517		11
1518		9
1519		14
1520		19
1521		16
1522		15
1523		14
1524		13
1525		6
1526		19
1527		17
1528		14
1529		11
1530		11
1531		16
1532		14
1533		15
1534		12
1535		13
1536		16
1537		13
1538		12
1539		16
1540		11
1541		8
1542		16
1543		10
1544		17
1545		12
1546		15
1547		17
1548		13
1549		9
1550		14
1551		15
1552		12
1553		19
1554		12
1555		10
1556		14
1557		14
1558		12
1559		20
1560		11
1561		10
1562		21
1563		13
1564		13
1565		19
1566		17
1567		18
1568		8
1569		11
1570		15
1571		15
1572		13
1573		20
1574		21
1575		14
1576		19
1577		20
1578		9
1579		17
1580		13
1581		15
1582		13
1583		6
1584		14
1585		19
1586		19
1587		14
1588		20
1589		11
1590		12
1591		22
1592		16
1593		16
1594		10
1595		10
1596		6
1597		16
1598		14
1599		15
1600		14
1601		6
1602		18
1603		11
1604		14
1605		10
1606		18
1607		17
1608		13
1609		7
1610		14
1611		10
1612		17
1613		10
1614		13
1615		6
1616		9
1617		12
1618		11
1619		13
1620		6
1621		18
1622		15
1623		15
1624		15
1625		18
1626		12
1627		13
1628		19
1629		9
1630		11
1631		20
1632		12
1633		9
1634		10
1635		18
1636		13
1637		16
1638		6
1639		14
1640		9
1641		14
1642		13
1643		8
1644		8
1645		14
1646		20
1647		12
1648		15
1649		11
1650		14
1651		8
1652		18
1653		14
1654		17
1655		12
1656		14
1657		11
1658		8
1659		13
1660		12
1661		13
1662		12
1663		15
1664		15
1665		13
1666		16
1667		13
1668		18
1669		11
1670		12
1671		14
1672		14
1673		10
1674		10
1675		8
1676		12
1677		14
1678		13
1679		14
1680		7
1681		12
1682		14
1683		12
1684		14
1685		11
1686		22
1687		7
1688		14
1689		6
1690		11
1691		9
1692		14
1693		11
1694		16
1695		15
1696		13
1697		9
1698		11
1699		8
1700		12
1701		10
1702		6
1703		6
1704		5
1705		12
1706		9
1707		13
1708		15
1709		7
1710		9
1711		10
1712		11
1713		11
1714		10
1715		12
1716		5
1717		8
1718		13
1719		18
1720		11
1721		13
1722		9
1723		9
1724		10
1725		5
1726		13
1727		15
1728		15
1729		12
1730		8
1731		8
1732		13
1733		17
1734		6
1735		10
1736		9
1737		13
1738		20
1739		10
1740		15
1741		16
1742		10
1743		15
1744		7
1745		12
1746		10
1747		16
1748		6
1749		14
1750		13
1751		15
1752		16
1753		15
1754		12
1755		12
1756		12
1757		11
1758		10
1759		13
1760		18
1761		8
1762		15
1763		6
1764		14
1765		8
1766		8
1767		11
1768		15
1769		13
1770		10
1771		13
1772		9
1773		9
1774		8
1775		10
1776		9
1777		15
1778		11
1779		7
1780		9
1781		15
1782		15
1783		14
1784		12
1785		12
1786		13
1787		7
1788		8
1789		11
1790		17
1791		13
1792		9
1793		6
1794		16
1795		11
1796		14
1797		9
1798		9
1799		7
1800		7
1801		8
1802		10
1803		17
1804		12
1805		11
1806		8
1807		11
1808		10
1809		8
1810		11
1811		14
1812		8
1813		9
1814		11
1815		15
1816		8
1817		7
1818		14
1819		5
1820		12
1821		11
1822		7
1823		12
1824		10
1825		8
1826		9
1827		11
1828		14
1829		9
1830		9
1831		6
1832		16
1833		8
1834		5
1835		7
1836		6
1837		8
1838		4
1839		8
1840		9
1841		20
1842		6
1843		9
1844		8
1845		5
1846		11
1847		10
1848		6
1849		7
1850		13
1851		8
1852		9
1853		10
1854		10
1855		14
1856		12
1857		12
1858		7
1859		9
1860		10
1861		8
1862		5
1863		10
1864		11
1865		11
1866		11
1867		12
1868		7
1869		7
1870		4
1871		11
1872		13
1873		9
1874		11
1875		11
1876		14
1877		13
1878		11
1879		13
1880		10
1881		13
1882		7
1883		11
1884		7
1885		14
1886		14
1887		10
1888		8
1889		10
1890		17
1891		9
1892		7
1893		14
1894		6
1895		9
1896		8
1897		6
1898		9
1899		9
1900		12
1901		9
1902		12
1903		5
1904		13
1905		9
1906		12
1907		9
1908		7
1909		6
1910		7
1911		6
1912		12
1913		7
1914		12
1915		18
1916		9
1917		8
1918		12
1919		9
1920		14
1921		8
1922		13
1923		15
1924		10
1925		12
1926		8
1927		9
1928		9
1929		9
1930		9
1931		7
1932		8
1933		9
1934		11
1935		16
1936		5
1937		6
1938		8
1939		13
1940		11
1941		8
1942		2
1943		10
1944		13
1945		15
1946		6
1947		8
1948		11
1949		6
1950		12
1951		8
1952		9
1953		10
1954		9
1955		11
1956		5
1957		11
1958		9
1959		16
1960		16
1961		11
1962		7
1963		11
1964		8
1965		9
1966		7
1967		6
1968		14
1969		10
1970		10
1971		6
1972		9
1973		7
1974		10
1975		13
1976		10
1977		10
1978		13
1979		12
1980		10
1981		14
1982		13
1983		11
1984		5
1985		5
1986		5
1987		11
1988		6
1989		10
1990		9
1991		7
1992		8
1993		8
1994		12
1995		7
1996		9
1997		13
1998		12
1999		8
2000		9
2001		11
2002		6
2003		10
2004		16
2005		10
2006		16
2007		8
2008		9
2009		7
2010		4
2011		7
2012		9
2013		10
2014		8
2015		4
2016		7
2017		13
2018		7
2019		10
2020		9
2021		9
2022		8
2023		11
2024		12
2025		6
2026		12
2027		9
2028		10
2029		8
2030		6
2031		8
2032		14
2033		9
2034		3
2035		9
2036		8
2037		10
2038		4
2039		4
2040		10
2041		4
2042		14
2043		7
2044		9
2045		10
2046		7
2047		8
2048		7
2049		9
2050		10
2051		11
2052		13
2053		4
2054		10
2055		8
2056		9
2057		6
2058		9
2059		8
2060		7
2061		10
2062		3
2063		5
2064		4
2065		7
2066		10
2067		13
2068		6
2069		6
2070		12
2071		10
2072		6
2073		10
2074		9
2075		4
2076		10
2077		8
2078		6
2079		9
2080		10
2081		9
2082		4
2083		7
2084		4
2085		14
2086		6
2087		8
2088		3
2089		7
2090		6
2091		7
2092		13
2093		6
2094		8
2095		4
2096		7
2097		10
2098		5
2099		7
2100		6
2101		9
2102		12
2103		7
2104		3
2105		4
2106		2
2107		9
2108		9
2109		1
2110		8
2111		10
2112		9
2113		7
2114		13
2115		7
2116		13
2117		11
2118		7
2119		8
2120		10
2121		7
2122		9
2123		5
2124		6
2125		3
2126		7
2127		17
2128		9
2129		3
2130		6
2131		5
2132		6
2133		5
2134		5
2135		8
2136		5
2137		8
2138		12
2139		13
2140		7
2141		6
2142		9
2143		11
2144		5
2145		13
2146		9
2147		8
2148		4
2149		7
2150		6
2151		4
2152		9
2153		3
2154		10
2155		11
2156		8
2157		7
2158		7
2159		10
2160		10
2161		6
2162		8
2163		8
2164		10
2165		7
2166		6
2167		7
2168		10
2169		9
2170		10
2171		6
2172		4
2173		10
2174		7
2175		7
2176		8
2177		6
2178		8
2179		6
2180		6
2181		7
2182		8
2183		3
2184		9
2185		12
2186		7
2187		7
2188		8
2189		9
2190		9
2191		5
2192		11
2193		7
2194		8
2195		5
2196		3
2197		10
2198		8
2199		1
2200		10
2201		6
2202		5
2203		6
2204		13
2205		7
2206		6
2207		8
2208		5
2209		5
2210		5
2211		7
2212		11
2213		12
2214		8
2215		3
2216		8
2217		5
2218		8
2219		6
2220		13
2221		10
2222		6
2223		9
2224		8
2225		6
2226		9
2227		5
2228		10
2229		4
2230		3
2231		14
2232		7
2233		14
2234		10
2235		9
2236		4
2237		7
2238		7
2239		5
2240		9
2241		15
2242		7
2243		12
2244		6
2245		3
2246		12
2247		6
2248		4
2249		7
2250		10
2251		5
2252		5
2253		8
2254		12
2255		9
2256		9
2257		7
2258		3
2259		8
2260		8
2261		8
2262		9
2263		10
2264		8
2265		6
2266		9
2267		9
2268		8
2269		4
2270		11
2271		7
2272		6
2273		5
2274		10
2275		4
2276		6
2277		6
2278		6
2279		4
2280		9
2281		8
2282		5
2283		10
2284		11
2285		8
2286		8
2287		9
2288		5
2289		4
2290		8
2291		6
2292		7
2293		5
2294		7
2295		9
2296		5
2297		9
2298		3
2299		9
2300		4
2301		8
2302		12
2303		1
2304		9
2305		10
2306		8
2307		6
2308		4
2309		6
2310		5
2311		8
2312		5
2313		6
2314		9
2315		5
2316		5
2317		11
2318		9
2319		3
2320		8
2321		3
2322		7
2323		7
2324		8
2325		10
2326		11
2327		5
2328		3
2329		5
2330		5
2331		4
2332		7
2333		6
2334		9
2335		5
2336		7
2337		10
2338		7
2339		8
2340		12
2341		5
2342		8
2343		9
2344		5
2345		7
2346		2
2347		8
2348		8
2349		6
2350		3
2351		6
2352		3
2353		13
2354		9
2355		5
2356		5
2357		11
2358		7
2359		8
2360		4
2361		5
2362		6
2363		6
2364		11
2365		9
2366		6
2367		6
2368		10
2369		12
2370		3
2371		8
2372		8
2373		12
2374		8
2375		4
2376		5
2377		8
2378		7
2379		11
2380		6
2381		8
2382		9
2383		4
2384		4
2385		4
2386		10
2387		6
2388		8
2389		4
2390		8
2391		10
2392		15
2393		6
2394		7
2395		7
2396		7
2397		9
2398		5
2399		4
2400		2
2401		5
2402		7
2403		5
2404		6
2405		9
2406		10
2407		6
2408		8
2409		5
2410		3
2411		8
2412		6
2413		5
2414		4
2415		7
2416		6
2417		8
2418		6
2419		6
2420		7
2421		8
2422		6
2423		7
2424		9
2425		6
2426		4
2427		7
2428		2
2429		6
2430		7
2431		9
2432		7
2433		8
2434		11
2435		12
2436		5
2437		9
2438		8
2439		7
2440		4
2441		3
2442		5
2443		8
2444		6
2445		6
2446		7
2447		12
2448		10
2449		7
2450		7
2451		4
2452		10
2453		6
2454		4
2455		5
2456		8
2457		4
2458		8
2459		8
2460		8
2461		8
2462		8
2463		6
2464		10
2465		5
2466		10
2467		4
2468		6
2469		3
2470		7
2471		3
2472		7
2473		8
2474		7
2475		6
2476		7
2477		8
2478		7
2479		2
2480		4
2481		8
2482		8
2483		6
2484		2
2485		5
2486		4
2487		4
2488		4
2489		3
2490		6
2491		8
2492		5
2493		9
2494		7
2495		9
2496		10
2497		6
2498		14
2499		4
2500		8
2501		8
2502		9
2503		5
2504		6
2505		7
2506		7
2507		7
2508		8
2509		5
2510		4
2511		9
2512		10
2513		10
2514		10
2515		5
2516		5
2517		3
2518		4
2519		5
2520		7
2521		5
2522		4
2523		4
2524		10
2525		11
2526		5
2527		6
2528		4
2529		4
2530		6
2531		6
2532		7
2533		2
2534		8
2535		5
2536		7
2537		4
2538		4
2539		6
2540		10
2541		7
2542		7
2543		6
2544		8
2545		8
2546		8
2547		3
2548		3
2549		8
2550		4
2551		8
2552		6
2553		9
2554		4
2555		7
2556		5
2557		3
2558		8
2559		8
2560		6
2561		4
2562		6
2563		7
2564		4
2565		5
2566		8
2567		3
2568		4
2569		2
2570		7
2571		9
2572		7
2573		4
2574		6
2575		7
2576		6
2577		9
2578		9
2579		8
2580		6
2581		7
2582		8
2583		7
2584		10
2585		8
2586		6
2587		1
2588		10
2589		5
2590		4
2591		10
2592		9
2593		9
2594		6
2595		2
2596		5
2597		8
2598		7
2599		6
2600		4
2601		3
2602		6
2603		7
2604		11
2605		5
2606		6
2607		7
2608		5
2609		1
2610		8
2611		7
2612		5
2613		8
2614		8
2615		5
2616		6
2617		11
2618		5
2619		5
2620		5
2621		5
2622		7
2623		8
2624		5
2625		8
2626		3
2627		6
2628		5
2629		3
2630		1
2631		7
2632		1
2633		6
2634		9
2635		6
2636		5
2637		4
2638		6
2639		7
2640		7
2641		5
2642		5
2643		8
2644		7
2645		4
2646		5
2647		11
2648		10
2649		10
2650		1
2651		3
2652		6
2653		4
2654		4
2655		4
2656		6
2657		8
2658		6
2659		2
2660		4
2661		3
2662		6
2663		3
2664		4
2665		5
2666		4
2667		8
2668		3
2669		5
2670		6
2671		10
2672		4
2673		4
2674		5
2675		6
2676		6
2677		4
2678		7
2679		4
2680		3
2681		7
2682		5
2683		7
2684		2
2685		8
2686		5
2687		5
2688		10
2689		9
2690		3
2691		9
2692		5
2693		11
2694		1
2695		6
2696		4
2697		3
2698		3
2699		5
2700		5
2701		6
2702		7
2703		1
2704		4
2705		6
2706		5
2707		5
2708		7
2709		3
2710		10
2711		7
2712		10
2713		6
2714		5
2715		3
2716		6
2717		2
2718		9
2719		5
2720		4
2721		6
2722		9
2723		7
2724		7
2725		9
2726		5
2727		6
2728		3
2729		4
2730		4
2731		4
2732		8
2733		4
2734		8
2735		5
2736		5
2737		2
2738		8
2739		5
2740		6
2741		2
2742		10
2743		3
2744		6
2745		10
2746		5
2747		5
2748		6
2749		8
2750		8
2751		6
2752		8
2753		5
2754		6
2755		1
2756		3
2757		8
2758		5
2759		6
2760		5
2761		4
2762		6
2763		5
2764		3
2765		5
2766		5
2767		4
2768		6
2769		5
2770		4
2771		6
2772		4
2773		5
2774		9
2775		8
2776		14
2777		5
2778		3
2779		5
2780		5
2781		3
2782		5
2783		6
2784		5
2785		9
2786		3
2787		6
2788		10
2789		5
2790		7
2791		7
2792		11
2793		4
2794		10
2795		5
2796		5
2797		5
2798		2
2799		6
2800		5
2801		6
2802		7
2803		3
2804		7
2805		5
2806		3
2807		1
2808		5
2809		9
2810		5
2811		2
2812		3
2813		6
2814		5
2815		5
2816		11
2817		5
2818		4
2819		8
2820		2
2821		7
2822		4
2823		3
2824		5
2825		5
2826		3
2827		4
2828		4
2829		7
2830		5
2831		9
2832		4
2833		5
2834		7
2835		4
2836		1
2837		8
2838		6
2839		4
2840		4
2841		4
2842		5
2843		10
2844		4
2845		1
2846		4
2847		8
2848		4
2849		3
2850		8
2851		4
2852		4
2853		8
2854		2
2855		10
2856		8
2857		2
2858		6
2859		5
2860		3
2861		8
2862		4
2863		4
2864		3
2865		4
2866		6
2867		5
2868		1
2869		6
2870		2
2871		6
2872		4
2873		5
2874		6
2875		6
2876		6
2877		3
2878		5
2879		9
2880		8
2881		6
2882		5
2883		6
2884		4
2885		6
2886		4
2887		3
2888		8
2889		11
2890		7
2891		6
2892		4
2893		8
2894		7
2895		6
2896		6
2897		7
2898		5
2899		9
2900		2
2901		7
2902		6
2903		3
2904		3
2905		1
2906		3
2907		3
2908		5
2909		2
2910		6
2911		4
2912		6
2913		6
2914		6
2915		5
2916		2
2917		3
2918		1
2919		3
2920		4
2921		6
2922		6
2923		10
2924		5
2925		7
2926		6
2927		4
2928		7
2929		5
2930		6
2931		7
2932		5
2933		6
2934		3
2935		5
2936		7
2937		2
2938		6
2939		5
2940		4
2941		3
2942		5
2943		4
2944		8
2945		6
2946		8
2947		2
2948		2
2949		5
2950		2
2951		9
2952		3
2953		4
2954		5
2955		5
2956		1
2957		5
2958		6
2959		7
2960		7
2961		7
2962		10
2963		4
2964		3
2965		10
2966		4
2967		6
2968		8
2969		3
2970		3
2971		2
2972		12
2973		5
2974		9
2975		3
2976		2
2977		5
2978		3
2979		6
2980		5
2981		6
2982		5
2983		5
2984		9
2985		2
2986		8
2987		5
2988		13
2989		6
2990		4
2991		1
2992		6
2993		8
2994		7
2995		3
2996		3
2997		7
2998		6
2999		3
3000		7
3001		4
3002		6
3003		8
3004		6
3005		3
3006		6
3007		3
3008		3
3009		5
3010		6
3011		7
3012		3
3013		6
3014		5
3015		4
3016		7
3017		6
3018		2
3019		6
3020		10
3021		3
3022		5
3023		5
3024		4
3025		2
3026		5
3027		6
3028		4
3029		5
3030		3
3031		5
3032		3
3033		3
3034		5
3035		7
3036		7
3037		5
3038		7
3039		8
3040		6
3041		6
3042		5
3043		9
3044		6
3045		5
3046		4
3047		5
3048		3
3049		7
3050		4
3051		4
3052		3
3053		5
3054		5
3055		3
3056		6
3057		5
3058		2
3059		4
3060		8
3061		2
3062		4
3063		2
3064		3
3065		7
3066		8
3067		6
3068		2
3069		2
3070		4
3071		1
3072		6
3073		10
3074		8
3075		11
3076		9
3077		1
3078		3
3079		7
3080		2
3081		3
3082		3
3083		4
3084		3
3085		7
3086		4
3087		4
3088		4
3089		4
3090		3
3091		4
3092		3
3093		6
3094		6
3095		2
3096		7
3097		5
3098		4
3099		4
3100		4
3101		3
3102		2
3103		7
3104		12
3105		3
3106		7
3107		2
3108		5
3109		3
3110		5
3111		3
3112		8
3113		7
3114		6
3115		4
3116		1
3117		3
3118		1
3119		7
3120		6
3121		1
3122		2
3123		5
3124		5
3125		2
3126		6
3127		3
3128		2
3129		3
3130		8
3131		3
3132		5
3133		2
3134		6
3135		4
3136		5
3137		5
3138		2
3139		10
3140		4
3141		9
3142		8
3143		3
3144		1
3145		4
3146		4
3147		5
3148		5
3149		7
3150		2
3151		7
3152		5
3153		5
3154		3
3156		10
3157		2
3158		7
3159		6
3160		6
3161		3
3162		1
3163		2
3164		3
3165		5
3166		4
3167		6
3168		2
3169		5
3170		3
3171		5
3172		4
3173		2
3174		7
3175		8
3176		7
3177		4
3178		1
3179		3
3180		3
3181		3
3182		2
3183		5
3184		8
3185		3
3186		4
3187		3
3188		5
3189		2
3190		4
3191		6
3192		2
3193		3
3194		3
3195		3
3196		4
3197		4
3198		3
3199		7
3200		4
3201		6
3202		2
3203		3
3204		6
3205		3
3206		4
3207		6
3208		1
3209		7
3210		3
3211		4
3212		2
3213		5
3214		2
3215		4
3216		5
3217		3
3218		7
3219		4
3220		9
3221		6
3222		8
3223		4
3224		4
3225		5
3226		6
3227		2
3228		3
3229		10
3230		7
3231		7
3232		5
3233		1
3234		2
3235		5
3236		3
3238		2
3239		3
3240		2
3242		2
3243		6
3244		4
3245		2
3246		7
3247		5
3248		7
3249		5
3250		2
3251		4
3252		6
3253		4
3254		4
3255		1
3256		5
3258		7
3259		4
3260		4
3261		3
3262		2
3263		5
3264		4
3265		1
3266		4
3267		3
3268		2
3269		5
3270		4
3271		4
3272		2
3273		5
3274		4
3275		6
3276		6
3277		5
3278		4
3279		3
3280		4
3281		2
3282		4
3283		7
3284		6
3285		7
3286		2
3287		4
3288		9
3289		2
3290		4
3291		2
3292		3
3293		3
3294		3
3295		3
3296		7
3297		6
3298		4
3299		3
3300		2
3301		4
3302		5
3303		4
3304		5
3305		6
3306		9
3307		1
3308		4
3309		3
3310		4
3311		5
3312		5
3313		6
3314		4
3315		5
3316		1
3317		1
3318		8
3319		4
3320		7
3321		4
3322		3
3323		5
3324		4
3325		2
3326		2
3327		4
3328		6
3329		5
3330		5
3331		1
3332		6
3333		5
3334		2
3335		3
3336		3
3337		6
3338		3
3339		4
3340		2
3341		1
3342		9
3343		4
3345		5
3346		1
3347		5
3348		4
3349		3
3350		1
3351		2
3352		5
3353		5
3354		2
3356		7
3357		3
3358		2
3359		2
3360		3
3361		1
3362		4
3363		3
3364		3
3365		3
3366		4
3367		4
3368		6
3369		1
3370		6
3371		10
3372		10
3373		6
3374		4
3375		3
3376		7
3377		7
3378		2
3379		5
3380		5
3381		2
3382		4
3383		3
3384		4
3385		4
3386		4
3387		7
3388		6
3389		3
3390		7
3391		3
3392		2
3393		4
3394		3
3395		6
3396		5
3397		3
3398		6
3399		4
3400		2
3401		7
3402		4
3403		3
3404		2
3405		5
3406		4
3407		5
3408		2
3409		3
3410		3
3411		7
3413		4
3414		5
3415		5
3416		2
3417		3
3418		4
3419		1
3420		5
3421		7
3422		2
3423		2
3424		7
3425		4
3426		5
3427		3
3428		8
3429		1
3430		5
3431		5
3432		2
3433		4
3434		3
3435		3
3436		2
3437		3
3438		7
3439		4
3440		3
3441		7
3442		8
3443		4
3444		5
3445		4
3446		1
3447		3
3448		4
3449		1
3450		3
3451		9
3452		3
3453		7
3454		1
3455		4
3456		2
3457		6
3458		5
3459		1
3460		1
3461		5
3462		6
3463		4
3464		1
3465		4
3466		2
3467		3
3468		4
3469		3
3470		5
3471		7
3472		3
3473		2
3474		5
3475		4
3476		5
3477		4
3478		6
3479		2
3480		4
3481		6
3482		3
3483		7
3484		5
3485		5
3486		3
3487		4
3488		2
3490		1
3491		4
3492		3
3493		2
3494		7
3495		2
3496		3
3497		1
3498		6
3499		4
3501		3
3502		7
3503		2
3504		8
3505		4
3506		4
3507		3
3508		5
3509		5
3510		5
3511		4
3512		6
3513		4
3514		2
3515		3
3516		2
3517		5
3518		8
3519		7
3520		1
3521		4
3522		3
3523		5
3524		2
3525		4
3526		1
3527		4
3528		3
3529		4
3530		4
3531		4
3532		4
3533		4
3534		3
3535		6
3536		3
3537		3
3539		4
3540		3
3541		1
3542		2
3543		3
3544		4
3545		6
3546		2
3547		4
3548		1
3549		2
3550		4
3551		6
3552		2
3553		3
3554		4
3555		4
3556		2
3557		4
3558		2
3559		2
3560		8
3561		3
3562		2
3563		2
3564		2
3565		3
3566		2
3567		7
3568		4
3569		4
3570		1
3571		2
3572		4
3573		5
3574		2
3575		6
3576		6
3578		2
3579		3
3580		3
3581		6
3582		5
3583		5
3584		5
3585		2
3586		4
3587		2
3588		2
3589		4
3590		2
3591		1
3592		3
3593		6
3595		4
3596		3
3597		5
3598		2
3599		4
3600		7
3601		1
3602		2
3603		4
3604		1
3605		1
3606		5
3607		3
3608		3
3609		7
3610		1
3611		2
3613		3
3614		4
3615		3
3616		3
3617		2
3618		4
3619		3
3620		4
3621		2
3622		5
3623		2
3624		5
3625		1
3626		5
3627		4
3628		7
3629		2
3630		6
3631		2
3632		4
3633		3
3634		5
3635		6
3636		4
3637		6
3638		3
3639		2
3640		1
3641		7
3642		5
3643		1
3644		4
3646		3
3647		3
3648		2
3649		5
3650		7
3651		3
3652		3
3653		6
3654		5
3655		6
3656		1
3657		6
3658		1
3661		4
3662		7
3663		1
3664		2
3665		5
3666		3
3667		6
3668		3
3669		2
3670		5
3671		2
3672		1
3673		3
3674		6
3675		1
3676		3
3677		2
3678		2
3679		1
3680		2
3681		2
3682		6
3683		3
3684		1
3685		5
3686		2
3687		6
3688		2
3689		6
3690		3
3691		3
3692		5
3693		2
3694		5
3695		5
3696		1
3697		6
3698		3
3699		3
3700		1
3701		6
3702		3
3703		4
3704		7
3706		5
3707		5
3708		2
3709		10
3710		2
3711		2
3712		3
3713		2
3714		5
3715		2
3716		2
3717		1
3718		6
3719		3
3720		4
3721		3
3722		2
3723		6
3724		4
3725		4
3726		5
3727		3
3728		3
3729		5
3730		3
3731		6
3732		3
3733		8
3734		4
3735		2
3736		4
3737		3
3738		1
3739		6
3740		2
3741		5
3742		4
3743		4
3744		2
3745		2
3746		5
3747		7
3748		2
3749		3
3750		5
3751		2
3752		3
3753		3
3755		2
3756		2
3757		2
3758		1
3759		1
3760		3
3761		1
3762		3
3763		3
3764		5
3765		5
3766		3
3767		3
3768		4
3769		2
3770		5
3771		3
3773		10
3774		2
3775		5
3776		6
3777		5
3778		2
3779		5
3780		5
3781		3
3782		4
3783		4
3784		4
3785		3
3786		4
3787		2
3788		5
3789		2
3790		3
3791		5
3792		7
3793		4
3794		2
3795		2
3796		1
3797		8
3798		1
3799		2
3800		3
3801		6
3802		6
3803		4
3804		4
3805		2
3806		5
3807		5
3808		4
3809		3
3810		2
3811		4
3812		6
3813		2
3814		4
3815		4
3816		3
3817		3
3818		7
3819		3
3820		5
3821		2
3822		4
3823		5
3824		1
3825		6
3826		6
3827		4
3828		3
3829		3
3830		7
3831		4
3832		4
3833		3
3834		4
3835		2
3836		3
3837		4
3838		4
3839		4
3840		3
3841		1
3842		3
3843		3
3844		4
3845		3
3846		3
3847		2
3848		5
3849		3
3850		3
3851		2
3852		5
3853		3
3855		4
3856		3
3857		5
3858		4
3859		3
3860		5
3861		5
3862		2
3863		5
3864		3
3865		6
3866		4
3867		4
3868		4
3869		4
3870		4
3871		2
3872		2
3873		1
3874		3
3875		2
3876		3
3877		1
3878		2
3879		4
3880		4
3881		3
3882		4
3883		3
3884		3
3885		6
3886		2
3887		3
3888		4
3889		2
3890		2
3891		3
3892		6
3893		4
3894		1
3895		4
3896		3
3897		4
3898		1
3899		3
3900		2
3901		3
3902		4
3903		2
3904		2
3905		4
3906		3
3907		2
3908		3
3909		4
3910		2
3911		3
3912		2
3913		2
3914		8
3915		1
3916		1
3917		4
3918		2
3919		6
3920		6
3921		3
3922		1
3923		5
3924		4
3925		6
3926		2
3928		1
3929		5
3930		4
3931		3
3932		2
3933		3
3935		1
3936		4
3937		4
3938		1
3939		2
3940		3
3941		2
3942		5
3943		2
3944		7
3946		3
3947		2
3948		4
3949		1
3950		3
3951		4
3952		2
3953		3
3954		2
3955		6
3956		8
3957		1
3958		2
3959		2
3960		1
3961		2
3962		5
3963		4
3964		6
3965		3
3966		1
3967		4
3968		6
3969		3
3970		6
3971		4
3972		1
3973		3
3974		4
3975		2
3977		1
3978		7
3979		1
3980		1
3981		5
3982		1
3983		2
3984		1
3985		5
3986		1
3987		2
3988		2
3989		2
3991		2
3992		2
3993		2
3994		4
3995		5
3996		2
3997		2
3998		3
3999		5
4000		1
4001		4
4002		2
4003		2
4004		1
4005		2
4008		3
4010		4
4011		4
4012		6
4013		3
4014		1
4015		3
4016		1
4017		4
4018		1
4019		3
4020		1
4021		4
4022		4
4023		2
4024		5
4025		5
4026		2
4027		2
4028		3
4030		4
4031		4
4033		5
4034		2
4036		1
4037		3
4038		4
4039		2
4040		2
4041		6
4042		5
4043		1
4044		4
4045		1
4046		4
4047		3
4048		3
4049		3
4050		4
4052		2
4053		5
4054		5
4055		6
4056		3
4058		2
4059		3
4060		1
4061		1
4062		3
4063		4
4065		1
4066		2
4067		3
4068		5
4069		5
4070		4
4071		2
4072		5
4073		5
4074		3
4075		3
4076		3
4077		2
4078		2
4079		3
4080		3
4082		2
4083		1
4084		1
4085		1
4086		4
4088		2
4089		3
4090		4
4091		2
4092		4
4093		4
4094		4
4095		6
4096		2
4097		3
4098		5
4100		3
4101		3
4102		3
4103		3
4104		6
4106		3
4107		5
4108		4
4109		2
4110		3
4112		3
4113		5
4114		2
4115		1
4116		2
4117		2
4118		7
4119		2
4120		4
4121		6
4122		3
4123		3
4124		2
4125		1
4126		2
4127		2
4128		2
4129		4
4130		2
4131		3
4133		2
4134		5
4136		1
4137		1
4138		1
4139		3
4140		2
4141		4
4142		6
4143		2
4144		3
4145		5
4147		3
4148		3
4149		3
4150		3
4151		4
4152		2
4153		4
4154		2
4155		5
4156		3
4157		2
4158		3
4160		2
4161		1
4162		4
4163		2
4164		3
4165		4
4166		4
4167		3
4168		4
4169		3
4170		3
4171		4
4172		2
4173		3
4174		8
4175		3
4176		2
4177		1
4178		4
4179		2
4180		2
4181		3
4182		1
4183		7
4184		2
4185		2
4186		5
4187		1
4188		4
4189		2
4190		3
4191		2
4192		4
4193		4
4194		2
4195		3
4197		4
4198		1
4199		4
4200		5
4201		3
4202		5
4203		2
4204		3
4205		6
4206		4
4207		3
4209		3
4210		3
4212		3
4213		6
4214		4
4215		7
4216		1
4217		2
4218		5
4219		3
4220		5
4221		2
4222		1
4223		1
4224		4
4225		3
4226		2
4227		2
4228		2
4229		5
4230		4
4231		2
4232		3
4233		7
4234		2
4235		2
4236		2
4237		1
4238		2
4239		1
4240		2
4241		5
4242		5
4243		2
4244		4
4245		2
4246		5
4247		5
4248		3
4249		4
4250		2
4251		3
4252		3
4253		2
4254		1
4255		2
4256		6
4257		3
4258		3
4259		4
4260		6
4261		3
4262		2
4264		2
4265		3
4266		3
4267		5
4268		4
4269		2
4270		3
4272		2
4273		3
4274		1
4275		1
4276		2
4277		2
4278		1
4279		2
4280		1
4281		2
4282		2
4283		3
4284		3
4285		6
4286		3
4287		2
4288		4
4289		3
4290		5
4291		1
4292		3
4293		2
4294		3
4295		1
4297		3
4298		3
4299		2
4300		2
4301		2
4302		5
4303		1
4305		2
4307		4
4308		3
4309		1
4310		6
4311		2
4312		3
4313		4
4314		3
4315		5
4316		1
4317		2
4318		2
4319		5
4320		6
4321		4
4323		2
4324		4
4325		3
4326		1
4327		4
4328		3
4330		5
4331		3
4332		2
4333		5
4334		3
4335		2
4336		2
4337		3
4339		6
4340		3
4341		1
4342		2
4343		4
4344		1
4345		4
4346		2
4347		1
4348		1
4350		1
4352		4
4353		3
4354		1
4355		1
4356		3
4357		3
4358		3
4359		3
4360		3
4361		4
4362		2
4363		1
4364		1
4365		1
4366		4
4368		4
4369		6
4370		2
4371		5
4372		4
4374		2
4375		3
4376		3
4377		4
4378		2
4379		3
4380		3
4381		2
4382		6
4383		1
4384		1
4385		4
4386		2
4387		1
4388		3
4389		5
4390		2
4391		3
4392		1
4393		1
4394		3
4395		2
4396		4
4397		2
4398		3
4399		1
4400		2
4402		2
4403		3
4404		3
4405		1
4406		4
4407		3
4408		1
4409		3
4410		4
4411		1
4413		4
4414		2
4415		1
4416		1
4417		2
4418		3
4419		3
4420		2
4421		2
4422		1
4423		1
4424		5
4425		1
4426		5
4427		2
4428		3
4429		3
4430		2
4431		5
4432		3
4433		2
4434		4
4436		5
4437		2
4438		3
4439		3
4440		2
4441		2
4442		3
4443		3
4444		2
4445		8
4446		2
4447		3
4449		7
4450		3
4451		3
4452		1
4453		2
4454		2
4455		5
4456		2
4457		2
4458		2
4459		1
4460		4
4461		3
4462		2
4463		4
4464		6
4466		2
4467		2
4468		1
4470		5
4471		3
4472		1
4473		2
4474		2
4475		1
4476		4
4477		2
4478		4
4479		1
4480		1
4481		3
4482		3
4483		3
4485		1
4486		4
4487		4
4488		5
4489		3
4490		1
4491		2
4492		3
4493		5
4494		1
4495		3
4496		4
4497		3
4498		4
4499		1
4500		2
4501		1
4502		3
4503		1
4504		2
4505		1
4506		5
4507		1
4508		2
4509		1
4510		5
4511		2
4512		5
4513		5
4515		2
4516		2
4517		5
4518		1
4519		4
4520		1
4522		1
4523		6
4524		2
4525		6
4526		1
4528		3
4529		3
4530		1
4531		1
4532		4
4533		4
4534		4
4535		2
4536		3
4537		2
4539		4
4540		3
4541		2
4542		4
4544		3
4545		5
4546		1
4547		2
4548		4
4549		2
4550		3
4551		2
4552		2
4553		6
4556		3
4557		1
4558		6
4559		2
4560		3
4561		1
4562		1
4564		5
4565		3
4566		1
4567		1
4568		2
4569		4
4570		1
4571		2
4572		1
4573		3
4574		5
4575		2
4576		1
4577		3
4578		1
4579		4
4580		2
4582		1
4583		1
4584		2
4585		3
4586		8
4587		2
4588		5
4589		3
4590		3
4591		2
4592		1
4593		2
4594		2
4595		2
4596		1
4597		2
4598		3
4599		3
4600		3
4601		2
4603		1
4604		1
4605		2
4606		3
4607		4
4608		2
4609		1
4610		4
4611		2
4612		4
4613		5
4614		3
4615		2
4616		3
4618		5
4619		2
4620		1
4621		3
4622		3
4623		2
4624		4
4625		1
4626		3
4627		2
4628		2
4629		3
4630		1
4631		3
4632		2
4633		1
4634		4
4635		1
4636		1
4637		2
4638		2
4639		7
4640		2
4641		3
4642		1
4643		1
4646		5
4647		2
4648		2
4649		3
4650		1
4651		2
4652		1
4653		5
4654		2
4655		4
4656		2
4659		2
4661		1
4663		3
4664		2
4665		2
4666		4
4667		3
4668		1
4669		1
4670		1
4671		1
4673		1
4674		3
4676		2
4677		2
4678		4
4679		2
4680		1
4681		2
4682		1
4683		2
4684		2
4685		2
4687		1
4688		1
4689		2
4690		4
4691		2
4692		1
4693		3
4694		1
4695		1
4697		1
4698		1
4699		3
4700		2
4701		5
4702		1
4703		1
4705		4
4706		4
4707		1
4708		4
4709		1
4710		5
4711		2
4712		3
4713		1
4714		1
4715		3
4716		2
4717		2
4718		1
4719		2
4720		2
4721		3
4724		1
4725		3
4726		2
4727		3
4728		2
4729		3
4730		2
4731		3
4732		2
4733		2
4734		2
4735		2
4736		1
4738		3
4739		1
4740		2
4741		4
4742		2
4743		2
4744		1
4745		1
4746		1
4748		2
4749		5
4750		2
4752		4
4753		1
4754		2
4755		2
4756		6
4757		1
4758		5
4759		4
4760		4
4761		1
4762		2
4763		2
4764		2
4765		1
4766		1
4767		4
4768		3
4769		3
4770		2
4771		1
4773		4
4774		3
4775		3
4776		3
4777		5
4778		4
4779		3
4780		1
4781		1
4782		1
4784		3
4785		2
4786		1
4787		1
4788		1
4789		2
4790		1
4791		2
4792		1
4793		3
4795		1
4796		1
4797		1
4798		2
4799		3
4800		1
4801		6
4802		4
4805		5
4806		1
4807		3
4809		2
4810		2
4811		1
4812		5
4814		2
4817		2
4818		2
4819		2
4820		1
4821		1
4822		1
4823		3
4824		2
4825		2
4826		1
4828		3
4829		3
4830		2
4833		3
4834		1
4835		3
4837		3
4838		1
4840		4
4841		1
4843		3
4844		2
4845		2
4846		1
4847		1
4848		3
4850		1
4851		1
4852		2
4854		2
4855		5
4856		2
4857		1
4858		1
4859		1
4860		1
4861		3
4863		1
4864		2
4865		1
4866		6
4867		3
4868		2
4869		1
4870		4
4871		2
4872		3
4873		5
4874		1
4875		3
4877		1
4878		2
4879		2
4882		1
4883		3
4884		1
4885		1
4887		1
4888		2
4889		1
4890		3
4891		2
4892		3
4893		3
4894		1
4895		3
4896		1
4897		6
4898		2
4899		2
4900		1
4901		2
4902		2
4903		3
4904		3
4905		1
4906		1
4907		2
4908		2
4910		1
4911		2
4912		2
4913		2
4914		3
4915		1
4916		1
4917		2
4918		1
4919		1
4920		3
4921		2
4923		4
4925		1
4926		2
4927		2
4928		2
4929		2
4930		2
4933		1
4934		1
4935		1
4936		1
4938		3
4939		2
4940		3
4941		1
4942		1
4943		2
4944		2
4945		1
4946		1
4947		2
4948		3
4949		6
4951		3
4952		3
4955		1
4957		3
4959		1
4961		4
4962		2
4964		3
4965		2
4966		3
4967		2
4968		1
4969		2
4971		2
4972		1
4973		1
4974		1
4976		3
4977		1
4978		5
4979		4
4980		2
4982		1
4984		1
4985		1
4988		1
4989		2
4991		2
4993		1
4994		1
4995		2
4996		1
4997		2
5000		3
5002		3
5003		4
5004		3
5005		5
5006		3
5007		3
5008		4
5009		1
5011		1
5012		1
5014		2
5015		3
5016		1
5017		1
5018		4
5019		3
5020		5
5021		4
5022		2
5023		4
5024		2
5026		2
5027		4
5028		1
5029		1
5030		3
5031		2
5032		2
5033		1
5034		2
5035		2
5036		3
5037		1
5038		1
5039		1
5041		2
5042		2
5043		1
5044		2
5045		4
5046		2
5047		2
5049		2
5050		2
5051		2
5052		2
5053		2
5054		1
5056		2
5061		6
5062		1
5065		3
5066		5
5068		1
5069		5
5070		1
5071		3
5072		1
5074		2
5075		3
5076		1
5077		3
5078		1
5079		1
5081		2
5082		1
5083		2
5084		2
5085		2
5086		1
5087		2
5088		2
5089		1
5090		2
5091		1
5092		1
5093		5
5094		2
5095		1
5096		1
5097		1
5098		1
5099		2
5101		2
5103		2
5104		1
5105		1
5106		3
5107		3
5109		1
5110		3
5112		1
5113		2
5114		2
5115		1
5118		2
5119		2
5120		2
5121		3
5122		1
5123		3
5126		1
5128		2
5129		2
5130		1
5131		3
5132		2
5133		1
5135		2
5137		3
5138		3
5140		1
5141		1
5142		2
5143		1
5144		2
5145		2
5146		2
5147		4
5148		1
5149		2
5150		1
5151		2
5152		2
5153		1
5154		2
5155		1
5156		2
5157		4
5158		2
5159		2
5161		2
5162		2
5165		2
5166		2
5167		2
5169		3
5170		3
5172		1
5174		4
5175		1
5176		2
5179		5
5180		2
5181		1
5182		1
5183		1
5184		1
5186		1
5188		1
5189		1
5191		2
5193		2
5194		2
5195		1
5196		3
5197		1
5198		3
5199		1
5200		1
5205		1
5206		4
5207		2
5208		3
5209		1
5210		3
5211		2
5212		2
5213		1
5216		1
5217		2
5219		2
5220		2
5223		1
5224		2
5226		1
5227		1
5228		2
5229		2
5231		1
5232		3
5233		1
5235		1
5236		3
5237		2
5238		2
5239		1
5241		1
5242		2
5243		2
5245		1
5246		1
5247		3
5248		2
5249		2
5251		1
5252		2
5253		2
5254		2
5257		2
5258		2
5259		2
5262		1
5263		2
5264		2
5265		1
5267		1
5268		5
5269		1
5270		1
5271		1
5272		1
5274		2
5275		1
5277		3
5279		1
5281		2
5282		2
5283		1
5284		3
5286		1
5287		1
5290		1
5291		2
5292		1
5293		2
5295		1
5298		1
5299		1
5300		3
5301		3
5302		1
5303		1
5305		2
5307		2
5309		2
5310		1
5311		1
5312		2
5313		1
5314		1
5316		2
5317		1
5319		2
5320		2
5321		4
5322		1
5324		3
5325		2
5327		1
5329		2
5330		2
5331		1
5332		1
5333		2
5335		2
5336		1
5338		2
5339		3
5341		1
5342		1
5345		1
5346		2
5347		2
5348		2
5350		1
5351		2
5352		3
5353		3
5354		2
5355		1
5356		3
5357		1
5358		2
5359		1
5360		2
5361		2
5363		2
5365		3
5366		2
5367		2
5368		1
5369		2
5370		2
5371		3
5372		1
5373		2
5374		2
5375		2
5376		2
5377		1
5380		2
5381		3
5382		1
5383		2
5384		1
5386		2
5389		1
5391		1
5392		1
5393		3
5396		1
5397		3
5399		1
5400		4
5402		2
5403		1
5404		2
5406		4
5409		2
5410		1
5411		1
5412		1
5413		2
5414		1
5418		2
5419		1
5420		1
5421		1
5422		2
5427		2
5428		3
5430		1
5431		1
5432		3
5434		2
5435		2
5438		2
5441		2
5442		1
5443		2
5444		3
5445		1
5446		2
5448		1
5449		2
5450		2
5451		5
5452		1
5457		1
5458		3
5459		2
5462		1
5464		1
5466		1
5467		1
5468		1
5471		1
5472		1
5473		3
5474		1
5475		2
5477		1
5478		3
5480		3
5482		1
5483		3
5486		2
5487		1
5489		2
5490		2
5493		1
5494		1
5495		4
5500		1
5502		1
5504		1
5507		1
5508		1
5510		1
5511		3
5512		1
5513		1
5514		3
5517		2
5520		1
5521		2
5523		1
5524		2
5525		2
5526		2
5530		1
5531		2
5533		1
5538		1
5539		3
5540		1
5541		1
5543		1
5544		1
5545		1
5546		1
5547		3
5548		1
5549		1
5550		4
5551		2
5555		1
5557		2
5558		2
5559		2
5560		1
5561		2
5562		1
5564		1
5566		2
5567		1
5568		3
5572		1
5573		1
5575		2
5577		1
5578		1
5579		1
5580		1
5582		1
5583		2
5588		2
5589		1
5590		1
5591		1
5593		1
5596		3
5597		1
5598		2
5600		2
5601		1
5602		1
5605		2
5606		2
5607		2
5608		1
5609		1
5611		2
5612		1
5617		1
5618		2
5620		1
5621		1
5623		1
5624		2
5625		4
5627		3
5628		2
5631		1
5635		1
5636		1
5637		2
5638		1
5640		1
5641		1
5642		1
5645		1
5646		3
5647		1
5648		1
5650		2
5652		1
5653		3
5656		3
5657		1
5660		3
5662		1
5663		1
5665		1
5666		1
5670		1
5671		1
5672		1
5673		2
5676		2
5677		1
5678		1
5680		2
5681		1
5682		2
5683		1
5684		1
5687		2
5689		1
5691		1
5692		1
5693		2
5694		1
5695		2
5696		1
5698		1
5699		1
5702		1
5704		1
5705		1
5709		1
5710		1
5712		1
5714		1
5715		1
5716		1
5717		1
5721		2
5722		1
5724		2
5725		3
5726		1
5727		1
5728		1
5729		1
5731		1
5735		1
5736		1
5737		1
5738		1
5739		1
5740		2
5741		1
5742		4
5743		1
5744		1
5746		1
5747		1
5748		1
5750		1
5753		1
5754		2
5755		1
5756		2
5758		1
5759		1
5760		1
5761		2
5762		1
5764		1
5765		1
5769		1
5770		2
5772		1
5773		1
5775		1
5777		1
5778		1
5780		1
5781		1
5784		3
5787		1
5789		1
5791		2
5792		1
5795		3
5796		1
5799		1
5802		1
5808		1
5810		2
5811		2
5813		1
5814		1
5815		1
5817		2
5821		1
5826		1
5827		1
5836		1
5837		1
5838		1
5840		1
5841		1
5842		2
5848		2
5852		2
5853		1
5855		1
5856		1
5858		2
5859		1
5862		1
5863		1
5867		2
5868		1
5869		1
5871		1
5873		2
5874		1
5875		1
5876		1
5877		1
5882		1
5883		1
5884		1
5887		1
5889		1
5892		1
5893		1
5894		1
5895		1
5896		2
5897		2
5898		1
5902		1
5903		1
5910		2
5911		2
5912		3
5913		1
5916		1
5919		1
5922		2
5923		3
5925		1
5929		2
5931		1
5932		2
5934		1
5936		2
5939		1
5940		1
5941		1
5945		2
5949		1
5954		2
5957		3
5959		2
5960		2
5961		1
5962		1
5964		1
5966		2
5968		1
5975		1
5978		2
5984		1
5986		2
5987		1
5988		1
5989		2
5990		1
5991		1
5996		1
5997		1
5998		2
6000		1
6001		1
6002		2
6005		1
6006		1
6007		1
6008		1
6009		2
6010		1
6011		1
6012		2
6013		1
6020		1
6021		1
6023		1
6025		2
6027		1
6028		1
6036		1
6037		2
6039		1
6043		1
6044		2
6045		1
6051		1
6053		1
6056		2
6058		1
6059		1
6061		1
6062		1
6065		1
6070		1
6075		1
6079		3
6084		1
6085		1
6087		1
6088		1
6089		1
6092		1
6095		1
6097		2
6098		1
6099		3
6100		1
6101		1
6105		2
6107		2
6110		1
6115		2
6117		1
6118		1
6121		1
6129		2
6132		1
6136		1
6137		1
6140		3
6141		1
6142		1
6143		1
6145		1
6148		2
6151		2
6152		1
6153		1
6158		1
6159		2
6160		1
6161		1
6162		1
6164		1
6172		1
6173		1
6174		1
6176		1
6178		1
6181		1
6182		1
6184		2
6189		1
6192		2
6193		1
6194		1
6199		1
6200		1
6203		2
6206		1
6208		1
6210		2
6213		1
6215		1
6216		1
6217		1
6218		1
6221		1
6222		1
6223		1
6224		1
6229		1
6230		1
6232		1
6234		1
6236		1
6240		3
6241		2
6246		1
6249		1
6250		1
6253		1
6254		1
6263		1
6271		2
6277		1
6279		1
6287		1
6299		1
6300		1
6304		1
6306		1
6307		1
6308		1
6309		2
6310		1
6312		1
6313		1
6314		2
6320		1
6322		1
6323		1
6325		1
6335		1
6342		1
6344		2
6351		2
6352		1
6354		1
6358		2
6359		1
6365		1
6367		1
6369		2
6379		1
6387		1
6391		1
6395		1
6397		1
6404		1
6405		1
6419		1
6424		1
6433		1
6434		1
6435		1
6442		1
6443		1
6444		2
6455		1
6457		1
6463		1
6470		1
6477		1
6488		1
6497		1
6498		1
6501		1
6502		2
6504		1
6508		1
6516		1
6524		1
6531		1
6536		1
6540		2
6552		1
6553		1
6554		1
6558		1
6562		1
6570		1
6574		1
6580		1
6584		2
6607		1
6608		1
6620		1
6621		2
6622		1
6625		1
6640		1
6662		1
6670		1
6680		1
6688		1
6705		2
6718		1
6730		1
6741		1
6742		1
6751		1
6778		1
6789		1
6812		1
6818		1
6828		1
6875		1
6898		1
6911		1
6916		1
6953		1
6973		1
6975		1
7000		1
7008		1
7009		1
7012		1
7029		1
7037		1
7070		1
7078		1
7093		1
7098		1
7099		1
7142		1
7193		1
7253		1
7256		1
7258		1
7315		1
7577		1
