Tamaños		Cantidades
1		7651202
2		1580579
3		934583
4		599919
5		417132
6		304920
7		234263
8		185161
9		150550
10		124700
11		105741
12		90623
13		78884
14		68638
15		60456
16		53982
17		48176
18		43926
19		39149
20		35842
21		32880
22		30150
23		28012
24		26009
25		24214
26		22118
27		20941
28		19696
29		18229
30		17044
31		15922
32		15260
33		14321
34		13554
35		12971
36		12392
37		11824
38		11140
39		10627
40		10062
41		9880
42		9400
43		8757
44		8388
45		8044
46		7823
47		7514
48		7109
49		7039
50		6645
51		6466
52		6283
53		6073
54		5890
55		5726
56		5446
57		5357
58		5141
59		4715
60		4724
61		4775
62		4491
63		4433
64		4339
65		4211
66		4154
67		3901
68		3817
69		3768
70		3629
71		3513
72		3535
73		3514
74		3221
75		3282
76		3176
77		2959
78		2882
79		2882
80		2899
81		2845
82		2730
83		2720
84		2660
85		2575
86		2429
87		2489
88		2358
89		2385
90		2229
91		2306
92		2192
93		2153
94		2216
95		2038
96		2083
97		2005
98		1958
99		1932
100		1863
101		1841
102		1833
103		1782
104		1822
105		1735
106		1763
107		1694
108		1706
109		1683
110		1644
111		1595
112		1579
113		1468
114		1475
115		1492
116		1411
117		1389
118		1424
119		1344
120		1380
121		1317
122		1279
123		1277
124		1273
125		1236
126		1183
127		1249
128		1297
129		1241
130		1218
131		1149
132		1176
133		1185
134		1071
135		1073
136		1105
137		1091
138		1077
139		1127
140		1048
141		1042
142		974
143		974
144		953
145		940
146		944
147		916
148		964
149		938
150		973
151		879
152		913
153		924
154		915
155		871
156		876
157		855
158		866
159		860
160		762
161		810
162		782
163		801
164		813
165		753
166		757
167		729
168		707
169		738
170		736
171		717
172		705
173		716
174		764
175		728
176		668
177		689
178		680
179		714
180		655
181		613
182		626
183		685
184		674
185		635
186		641
187		662
188		579
189		633
190		588
191		615
192		643
193		538
194		573
195		610
196		584
197		568
198		551
199		582
200		533
201		534
202		573
203		491
204		528
205		536
206		505
207		512
208		493
209		530
210		561
211		480
212		495
213		492
214		522
215		516
216		455
217		461
218		480
219		465
220		507
221		415
222		513
223		474
224		465
225		429
226		420
227		440
228		433
229		458
230		403
231		432
232		438
233		449
234		421
235		407
236		409
237		420
238		424
239		401
240		440
241		424
242		409
243		371
244		384
245		374
246		391
247		368
248		405
249		381
250		365
251		387
252		386
253		314
254		352
255		385
256		329
257		332
258		322
259		308
260		338
261		334
262		335
263		328
264		332
265		339
266		323
267		319
268		344
269		353
270		304
271		321
272		332
273		299
274		278
275		333
276		264
277		305
278		294
279		314
280		319
281		315
282		293
283		255
284		284
285		315
286		292
287		273
288		286
289		285
290		285
291		280
292		267
293		282
294		261
295		280
296		254
297		257
298		273
299		291
300		260
301		277
302		289
303		274
304		271
305		279
306		282
307		274
308		243
309		235
310		272
311		238
312		247
313		268
314		261
315		255
316		236
317		234
318		241
319		246
320		258
321		237
322		216
323		221
324		252
325		264
326		255
327		219
328		224
329		241
330		225
331		209
332		258
333		223
334		242
335		217
336		222
337		219
338		226
339		187
340		216
341		218
342		214
343		214
344		194
345		234
346		198
347		214
348		200
349		209
350		219
351		203
352		186
353		239
354		217
355		202
356		216
357		226
358		214
359		199
360		202
361		178
362		232
363		180
364		198
365		206
366		216
367		150
368		215
369		177
370		167
371		180
372		171
373		194
374		174
375		183
376		188
377		207
378		193
379		150
380		187
381		178
382		173
383		161
384		181
385		198
386		164
387		178
388		139
389		175
390		189
391		179
392		195
393		184
394		156
395		169
396		170
397		162
398		160
399		199
400		151
401		154
402		157
403		173
404		153
405		164
406		143
407		149
408		136
409		185
410		164
411		153
412		168
413		158
414		154
415		156
416		151
417		166
418		156
419		144
420		171
421		162
422		167
423		136
424		133
425		150
426		117
427		163
428		150
429		133
430		135
431		151
432		149
433		140
434		166
435		144
436		148
437		131
438		136
439		128
440		143
441		156
442		126
443		132
444		126
445		121
446		131
447		153
448		133
449		153
450		160
451		129
452		121
453		137
454		134
455		129
456		152
457		143
458		124
459		142
460		109
461		109
462		107
463		124
464		112
465		130
466		135
467		115
468		120
469		150
470		110
471		101
472		135
473		112
474		121
475		128
476		116
477		150
478		102
479		104
480		111
481		121
482		122
483		136
484		125
485		130
486		124
487		127
488		107
489		107
490		106
491		129
492		105
493		104
494		128
495		107
496		118
497		104
498		133
499		121
500		127
501		118
502		101
503		107
504		111
505		105
506		91
507		114
508		119
509		91
510		103
511		98
512		116
513		93
514		104
515		101
516		113
517		105
518		112
519		111
520		99
521		94
522		104
523		96
524		116
525		88
526		124
527		106
528		94
529		98
530		90
531		98
532		94
533		110
534		92
535		100
536		89
537		118
538		100
539		83
540		103
541		88
542		103
543		104
544		92
545		118
546		91
547		91
548		92
549		101
550		81
551		95
552		92
553		113
554		97
555		111
556		97
557		92
558		85
559		94
560		88
561		92
562		100
563		74
564		95
565		86
566		88
567		82
568		102
569		105
570		92
571		80
572		75
573		77
574		86
575		98
576		89
577		84
578		82
579		98
580		77
581		85
582		91
583		97
584		76
585		79
586		84
587		87
588		85
589		77
590		69
591		83
592		59
593		67
594		88
595		77
596		60
597		98
598		81
599		84
600		85
601		93
602		86
603		74
604		77
605		76
606		73
607		82
608		84
609		66
610		79
611		93
612		79
613		112
614		88
615		84
616		78
617		81
618		78
619		84
620		64
621		73
622		62
623		76
624		84
625		94
626		66
627		86
628		82
629		77
630		70
631		66
632		86
633		80
634		70
635		89
636		76
637		76
638		71
639		75
640		76
641		67
642		84
643		76
644		71
645		75
646		59
647		71
648		80
649		81
650		85
651		75
652		71
653		59
654		80
655		71
656		77
657		73
658		71
659		85
660		72
661		64
662		82
663		70
664		67
665		62
666		57
667		73
668		52
669		67
670		65
671		80
672		84
673		62
674		73
675		72
676		71
677		77
678		65
679		66
680		73
681		70
682		69
683		58
684		68
685		61
686		68
687		66
688		61
689		62
690		58
691		57
692		75
693		65
694		58
695		77
696		56
697		54
698		66
699		67
700		85
701		62
702		60
703		54
704		69
705		57
706		57
707		58
708		65
709		61
710		67
711		49
712		73
713		70
714		68
715		58
716		51
717		60
718		51
719		60
720		57
721		53
722		60
723		68
724		56
725		57
726		62
727		53
728		65
729		53
730		69
731		70
732		59
733		64
734		58
735		42
736		53
737		58
738		54
739		70
740		55
741		56
742		56
743		46
744		70
745		52
746		57
747		70
748		62
749		66
750		48
751		46
752		64
753		58
754		59
755		50
756		65
757		55
758		67
759		52
760		50
761		61
762		60
763		56
764		63
765		59
766		53
767		63
768		61
769		55
770		58
771		55
772		45
773		49
774		58
775		56
776		57
777		56
778		67
779		56
780		35
781		54
782		66
783		56
784		54
785		62
786		55
787		52
788		45
789		54
790		33
791		69
792		49
793		59
794		55
795		47
796		53
797		34
798		47
799		54
800		54
801		46
802		53
803		56
804		49
805		50
806		55
807		54
808		27
809		40
810		59
811		48
812		48
813		55
814		48
815		50
816		60
817		50
818		39
819		37
820		30
821		50
822		52
823		45
824		33
825		58
826		47
827		39
828		55
829		48
830		49
831		45
832		39
833		48
834		58
835		34
836		51
837		47
838		43
839		48
840		52
841		45
842		52
843		38
844		44
845		47
846		41
847		36
848		57
849		38
850		56
851		44
852		47
853		49
854		47
855		44
856		43
857		38
858		55
859		65
860		40
861		45
862		37
863		42
864		41
865		48
866		42
867		59
868		43
869		42
870		64
871		50
872		46
873		43
874		37
875		36
876		43
877		50
878		38
879		53
880		44
881		38
882		44
883		51
884		25
885		48
886		43
887		49
888		47
889		33
890		33
891		33
892		45
893		25
894		49
895		35
896		48
897		41
898		36
899		41
900		31
901		37
902		30
903		47
904		37
905		40
906		54
907		42
908		41
909		47
910		46
911		35
912		41
913		32
914		38
915		37
916		39
917		44
918		41
919		42
920		42
921		38
922		38
923		34
924		41
925		40
926		45
927		39
928		39
929		34
930		48
931		45
932		39
933		35
934		30
935		41
936		52
937		56
938		43
939		39
940		53
941		38
942		38
943		37
944		40
945		42
946		42
947		46
948		43
949		44
950		30
951		38
952		36
953		38
954		36
955		41
956		36
957		35
958		29
959		34
960		38
961		21
962		39
963		34
964		38
965		47
966		40
967		36
968		43
969		30
970		37
971		40
972		32
973		44
974		37
975		28
976		39
977		38
978		36
979		37
980		28
981		29
982		34
983		38
984		42
985		47
986		35
987		30
988		39
989		40
990		31
991		27
992		37
993		43
994		29
995		44
996		41
997		45
998		27
999		31
1000		37
1001		26
1002		47
1003		44
1004		29
1005		33
1006		27
1007		42
1008		40
1009		37
1010		38
1011		31
1012		33
1013		41
1014		48
1015		30
1016		41
1017		44
1018		27
1019		38
1020		24
1021		41
1022		26
1023		22
1024		32
1025		42
1026		53
1027		25
1028		38
1029		41
1030		40
1031		32
1032		43
1033		37
1034		37
1035		41
1036		28
1037		33
1038		31
1039		45
1040		40
1041		35
1042		30
1043		29
1044		34
1045		34
1046		30
1047		35
1048		30
1049		36
1050		29
1051		34
1052		29
1053		36
1054		43
1055		22
1056		35
1057		31
1058		40
1059		39
1060		27
1061		20
1062		25
1063		38
1064		34
1065		36
1066		31
1067		39
1068		39
1069		42
1070		36
1071		28
1072		35
1073		23
1074		29
1075		33
1076		18
1077		30
1078		24
1079		25
1080		27
1081		32
1082		39
1083		30
1084		27
1085		28
1086		32
1087		35
1088		30
1089		19
1090		39
1091		36
1092		38
1093		29
1094		32
1095		38
1096		29
1097		21
1098		41
1099		29
1100		31
1101		35
1102		27
1103		27
1104		28
1105		29
1106		34
1107		28
1108		32
1109		31
1110		35
1111		39
1112		42
1113		36
1114		30
1115		42
1116		21
1117		37
1118		30
1119		35
1120		36
1121		28
1122		26
1123		22
1124		20
1125		37
1126		30
1127		28
1128		26
1129		29
1130		27
1131		32
1132		20
1133		35
1134		19
1135		22
1136		24
1137		23
1138		32
1139		31
1140		25
1141		27
1142		28
1143		29
1144		22
1145		29
1146		21
1147		31
1148		28
1149		34
1150		36
1151		28
1152		31
1153		23
1154		32
1155		20
1156		27
1157		28
1158		29
1159		26
1160		29
1161		31
1162		20
1163		24
1164		34
1165		24
1166		26
1167		30
1168		33
1169		22
1170		28
1171		31
1172		25
1173		23
1174		27
1175		20
1176		34
1177		27
1178		23
1179		23
1180		29
1181		32
1182		26
1183		29
1184		22
1185		25
1186		37
1187		24
1188		25
1189		22
1190		31
1191		36
1192		24
1193		27
1194		21
1195		32
1196		28
1197		36
1198		30
1199		31
1200		30
1201		27
1202		29
1203		19
1204		27
1205		25
1206		25
1207		22
1208		31
1209		23
1210		27
1211		21
1212		28
1213		23
1214		14
1215		24
1216		23
1217		25
1218		25
1219		19
1220		21
1221		33
1222		25
1223		28
1224		27
1225		33
1226		28
1227		23
1228		25
1229		22
1230		28
1231		34
1232		21
1233		25
1234		23
1235		28
1236		23
1237		21
1238		32
1239		30
1240		30
1241		16
1242		24
1243		23
1244		16
1245		28
1246		23
1247		15
1248		17
1249		20
1250		25
1251		21
1252		29
1253		26
1254		33
1255		25
1256		25
1257		22
1258		33
1259		17
1260		29
1261		23
1262		25
1263		25
1264		17
1265		12
1266		27
1267		23
1268		22
1269		24
1270		20
1271		26
1272		24
1273		25
1274		26
1275		22
1276		23
1277		19
1278		30
1279		23
1280		20
1281		20
1282		19
1283		20
1284		25
1285		19
1286		24
1287		24
1288		22
1289		24
1290		17
1291		27
1292		28
1293		19
1294		18
1295		31
1296		17
1297		22
1298		14
1299		25
1300		18
1301		20
1302		16
1303		23
1304		20
1305		10
1306		16
1307		24
1308		20
1309		18
1310		23
1311		28
1312		22
1313		25
1314		33
1315		19
1316		25
1317		15
1318		18
1319		18
1320		17
1321		18
1322		16
1323		22
1324		16
1325		21
1326		16
1327		26
1328		20
1329		30
1330		15
1331		18
1332		24
1333		21
1334		25
1335		25
1336		24
1337		17
1338		19
1339		26
1340		19
1341		24
1342		21
1343		19
1344		12
1345		17
1346		25
1347		22
1348		17
1349		24
1350		25
1351		26
1352		17
1353		30
1354		12
1355		17
1356		21
1357		19
1358		28
1359		28
1360		28
1361		14
1362		16
1363		23
1364		20
1365		21
1366		26
1367		16
1368		12
1369		20
1370		23
1371		24
1372		24
1373		24
1374		27
1375		22
1376		26
1377		22
1378		24
1379		21
1380		23
1381		25
1382		25
1383		22
1384		25
1385		14
1386		25
1387		21
1388		18
1389		20
1390		14
1391		21
1392		19
1393		30
1394		17
1395		15
1396		23
1397		20
1398		19
1399		18
1400		19
1401		21
1402		30
1403		17
1404		29
1405		18
1406		18
1407		22
1408		22
1409		19
1410		18
1411		21
1412		20
1413		20
1414		21
1415		20
1416		22
1417		17
1418		12
1419		24
1420		18
1421		14
1422		23
1423		7
1424		28
1425		21
1426		20
1427		13
1428		17
1429		21
1430		23
1431		19
1432		18
1433		16
1434		20
1435		13
1436		26
1437		22
1438		13
1439		15
1440		18
1441		17
1442		20
1443		20
1444		24
1445		19
1446		28
1447		21
1448		20
1449		15
1450		10
1451		20
1452		28
1453		16
1454		12
1455		18
1456		22
1457		25
1458		13
1459		16
1460		20
1461		21
1462		17
1463		17
1464		16
1465		22
1466		17
1467		22
1468		20
1469		13
1470		15
1471		15
1472		16
1473		18
1474		20
1475		17
1476		14
1477		12
1478		16
1479		15
1480		18
1481		16
1482		26
1483		19
1484		20
1485		17
1486		18
1487		17
1488		16
1489		22
1490		12
1491		22
1492		17
1493		12
1494		19
1495		23
1496		21
1497		17
1498		19
1499		16
1500		18
1501		16
1502		21
1503		18
1504		25
1505		15
1506		19
1507		19
1508		16
1509		21
1510		22
1511		15
1512		18
1513		23
1514		16
1515		19
1516		20
1517		8
1518		20
1519		23
1520		25
1521		18
1522		17
1523		18
1524		24
1525		12
1526		15
1527		14
1528		17
1529		28
1530		13
1531		12
1532		20
1533		14
1534		21
1535		25
1536		14
1537		16
1538		18
1539		21
1540		19
1541		24
1542		10
1543		19
1544		26
1545		19
1546		19
1547		17
1548		15
1549		22
1550		15
1551		15
1552		20
1553		23
1554		13
1555		19
1556		19
1557		18
1558		12
1559		15
1560		17
1561		28
1562		16
1563		18
1564		12
1565		15
1566		17
1567		24
1568		12
1569		18
1570		17
1571		16
1572		17
1573		13
1574		13
1575		23
1576		19
1577		20
1578		13
1579		17
1580		21
1581		11
1582		20
1583		12
1584		14
1585		19
1586		18
1587		20
1588		18
1589		15
1590		15
1591		17
1592		18
1593		15
1594		9
1595		9
1596		18
1597		11
1598		17
1599		17
1600		15
1601		23
1602		13
1603		21
1604		14
1605		10
1606		20
1607		16
1608		18
1609		16
1610		19
1611		17
1612		23
1613		13
1614		12
1615		20
1616		13
1617		18
1618		15
1619		17
1620		11
1621		14
1622		15
1623		16
1624		17
1625		23
1626		16
1627		25
1628		19
1629		18
1630		14
1631		8
1632		16
1633		13
1634		17
1635		12
1636		20
1637		15
1638		19
1639		10
1640		15
1641		10
1642		15
1643		12
1644		23
1645		13
1646		17
1647		14
1648		17
1649		23
1650		20
1651		7
1652		16
1653		26
1654		22
1655		18
1656		16
1657		19
1658		12
1659		11
1660		21
1661		19
1662		20
1663		13
1664		15
1665		15
1666		16
1667		11
1668		14
1669		9
1670		18
1671		14
1672		22
1673		14
1674		16
1675		19
1676		17
1677		16
1678		19
1679		11
1680		11
1681		12
1682		20
1683		14
1684		18
1685		9
1686		12
1687		14
1688		15
1689		20
1690		14
1691		17
1692		11
1693		12
1694		11
1695		18
1696		13
1697		14
1698		20
1699		11
1700		12
1701		10
1702		14
1703		20
1704		11
1705		13
1706		13
1707		14
1708		11
1709		15
1710		20
1711		10
1712		12
1713		7
1714		16
1715		12
1716		16
1717		15
1718		13
1719		15
1720		14
1721		18
1722		17
1723		15
1724		14
1725		15
1726		21
1727		17
1728		12
1729		18
1730		7
1731		13
1732		15
1733		11
1734		19
1735		17
1736		13
1737		18
1738		14
1739		10
1740		20
1741		19
1742		13
1743		19
1744		11
1745		14
1746		18
1747		7
1748		17
1749		20
1750		11
1751		16
1752		19
1753		12
1754		11
1755		13
1756		14
1757		14
1758		6
1759		20
1760		18
1761		18
1762		15
1763		10
1764		12
1765		16
1766		15
1767		13
1768		14
1769		14
1770		19
1771		17
1772		13
1773		15
1774		11
1775		15
1776		13
1777		10
1778		23
1779		19
1780		15
1781		18
1782		15
1783		13
1784		14
1785		17
1786		16
1787		12
1788		13
1789		15
1790		17
1791		10
1792		8
1793		9
1794		17
1795		15
1796		17
1797		13
1798		16
1799		16
1800		16
1801		14
1802		12
1803		23
1804		9
1805		10
1806		10
1807		8
1808		12
1809		15
1810		10
1811		14
1812		17
1813		7
1814		13
1815		13
1816		12
1817		18
1818		19
1819		14
1820		17
1821		12
1822		15
1823		11
1824		11
1825		9
1826		15
1827		18
1828		16
1829		14
1830		15
1831		15
1832		12
1833		15
1834		13
1835		8
1836		5
1837		15
1838		16
1839		15
1840		13
1841		16
1842		23
1843		14
1844		13
1845		20
1846		16
1847		15
1848		13
1849		17
1850		9
1851		18
1852		17
1853		11
1854		10
1855		17
1856		10
1857		8
1858		14
1859		5
1860		17
1861		7
1862		17
1863		13
1864		12
1865		12
1866		18
1867		14
1868		16
1869		13
1870		12
1871		10
1872		14
1873		11
1874		14
1875		12
1876		15
1877		5
1878		12
1879		6
1880		15
1881		8
1882		13
1883		11
1884		13
1885		13
1886		8
1887		9
1888		19
1889		11
1890		13
1891		6
1892		10
1893		22
1894		15
1895		11
1896		10
1897		12
1898		19
1899		18
1900		15
1901		11
1902		14
1903		7
1904		14
1905		12
1906		15
1907		12
1908		11
1909		13
1910		15
1911		8
1912		14
1913		8
1914		14
1915		8
1916		12
1917		9
1918		10
1919		13
1920		15
1921		15
1922		10
1923		11
1924		11
1925		11
1926		12
1927		14
1928		11
1929		10
1930		13
1931		10
1932		12
1933		7
1934		14
1935		6
1936		10
1937		13
1938		11
1939		11
1940		13
1941		13
1942		15
1943		13
1944		11
1945		14
1946		6
1947		8
1948		8
1949		7
1950		13
1951		13
1952		10
1953		8
1954		12
1955		13
1956		17
1957		12
1958		18
1959		14
1960		6
1961		8
1962		9
1963		6
1964		11
1965		8
1966		19
1967		13
1968		13
1969		18
1970		18
1971		11
1972		15
1973		7
1974		14
1975		13
1976		18
1977		7
1978		6
1979		12
1980		6
1981		14
1982		16
1983		8
1984		16
1985		10
1986		8
1987		13
1988		17
1989		16
1990		9
1991		10
1992		12
1993		7
1994		21
1995		7
1996		12
1997		21
1998		10
1999		9
2000		9
2001		3
2002		11
2003		7
2004		14
2005		13
2006		17
2007		3
2008		10
2009		11
2010		11
2011		12
2012		16
2013		11
2014		18
2015		10
2016		16
2017		11
2018		12
2019		9
2020		18
2021		10
2022		16
2023		9
2024		14
2025		14
2026		11
2027		13
2028		15
2029		10
2030		14
2031		15
2032		12
2033		11
2034		15
2035		5
2036		8
2037		7
2038		12
2039		11
2040		15
2041		11
2042		11
2043		9
2044		11
2045		12
2046		12
2047		14
2048		4
2049		14
2050		12
2051		17
2052		10
2053		13
2054		14
2055		14
2056		16
2057		12
2058		15
2059		13
2060		7
2061		10
2062		14
2063		16
2064		11
2065		12
2066		11
2067		6
2068		11
2069		8
2070		12
2071		10
2072		19
2073		12
2074		17
2075		16
2076		13
2077		15
2078		12
2079		9
2080		11
2081		13
2082		11
2083		14
2084		8
2085		7
2086		7
2087		15
2088		11
2089		8
2090		11
2091		7
2092		6
2093		5
2094		10
2095		15
2096		13
2097		5
2098		10
2099		12
2100		9
2101		13
2102		7
2103		12
2104		11
2105		4
2106		12
2107		12
2108		12
2109		6
2110		14
2111		16
2112		10
2113		9
2114		6
2115		10
2116		8
2117		8
2118		11
2119		6
2120		9
2121		10
2122		14
2123		11
2124		11
2125		9
2126		14
2127		16
2128		10
2129		5
2130		16
2131		12
2132		10
2133		10
2134		9
2135		16
2136		8
2137		12
2138		10
2139		11
2140		12
2141		13
2142		10
2143		12
2144		11
2145		11
2146		6
2147		8
2148		10
2149		8
2150		6
2151		12
2152		9
2153		20
2154		11
2155		13
2156		5
2157		7
2158		9
2159		10
2160		9
2161		10
2162		6
2163		15
2164		11
2165		9
2166		10
2167		12
2168		9
2169		9
2170		9
2171		11
2172		18
2173		8
2174		11
2175		7
2176		11
2177		7
2178		14
2179		9
2180		18
2181		11
2182		15
2183		9
2184		8
2185		9
2186		7
2187		7
2188		4
2189		8
2190		6
2191		10
2192		13
2193		9
2194		9
2195		8
2196		10
2197		4
2198		10
2199		7
2200		7
2201		4
2202		5
2203		12
2204		13
2205		5
2206		9
2207		6
2208		12
2209		17
2210		8
2211		14
2212		6
2213		12
2214		10
2215		7
2216		6
2217		6
2218		15
2219		8
2220		10
2221		4
2222		12
2223		6
2224		15
2225		10
2226		4
2227		9
2228		11
2229		10
2230		13
2231		10
2232		10
2233		11
2234		11
2235		4
2236		14
2237		7
2238		10
2239		8
2240		9
2241		8
2242		14
2243		13
2244		12
2245		9
2246		13
2247		7
2248		5
2249		8
2250		5
2251		15
2252		12
2253		13
2254		9
2255		9
2256		11
2257		11
2258		8
2259		7
2260		11
2261		5
2262		10
2263		14
2264		13
2265		12
2266		1
2267		7
2268		9
2269		5
2270		9
2271		10
2272		10
2273		5
2274		9
2275		13
2276		18
2277		8
2278		10
2279		10
2280		9
2281		17
2282		10
2283		8
2284		12
2285		7
2286		6
2287		8
2288		10
2289		9
2290		11
2291		8
2292		9
2293		18
2294		5
2295		12
2296		7
2297		13
2298		12
2299		12
2300		10
2301		8
2302		11
2303		4
2304		8
2305		12
2306		13
2307		12
2308		10
2309		8
2310		13
2311		6
2312		7
2313		8
2314		12
2315		12
2316		11
2317		15
2318		9
2319		13
2320		13
2321		7
2322		9
2323		7
2324		12
2325		9
2326		15
2327		5
2328		8
2329		10
2330		14
2331		8
2332		12
2333		9
2334		12
2335		7
2336		14
2337		15
2338		10
2339		4
2340		6
2341		7
2342		9
2343		8
2344		8
2345		9
2346		12
2347		11
2348		11
2349		13
2350		9
2351		11
2352		11
2353		4
2354		3
2355		16
2356		8
2357		7
2358		12
2359		7
2360		12
2361		7
2362		11
2363		9
2364		8
2365		7
2366		9
2367		8
2368		10
2369		13
2370		10
2371		8
2372		6
2373		8
2374		10
2375		4
2376		9
2377		11
2378		10
2379		12
2380		12
2381		9
2382		8
2383		15
2384		10
2385		10
2386		6
2387		9
2388		4
2389		7
2390		6
2391		5
2392		10
2393		8
2394		11
2395		5
2396		8
2397		12
2398		1
2399		12
2400		12
2401		11
2402		10
2403		5
2404		4
2405		9
2406		7
2407		16
2408		7
2409		5
2410		2
2411		8
2412		13
2413		10
2414		4
2415		5
2416		5
2417		10
2418		11
2419		10
2420		6
2421		8
2422		7
2423		5
2424		13
2425		6
2426		14
2427		8
2428		10
2429		6
2430		13
2431		13
2432		7
2433		8
2434		10
2435		10
2436		9
2437		9
2438		11
2439		10
2440		8
2441		6
2442		10
2443		10
2444		3
2445		8
2446		12
2447		3
2448		7
2449		6
2450		7
2451		7
2452		12
2453		11
2454		6
2455		11
2456		10
2457		8
2458		3
2459		6
2460		4
2461		8
2462		6
2463		10
2464		8
2465		5
2466		10
2467		8
2468		10
2469		9
2470		7
2471		3
2472		7
2473		9
2474		6
2475		10
2476		6
2477		9
2478		5
2479		7
2480		11
2481		8
2482		10
2483		10
2484		6
2485		10
2486		7
2487		4
2488		12
2489		6
2490		10
2491		7
2492		6
2493		10
2494		8
2495		9
2496		5
2497		5
2498		7
2499		5
2500		13
2501		5
2502		9
2503		7
2504		14
2505		8
2506		7
2507		8
2508		7
2509		7
2510		9
2511		9
2512		13
2513		3
2514		6
2515		9
2516		7
2517		10
2518		10
2519		13
2520		4
2521		9
2522		4
2523		6
2524		11
2525		5
2526		7
2527		4
2528		8
2529		8
2530		16
2531		9
2532		10
2533		7
2534		7
2535		5
2536		12
2537		9
2538		9
2539		6
2540		5
2541		6
2542		9
2543		3
2544		5
2545		8
2546		8
2547		7
2548		11
2549		10
2550		6
2551		13
2552		10
2553		9
2554		9
2555		3
2556		7
2557		5
2558		5
2559		11
2560		10
2561		9
2562		12
2563		4
2564		8
2565		6
2566		7
2567		8
2568		7
2569		7
2570		6
2571		11
2572		6
2573		10
2574		6
2575		8
2576		10
2577		8
2578		8
2579		4
2580		2
2581		6
2582		10
2583		7
2584		5
2585		8
2586		11
2587		5
2588		14
2589		8
2590		4
2591		9
2592		9
2593		7
2594		8
2595		6
2596		10
2597		9
2598		9
2599		6
2600		13
2601		4
2602		6
2603		5
2604		4
2605		7
2606		5
2607		5
2608		4
2609		7
2610		8
2611		5
2612		3
2613		7
2614		13
2615		4
2616		8
2617		7
2618		3
2619		5
2620		9
2621		15
2622		7
2623		11
2624		7
2625		7
2626		6
2627		12
2628		8
2629		7
2630		5
2631		8
2632		5
2633		6
2634		5
2635		4
2636		3
2637		6
2638		6
2639		6
2640		9
2641		7
2642		2
2643		6
2644		7
2645		10
2646		8
2647		8
2648		8
2649		8
2650		7
2651		4
2652		2
2653		5
2654		15
2655		7
2656		3
2657		8
2658		5
2659		6
2660		9
2661		4
2662		14
2663		11
2664		3
2665		8
2666		5
2667		2
2668		4
2669		8
2670		7
2671		5
2672		9
2673		6
2674		11
2675		8
2676		8
2677		10
2678		7
2679		5
2680		3
2681		9
2682		6
2683		6
2684		7
2685		4
2686		6
2687		3
2688		7
2689		8
2690		10
2691		5
2692		4
2693		10
2694		9
2695		7
2696		10
2697		16
2698		4
2699		8
2700		3
2701		7
2702		5
2703		5
2704		5
2705		9
2706		7
2707		7
2708		6
2709		3
2710		6
2711		3
2712		9
2713		7
2714		4
2715		8
2716		4
2717		10
2718		7
2719		5
2720		11
2721		11
2722		5
2723		4
2724		13
2725		10
2726		6
2727		5
2728		6
2729		13
2730		4
2731		3
2732		6
2733		6
2734		3
2735		7
2736		4
2737		4
2738		7
2739		3
2740		8
2741		4
2742		3
2743		8
2744		7
2745		8
2746		3
2747		8
2748		5
2749		5
2750		5
2751		6
2752		5
2753		7
2754		10
2755		6
2756		4
2757		8
2758		4
2759		11
2760		3
2761		9
2762		3
2763		6
2764		6
2765		7
2766		9
2767		8
2768		10
2769		5
2770		8
2771		12
2772		9
2773		9
2774		6
2775		8
2776		4
2777		5
2778		2
2779		6
2780		5
2781		6
2782		10
2783		9
2784		6
2785		8
2786		9
2787		5
2788		8
2789		10
2790		5
2791		7
2792		8
2793		2
2794		7
2795		12
2796		7
2797		8
2798		2
2799		7
2800		5
2801		8
2802		7
2803		5
2804		8
2805		9
2806		5
2807		6
2808		3
2809		9
2810		8
2811		11
2812		8
2813		9
2814		9
2815		11
2816		8
2817		4
2818		11
2819		4
2820		7
2821		8
2822		4
2823		7
2824		10
2825		8
2826		7
2827		8
2828		6
2829		7
2830		2
2831		4
2832		5
2833		10
2834		11
2835		10
2836		3
2837		5
2838		1
2839		12
2840		5
2841		11
2842		3
2843		4
2844		4
2845		5
2846		5
2847		4
2848		6
2849		7
2850		2
2851		10
2852		8
2853		6
2854		8
2855		5
2856		4
2857		4
2858		5
2859		8
2860		9
2861		6
2862		7
2863		5
2864		9
2865		8
2866		10
2867		10
2868		2
2869		5
2870		6
2871		5
2872		6
2873		7
2874		6
2875		8
2876		3
2877		6
2878		3
2879		4
2880		4
2881		4
2882		9
2883		11
2884		7
2885		8
2886		8
2887		7
2888		3
2889		14
2890		6
2891		4
2892		5
2893		5
2894		5
2895		9
2896		7
2897		5
2898		7
2899		13
2900		5
2901		9
2902		8
2903		7
2904		6
2905		6
2906		10
2907		8
2908		6
2909		9
2910		7
2911		12
2912		8
2913		14
2914		5
2915		7
2916		6
2917		6
2918		6
2919		5
2920		4
2921		6
2922		2
2923		2
2924		8
2925		1
2926		7
2927		12
2928		7
2929		6
2930		7
2931		7
2932		5
2933		9
2934		5
2935		12
2936		8
2937		4
2938		5
2939		2
2940		10
2941		6
2942		5
2943		5
2944		11
2945		8
2946		6
2947		6
2948		10
2949		5
2950		3
2951		7
2952		2
2953		5
2954		7
2955		6
2956		12
2957		7
2958		4
2959		4
2960		2
2961		6
2962		8
2963		6
2964		6
2965		11
2966		5
2967		6
2968		7
2969		6
2970		12
2971		9
2972		6
2973		5
2974		6
2975		6
2976		5
2977		3
2978		5
2979		6
2980		12
2981		6
2982		8
2983		7
2984		4
2985		7
2986		6
2987		8
2988		3
2989		8
2990		7
2991		6
2992		4
2993		7
2994		12
2995		8
2996		8
2997		8
2998		2
2999		5
3000		6
3001		1
3002		7
3003		4
3004		6
3005		5
3006		6
3007		9
3008		6
3009		12
3010		6
3011		4
3012		6
3013		7
3014		5
3015		3
3016		6
3017		8
3018		9
3019		6
3020		4
3021		8
3022		4
3023		8
3024		6
3025		9
3026		4
3027		5
3028		6
3029		3
3030		7
3031		4
3032		11
3033		4
3034		3
3035		12
3036		3
3037		6
3038		8
3039		6
3040		9
3041		2
3042		7
3043		7
3044		6
3045		8
3046		8
3047		3
3048		6
3049		8
3050		6
3051		9
3052		6
3053		2
3054		11
3055		13
3056		8
3057		6
3058		6
3059		6
3060		6
3061		8
3062		3
3063		4
3064		8
3065		3
3066		4
3067		6
3068		8
3069		3
3070		3
3071		8
3072		8
3073		7
3074		4
3075		4
3076		4
3077		8
3078		5
3079		5
3080		4
3081		6
3082		5
3083		2
3084		3
3085		2
3086		4
3087		8
3088		8
3089		4
3090		7
3091		5
3092		4
3093		10
3094		4
3095		6
3096		3
3097		8
3098		7
3099		5
3100		3
3101		2
3102		3
3103		4
3104		5
3105		6
3106		2
3107		5
3108		4
3109		4
3111		11
3112		9
3113		6
3114		6
3115		3
3116		9
3117		6
3118		8
3119		7
3120		5
3121		4
3122		3
3123		4
3124		8
3125		7
3126		4
3127		9
3128		8
3129		4
3130		5
3131		4
3132		4
3133		11
3134		5
3135		2
3136		6
3137		1
3138		7
3139		8
3140		6
3141		5
3142		7
3143		8
3144		5
3145		5
3146		3
3147		4
3148		11
3149		4
3150		5
3151		3
3152		5
3153		4
3154		4
3155		7
3156		2
3157		5
3158		7
3159		8
3160		5
3161		7
3162		7
3163		8
3164		5
3165		4
3166		11
3167		9
3168		7
3169		5
3170		10
3171		2
3172		4
3173		8
3174		4
3175		4
3176		8
3177		4
3178		1
3179		7
3180		7
3181		10
3182		7
3183		5
3184		13
3185		3
3186		2
3187		6
3188		6
3189		5
3190		2
3191		1
3192		4
3193		5
3194		6
3195		6
3196		2
3197		3
3198		3
3199		4
3200		7
3201		5
3202		5
3203		6
3204		8
3205		5
3206		3
3207		5
3208		3
3209		6
3210		8
3211		7
3212		5
3213		6
3214		12
3215		6
3216		7
3217		8
3218		4
3219		4
3220		7
3221		5
3222		4
3223		4
3224		4
3225		10
3226		3
3227		8
3228		8
3229		3
3230		7
3231		5
3232		7
3233		5
3234		6
3235		8
3236		4
3237		13
3238		7
3239		6
3240		4
3241		2
3242		7
3243		6
3244		6
3245		3
3246		2
3247		5
3248		10
3249		2
3250		8
3251		7
3252		3
3253		2
3254		2
3255		4
3256		3
3257		7
3258		3
3259		8
3260		4
3261		6
3262		4
3263		5
3264		6
3265		5
3266		5
3267		6
3268		3
3269		4
3270		6
3271		3
3272		7
3273		3
3274		4
3275		8
3276		5
3277		8
3278		6
3279		3
3281		8
3282		3
3283		4
3284		8
3285		11
3286		4
3287		4
3288		5
3289		7
3290		5
3291		7
3292		7
3293		7
3294		1
3295		10
3296		6
3297		3
3298		4
3299		4
3300		5
3301		3
3302		4
3303		5
3304		6
3305		1
3306		8
3307		9
3308		2
3309		6
3310		4
3311		4
3312		6
3313		3
3314		2
3315		4
3316		3
3317		2
3318		7
3319		3
3320		4
3321		5
3322		7
3323		3
3324		5
3325		6
3326		5
3327		5
3328		4
3329		8
3330		3
3331		4
3332		8
3333		4
3334		9
3335		4
3336		1
3337		4
3338		9
3339		4
3340		6
3341		5
3342		6
3343		4
3344		3
3345		4
3346		10
3347		10
3348		5
3349		6
3350		1
3351		3
3352		3
3353		6
3354		5
3355		5
3356		6
3357		6
3358		4
3359		4
3360		3
3361		4
3362		4
3363		6
3364		4
3365		8
3366		2
3367		4
3368		5
3369		8
3370		1
3371		2
3372		4
3373		4
3374		7
3375		7
3376		6
3377		2
3378		4
3379		3
3380		3
3381		7
3382		5
3383		7
3384		3
3385		8
3386		6
3387		7
3388		5
3389		4
3390		3
3391		4
3392		3
3393		5
3394		9
3395		2
3396		4
3397		3
3398		8
3399		1
3400		5
3401		2
3402		3
3403		8
3404		5
3405		4
3406		3
3407		3
3408		6
3409		6
3410		3
3411		3
3412		3
3413		4
3414		3
3415		4
3416		4
3417		6
3418		4
3419		8
3420		4
3421		2
3422		6
3423		4
3424		10
3425		8
3426		6
3427		2
3428		3
3429		2
3430		6
3431		2
3432		1
3433		7
3434		5
3435		1
3436		4
3437		8
3438		5
3439		6
3440		2
3441		2
3442		3
3443		3
3444		2
3445		11
3446		5
3447		9
3448		4
3449		6
3450		7
3451		5
3452		4
3453		3
3454		4
3455		5
3456		4
3457		3
3458		2
3459		4
3460		9
3461		6
3462		5
3463		7
3464		8
3465		4
3466		8
3467		5
3468		4
3469		7
3470		4
3471		6
3472		5
3473		4
3474		3
3476		4
3477		4
3478		3
3479		6
3480		5
3481		6
3482		5
3483		7
3484		5
3485		1
3486		1
3487		8
3488		6
3489		9
3490		3
3491		1
3492		1
3493		6
3494		4
3495		2
3496		1
3497		1
3498		3
3499		1
3500		6
3501		2
3502		8
3503		3
3504		2
3505		3
3506		3
3507		3
3508		5
3509		3
3510		6
3511		7
3512		3
3513		4
3514		4
3515		6
3516		5
3517		4
3518		4
3519		6
3520		7
3521		9
3522		5
3523		6
3524		6
3525		3
3526		2
3527		3
3528		3
3529		7
3530		2
3531		6
3532		7
3533		8
3534		3
3535		4
3536		9
3537		2
3538		8
3539		2
3540		5
3541		8
3542		2
3543		1
3544		6
3545		12
3546		5
3547		2
3548		2
3549		3
3550		5
3551		1
3552		8
3553		5
3554		5
3555		6
3556		6
3557		5
3558		1
3559		1
3560		5
3561		7
3562		5
3563		6
3564		2
3565		8
3566		4
3567		1
3568		9
3569		3
3570		5
3571		4
3572		6
3573		5
3574		4
3575		3
3576		4
3577		5
3578		3
3579		5
3580		5
3581		4
3582		6
3583		5
3584		5
3585		6
3586		6
3587		3
3588		3
3589		1
3590		2
3591		2
3592		8
3593		4
3594		7
3595		1
3596		5
3597		7
3598		5
3599		7
3600		4
3601		4
3602		5
3603		8
3604		4
3605		5
3606		2
3607		4
3608		3
3609		6
3610		4
3611		1
3612		8
3613		6
3614		9
3615		8
3616		6
3617		4
3618		3
3619		3
3620		2
3621		7
3622		3
3623		7
3624		7
3625		9
3626		3
3627		3
3628		4
3629		7
3630		7
3631		9
3633		2
3634		2
3635		3
3636		2
3637		6
3638		5
3639		6
3640		6
3641		4
3642		4
3643		2
3644		5
3645		6
3646		2
3647		2
3648		4
3649		4
3650		6
3651		8
3652		4
3653		2
3655		4
3656		3
3657		3
3658		4
3659		4
3660		3
3661		4
3662		3
3663		3
3664		6
3665		4
3666		2
3667		4
3668		2
3669		5
3670		6
3671		2
3672		3
3673		4
3674		2
3675		9
3676		4
3677		3
3678		3
3679		4
3680		8
3681		2
3682		1
3683		4
3684		5
3685		5
3686		6
3687		7
3688		3
3689		3
3690		3
3691		6
3692		1
3693		5
3694		5
3695		6
3696		5
3697		6
3698		7
3699		2
3700		3
3701		1
3702		6
3703		5
3704		7
3705		4
3706		3
3707		3
3709		6
3710		9
3711		5
3712		4
3713		6
3714		3
3715		3
3716		2
3717		5
3718		4
3719		5
3722		5
3723		4
3724		6
3725		3
3726		3
3727		5
3728		3
3729		2
3730		1
3731		2
3732		3
3733		1
3734		6
3735		2
3736		3
3737		5
3738		3
3739		2
3740		6
3741		1
3742		4
3743		1
3744		8
3745		4
3746		5
3747		2
3748		5
3749		2
3750		5
3751		4
3752		4
3753		2
3754		2
3755		4
3756		3
3757		6
3758		6
3759		8
3760		2
3761		3
3762		4
3763		4
3764		3
3765		4
3766		5
3767		4
3768		9
3769		1
3770		7
3771		3
3772		5
3773		3
3774		5
3775		1
3776		3
3777		4
3778		4
3779		2
3780		4
3781		2
3782		1
3783		2
3784		3
3785		5
3786		3
3787		5
3788		3
3790		4
3791		2
3792		4
3793		2
3794		2
3795		3
3796		5
3797		4
3798		5
3799		3
3800		2
3801		2
3802		3
3803		5
3804		3
3805		3
3806		3
3807		1
3808		6
3809		6
3810		2
3811		3
3812		2
3813		4
3814		5
3815		8
3816		3
3817		3
3818		5
3819		2
3820		2
3821		3
3822		7
3823		3
3824		3
3825		2
3826		8
3827		7
3828		3
3829		7
3830		1
3831		5
3832		5
3833		5
3834		3
3835		4
3836		10
3837		3
3838		6
3839		6
3840		7
3841		2
3842		8
3843		3
3844		4
3845		6
3846		3
3847		2
3848		2
3849		1
3850		2
3851		3
3852		3
3853		4
3854		3
3855		3
3856		2
3857		2
3858		1
3859		5
3860		2
3861		2
3862		3
3863		2
3865		3
3866		2
3867		2
3868		2
3869		1
3870		4
3871		3
3872		3
3873		3
3874		8
3875		3
3876		4
3878		4
3879		5
3880		6
3881		2
3883		4
3884		3
3885		3
3886		3
3887		2
3888		3
3889		5
3890		3
3891		4
3892		1
3894		4
3895		5
3896		5
3897		6
3898		1
3899		4
3900		1
3901		1
3902		3
3903		4
3904		2
3905		7
3906		3
3907		5
3908		4
3909		3
3910		7
3911		4
3912		5
3913		5
3914		6
3915		5
3916		4
3917		4
3918		3
3919		3
3920		3
3921		2
3922		2
3923		5
3924		4
3925		5
3926		2
3927		3
3928		3
3929		4
3930		3
3931		5
3932		2
3933		1
3934		5
3935		5
3936		6
3937		6
3938		7
3939		4
3940		4
3941		1
3942		1
3943		3
3944		1
3945		6
3946		3
3947		7
3948		3
3949		1
3950		4
3951		3
3952		1
3953		1
3954		5
3955		4
3956		1
3957		1
3958		9
3959		4
3960		2
3961		2
3962		3
3963		1
3965		4
3966		4
3967		5
3968		5
3969		1
3970		1
3971		4
3972		5
3973		1
3974		2
3975		2
3976		4
3977		1
3978		2
3979		5
3980		6
3981		3
3982		2
3983		2
3984		5
3985		1
3986		3
3987		5
3988		4
3989		1
3990		1
3991		4
3992		4
3993		2
3994		3
3995		4
3996		1
3997		7
3998		2
3999		6
4000		3
4001		4
4002		2
4003		2
4005		2
4006		2
4007		3
4008		2
4009		2
4010		5
4011		4
4012		2
4013		3
4014		3
4015		4
4016		4
4017		2
4018		5
4019		2
4020		4
4021		2
4022		2
4023		1
4024		4
4025		5
4026		4
4027		6
4028		2
4029		3
4030		3
4031		3
4032		1
4033		1
4034		3
4035		4
4036		2
4037		5
4038		1
4039		5
4040		4
4041		2
4042		1
4043		2
4044		7
4045		6
4046		2
4047		1
4048		2
4049		4
4050		3
4051		3
4052		6
4053		5
4054		4
4055		4
4056		3
4057		3
4058		3
4059		3
4060		3
4061		4
4062		4
4063		1
4064		6
4065		1
4066		3
4067		2
4068		2
4069		1
4070		2
4071		4
4072		4
4073		8
4074		1
4075		2
4076		6
4077		2
4078		4
4080		3
4081		3
4082		3
4083		5
4084		2
4085		6
4086		1
4087		1
4088		7
4089		6
4090		2
4091		3
4092		6
4093		4
4094		2
4095		2
4096		1
4097		1
4098		3
4099		2
4100		1
4101		1
4102		2
4103		7
4104		2
4105		2
4106		3
4107		3
4108		2
4109		6
4111		4
4112		6
4113		3
4114		2
4115		4
4116		4
4117		1
4118		1
4119		1
4120		1
4121		4
4122		2
4123		4
4124		4
4125		6
4126		4
4127		4
4128		2
4129		3
4130		3
4131		3
4132		1
4133		3
4134		2
4135		4
4136		2
4137		4
4138		3
4139		3
4140		3
4141		7
4142		2
4143		4
4144		4
4145		2
4146		3
4147		3
4148		1
4149		3
4150		2
4151		1
4152		1
4153		1
4154		3
4155		5
4156		3
4157		5
4158		5
4159		2
4160		4
4161		3
4162		3
4164		1
4165		6
4166		3
4167		1
4168		3
4169		10
4170		3
4171		6
4172		6
4173		2
4174		1
4175		2
4176		1
4177		1
4178		2
4179		3
4181		4
4183		5
4184		5
4185		1
4186		4
4187		3
4188		1
4189		4
4190		3
4191		1
4192		2
4193		5
4194		3
4195		3
4196		2
4197		2
4198		1
4200		3
4201		3
4202		3
4203		7
4204		3
4205		5
4206		1
4207		4
4209		1
4210		1
4212		3
4213		1
4214		3
4215		2
4216		2
4217		3
4218		4
4219		2
4220		5
4221		2
4222		4
4223		3
4224		3
4225		2
4226		3
4227		6
4229		2
4230		1
4231		1
4232		2
4233		4
4234		5
4235		2
4236		4
4237		6
4238		1
4239		2
4240		2
4241		4
4242		2
4243		3
4244		3
4245		2
4246		2
4247		1
4248		1
4249		7
4250		1
4251		4
4253		4
4254		1
4255		6
4256		3
4257		1
4258		4
4259		5
4260		4
4261		1
4262		3
4263		3
4264		3
4265		1
4266		3
4267		3
4268		4
4269		5
4270		2
4271		6
4272		3
4273		3
4275		3
4276		4
4277		4
4278		4
4279		1
4280		3
4281		2
4282		3
4283		2
4284		4
4285		3
4286		2
4287		5
4288		2
4289		3
4290		5
4291		3
4292		1
4293		4
4294		1
4295		1
4296		6
4297		3
4298		4
4299		4
4300		3
4301		5
4302		3
4303		4
4304		2
4305		2
4306		2
4307		5
4308		1
4309		4
4310		2
4311		5
4312		1
4313		1
4314		3
4315		5
4316		2
4317		6
4318		5
4319		4
4320		6
4322		4
4324		3
4325		5
4327		3
4328		4
4329		1
4330		2
4331		5
4332		1
4333		3
4335		3
4336		3
4337		4
4338		1
4339		3
4340		5
4341		4
4342		1
4343		2
4344		3
4345		4
4346		5
4347		2
4348		3
4349		6
4350		4
4352		1
4353		2
4354		2
4355		2
4356		4
4357		2
4358		2
4359		1
4361		1
4362		2
4363		3
4364		2
4365		2
4366		2
4367		3
4368		4
4369		1
4370		4
4371		2
4372		3
4373		1
4374		2
4375		2
4376		2
4377		2
4378		3
4379		1
4380		1
4381		2
4382		3
4383		3
4384		1
4386		1
4387		2
4388		3
4389		3
4390		1
4391		3
4392		3
4393		2
4394		1
4395		4
4396		2
4397		1
4398		7
4399		2
4400		1
4401		7
4403		1
4404		1
4406		1
4407		4
4408		2
4409		2
4410		3
4411		3
4412		2
4413		2
4414		1
4416		3
4417		4
4418		3
4419		3
4420		2
4421		1
4422		2
4423		3
4424		2
4425		2
4426		3
4427		3
4428		2
4429		1
4430		4
4431		2
4432		2
4433		2
4434		2
4435		3
4436		3
4437		3
4438		4
4439		2
4440		1
4441		1
4442		2
4443		3
4444		2
4445		3
4446		3
4447		5
4448		3
4449		2
4450		3
4451		2
4452		4
4453		2
4454		2
4455		2
4456		4
4457		3
4458		2
4459		5
4461		1
4462		2
4463		3
4464		4
4465		1
4466		3
4467		4
4468		2
4469		2
4470		4
4471		4
4472		2
4473		2
4474		5
4475		3
4476		2
4477		4
4478		3
4480		3
4481		2
4484		3
4485		2
4486		4
4487		2
4488		1
4489		2
4490		5
4491		5
4492		7
4493		3
4494		3
4496		2
4497		4
4498		2
4499		3
4500		2
4501		3
4503		2
4505		4
4506		3
4507		6
4508		6
4509		3
4511		2
4512		3
4513		3
4514		3
4515		3
4516		3
4517		3
4518		5
4519		1
4520		1
4521		3
4522		3
4523		2
4524		1
4525		2
4526		2
4527		1
4528		1
4529		3
4530		1
4531		3
4532		3
4533		3
4534		5
4535		3
4536		1
4537		3
4539		1
4541		2
4542		3
4543		3
4544		1
4546		3
4548		4
4549		4
4550		1
4551		3
4552		5
4553		4
4554		2
4555		2
4556		1
4557		1
4558		2
4559		1
4560		1
4561		2
4562		2
4563		4
4565		5
4566		4
4567		2
4568		2
4569		6
4570		4
4571		1
4572		2
4574		2
4575		2
4576		2
4577		2
4578		2
4579		1
4580		1
4582		3
4584		2
4585		2
4586		3
4587		1
4588		3
4589		1
4591		1
4592		7
4593		1
4594		2
4595		2
4596		2
4597		3
4598		3
4599		2
4600		4
4601		4
4602		3
4603		2
4604		1
4605		2
4606		3
4607		3
4608		4
4609		6
4610		3
4614		4
4616		1
4617		4
4618		2
4620		1
4621		4
4622		1
4623		2
4624		1
4625		5
4626		3
4627		4
4628		1
4629		3
4630		3
4631		2
4633		2
4634		1
4635		3
4636		2
4637		3
4638		3
4639		3
4640		2
4641		2
4642		4
4643		3
4644		2
4645		4
4646		2
4647		1
4648		2
4649		2
4650		1
4651		5
4652		4
4653		4
4654		1
4655		3
4656		1
4657		2
4658		2
4659		3
4660		2
4661		1
4662		3
4663		2
4665		3
4666		2
4668		1
4669		3
4670		3
4671		2
4672		2
4673		2
4674		5
4675		1
4677		3
4678		2
4679		1
4680		5
4681		2
4682		3
4683		2
4684		2
4685		1
4686		1
4687		2
4688		2
4689		1
4690		2
4691		1
4692		3
4693		4
4694		2
4695		3
4696		2
4697		4
4698		2
4699		2
4700		1
4701		2
4702		3
4703		2
4704		4
4705		3
4706		5
4707		2
4708		2
4709		3
4710		4
4711		2
4712		1
4713		3
4715		2
4716		2
4717		2
4718		4
4719		1
4720		4
4721		1
4722		1
4723		1
4724		2
4726		1
4727		2
4728		2
4729		4
4730		2
4732		1
4734		2
4736		3
4737		3
4738		2
4739		6
4740		3
4741		2
4742		1
4744		3
4745		2
4747		2
4748		4
4749		3
4750		1
4751		5
4752		1
4754		1
4755		5
4756		2
4757		3
4758		4
4759		1
4760		2
4761		3
4762		2
4763		1
4764		1
4765		1
4766		3
4767		2
4768		1
4770		2
4771		2
4772		2
4773		5
4774		5
4775		1
4776		3
4777		2
4778		1
4780		2
4781		3
4782		2
4783		1
4784		1
4785		2
4786		1
4787		2
4788		2
4789		5
4790		2
4791		1
4792		3
4793		1
4794		2
4796		3
4797		2
4798		7
4799		2
4800		2
4801		3
4802		1
4803		1
4804		2
4805		4
4807		1
4808		1
4809		1
4810		2
4811		1
4813		1
4814		1
4815		2
4816		4
4817		1
4818		5
4819		2
4820		1
4821		3
4822		1
4823		3
4824		1
4825		1
4826		2
4827		1
4828		4
4829		1
4830		1
4831		4
4832		2
4834		1
4835		2
4836		4
4837		1
4838		2
4840		3
4841		1
4842		1
4844		5
4845		2
4846		1
4847		3
4849		1
4850		3
4851		2
4852		1
4855		4
4856		4
4857		1
4858		2
4859		1
4861		1
4862		4
4863		3
4864		3
4865		3
4866		4
4867		3
4868		3
4869		3
4870		4
4871		1
4873		1
4874		3
4875		1
4876		4
4877		2
4878		1
4880		3
4881		6
4882		3
4883		2
4884		2
4885		3
4886		1
4887		1
4889		1
4890		2
4891		1
4892		1
4893		3
4896		1
4897		3
4898		2
4899		2
4900		2
4901		1
4902		3
4903		6
4904		2
4905		3
4906		2
4910		1
4912		1
4913		2
4914		1
4915		3
4916		3
4917		1
4918		2
4919		1
4920		2
4921		1
4923		2
4924		2
4926		3
4928		2
4929		1
4930		2
4931		4
4932		1
4934		2
4935		2
4937		4
4938		2
4939		1
4940		2
4941		2
4942		1
4943		2
4944		4
4945		1
4950		2
4952		2
4953		5
4954		1
4955		1
4956		1
4957		1
4958		2
4960		1
4961		1
4964		4
4965		4
4966		2
4967		2
4968		1
4969		2
4970		1
4971		1
4973		2
4976		3
4977		1
4978		2
4979		3
4980		2
4981		2
4982		2
4983		1
4986		1
4988		1
4990		1
4993		1
4994		4
4995		1
4998		2
4999		3
5000		3
5001		1
5002		4
5003		2
5004		3
5005		2
5006		2
5007		1
5008		2
5010		2
5011		2
5012		2
5014		1
5015		2
5016		1
5017		1
5019		1
5020		3
5021		1
5022		3
5023		1
5024		3
5025		1
5026		1
5028		1
5029		3
5033		1
5034		1
5035		2
5038		2
5039		1
5040		2
5043		2
5044		1
5045		1
5046		3
5047		1
5049		2
5050		2
5051		1
5052		1
5053		1
5054		4
5056		1
5057		2
5059		3
5060		1
5061		1
5062		1
5063		2
5065		1
5066		2
5067		3
5069		1
5070		2
5071		2
5072		2
5073		1
5076		1
5077		1
5078		3
5079		2
5080		3
5081		2
5082		1
5084		3
5085		3
5086		1
5087		3
5088		1
5089		1
5090		1
5092		1
5094		1
5095		2
5096		3
5097		2
5098		2
5100		3
5101		1
5103		4
5105		1
5107		5
5108		2
5109		2
5110		2
5111		1
5113		1
5115		3
5116		3
5117		1
5119		2
5121		1
5123		1
5124		3
5126		1
5127		1
5128		2
5129		3
5131		1
5132		4
5133		2
5134		3
5135		2
5136		2
5137		1
5138		3
5139		5
5140		1
5141		1
5142		2
5143		2
5145		5
5146		2
5147		1
5150		1
5151		1
5153		3
5156		1
5157		1
5158		2
5159		1
5160		2
5161		1
5163		3
5164		2
5165		2
5166		1
5168		1
5169		1
5170		1
5172		1
5173		2
5176		1
5177		2
5178		4
5179		1
5180		1
5182		1
5183		2
5184		1
5185		1
5186		2
5187		1
5188		2
5190		1
5191		1
5192		2
5193		1
5194		1
5196		2
5197		1
5198		1
5204		1
5205		1
5206		1
5208		1
5210		1
5212		2
5213		2
5214		3
5215		2
5216		1
5217		2
5220		1
5222		4
5223		2
5224		2
5225		1
5226		3
5228		1
5231		1
5232		1
5233		3
5235		2
5236		2
5238		1
5242		2
5244		1
5245		2
5247		4
5250		1
5252		1
5255		1
5256		1
5257		2
5258		3
5260		2
5261		2
5263		1
5264		1
5265		1
5266		1
5268		1
5272		1
5273		1
5274		1
5275		2
5276		1
5277		2
5278		1
5282		2
5283		1
5285		3
5286		2
5287		1
5288		2
5290		1
5291		2
5294		3
5296		2
5297		2
5299		1
5300		1
5302		1
5303		1
5304		2
5305		1
5307		2
5308		1
5309		4
5310		2
5311		2
5314		1
5315		2
5316		1
5318		1
5321		1
5322		4
5324		2
5325		1
5326		1
5327		2
5329		1
5330		1
5332		2
5334		1
5335		1
5338		4
5342		1
5343		1
5345		1
5346		2
5347		1
5348		2
5349		1
5350		2
5352		2
5353		1
5354		1
5355		2
5359		1
5362		1
5363		2
5364		1
5365		2
5366		1
5368		2
5369		2
5370		1
5372		1
5373		2
5375		1
5376		2
5377		3
5378		1
5379		1
5380		3
5382		1
5383		1
5386		1
5390		1
5391		1
5397		1
5400		3
5402		1
5403		1
5405		1
5407		2
5408		3
5409		1
5411		2
5414		2
5415		1
5416		1
5417		1
5420		2
5421		2
5422		3
5423		1
5424		1
5426		1
5427		1
5428		2
5430		1
5431		2
5433		1
5434		3
5439		3
5440		2
5441		2
5443		1
5444		1
5445		1
5446		1
5448		1
5449		2
5450		1
5452		1
5453		1
5454		1
5457		1
5458		1
5459		1
5460		1
5463		1
5464		1
5466		1
5468		1
5470		1
5471		1
5472		2
5473		2
5474		1
5475		2
5476		1
5477		1
5479		1
5481		1
5489		2
5490		1
5493		2
5496		1
5497		1
5498		1
5505		2
5507		2
5508		1
5509		3
5510		1
5511		1
5513		2
5516		1
5518		1
5519		1
5520		2
5521		1
5525		1
5527		2
5530		1
5531		1
5532		1
5533		1
5535		1
5536		3
5538		1
5539		2
5540		1
5541		1
5542		2
5544		1
5545		1
5546		2
5547		1
5549		2
5550		1
5551		1
5552		1
5555		1
5556		1
5557		1
5558		2
5559		1
5560		2
5562		2
5563		2
5564		1
5565		1
5566		1
5567		1
5569		2
5570		1
5572		1
5573		1
5576		1
5580		1
5582		1
5583		1
5584		1
5586		1
5589		1
5590		2
5592		1
5593		1
5595		1
5596		1
5597		1
5599		1
5600		2
5603		2
5609		1
5611		3
5614		1
5617		2
5620		1
5622		1
5623		1
5624		1
5626		1
5628		1
5631		1
5632		1
5633		1
5634		2
5640		1
5642		2
5643		1
5644		1
5646		1
5647		1
5648		1
5653		1
5656		1
5658		1
5662		1
5663		1
5665		1
5668		1
5669		1
5670		2
5671		1
5672		1
5676		1
5678		3
5684		1
5686		1
5687		2
5693		1
5696		1
5697		2
5698		1
5699		1
5701		2
5706		2
5707		2
5709		2
5712		2
5713		1
5714		1
5719		1
5720		1
5727		2
5728		1
5729		1
5731		1
5732		1
5735		1
5736		2
5737		1
5739		1
5745		2
5748		1
5750		4
5751		1
5753		1
5754		1
5756		3
5766		1
5767		1
5768		2
5769		1
5770		1
5772		1
5774		1
5776		1
5777		1
5779		2
5784		1
5786		1
5788		1
5789		2
5792		1
5793		2
5794		3
5796		1
5797		1
5798		1
5799		2
5804		1
5805		2
5807		1
5809		1
5816		2
5820		1
5831		1
5832		1
5833		1
5837		1
5838		1
5839		1
5841		1
5842		1
5843		1
5844		1
5845		3
5849		3
5851		2
5852		1
5854		1
5855		1
5856		2
5857		1
5858		1
5862		1
5863		1
5864		1
5866		1
5869		1
5872		1
5873		1
5876		1
5877		1
5879		2
5881		2
5882		1
5886		1
5889		1
5904		1
5906		2
5908		2
5915		1
5916		1
5923		1
5927		1
5929		1
5931		1
5937		2
5950		1
5957		1
5959		1
5960		1
5964		2
5967		1
5971		2
5972		1
5974		1
5976		1
5986		1
5988		1
5990		1
5993		1
5995		1
6000		1
6001		2
6006		1
6009		1
6011		1
6016		1
6017		2
6029		1
6031		2
6034		1
6040		1
6042		1
6044		1
6045		1
6048		1
6050		1
6053		1
6055		1
6061		1
6062		1
6069		1
6076		2
6089		1
6093		2
6094		1
6097		1
6100		1
6106		1
6112		1
6131		1
6137		1
6145		1
6157		1
6159		1
6161		1
6170		1
6171		1
6178		1
6186		1
6189		1
6199		1
6206		1
6207		1
6210		1
6213		1
6214		1
6221		2
6222		1
6224		1
6229		1
6230		1
6231		1
6234		1
6237		1
6245		1
6246		1
6251		1
6264		1
6266		1
6271		1
6276		1
6285		1
6291		1
6294		1
6296		1
6302		1
6315		1
6319		1
6321		1
6330		1
6331		1
6333		1
6340		1
6350		1
6376		1
6385		1
6392		1
6401		1
6415		1
6428		1
6446		1
6471		1
6473		1
6489		1
6493		1
6495		2
6524		1
6565		1
6571		1
6572		1
6575		1
6581		1
6590		1
6592		1
6605		1
6613		1
6621		1
6661		1
6686		1
6732		1
6736		1
6846		1
6913		1
6960		1
7046		1
7258		1
