Tamaños		Cantidades
1		7957410
2		1669528
3		990971
4		638329
5		445592
6		326806
7		251207
8		200474
9		163414
10		135676
11		114820
12		98073
13		85009
14		74622
15		65919
16		59328
17		52945
18		48302
19		43383
20		39332
21		36435
22		33429
23		30905
24		28735
25		26811
26		24863
27		23097
28		21739
29		20453
30		19228
31		18172
32		17013
33		15792
34		15536
35		14416
36		13864
37		13103
38		12517
39		11990
40		11362
41		10931
42		10422
43		9984
44		9648
45		9370
46		8925
47		8585
48		8187
49		8054
50		7691
51		7346
52		7052
53		6819
54		6611
55		6413
56		6149
57		5980
58		5877
59		5757
60		5540
61		5415
62		5197
63		5057
64		4732
65		4709
66		4821
67		4448
68		4408
69		4404
70		4167
71		4079
72		3975
73		3785
74		3774
75		3661
76		3608
77		3496
78		3584
79		3456
80		3284
81		3242
82		3169
83		2977
84		3104
85		2952
86		2918
87		2888
88		2738
89		2793
90		2653
91		2645
92		2539
93		2507
94		2482
95		2401
96		2433
97		2362
98		2334
99		2270
100		2196
101		2210
102		2133
103		2046
104		2045
105		2021
106		2008
107		1898
108		1931
109		1891
110		1894
111		1843
112		1798
113		1719
114		1784
115		1692
116		1714
117		1641
118		1653
119		1599
120		1593
121		1547
122		1586
123		1553
124		1570
125		1523
126		1448
127		1444
128		1413
129		1351
130		1334
131		1314
132		1314
133		1368
134		1312
135		1341
136		1285
137		1276
138		1229
139		1235
140		1232
141		1261
142		1220
143		1217
144		1189
145		1155
146		1119
147		1106
148		1083
149		1112
150		1139
151		1064
152		1112
153		1061
154		1041
155		1072
156		994
157		999
158		968
159		952
160		1044
161		927
162		909
163		901
164		907
165		926
166		942
167		926
168		878
169		905
170		889
171		900
172		863
173		902
174		811
175		834
176		781
177		820
178		789
179		777
180		784
181		772
182		767
183		821
184		775
185		764
186		797
187		761
188		763
189		727
190		714
191		718
192		716
193		663
194		698
195		701
196		640
197		701
198		688
199		669
200		682
201		619
202		580
203		620
204		640
205		609
206		657
207		658
208		637
209		577
210		642
211		596
212		597
213		587
214		561
215		606
216		506
217		552
218		570
219		555
220		589
221		564
222		549
223		567
224		537
225		564
226		531
227		506
228		517
229		522
230		507
231		525
232		546
233		492
234		524
235		483
236		516
237		498
238		470
239		453
240		478
241		467
242		480
243		442
244		501
245		457
246		450
247		473
248		487
249		444
250		474
251		412
252		452
253		443
254		437
255		451
256		461
257		465
258		428
259		428
260		421
261		426
262		414
263		408
264		460
265		418
266		399
267		375
268		404
269		414
270		365
271		400
272		409
273		397
274		363
275		394
276		368
277		360
278		394
279		339
280		369
281		346
282		357
283		325
284		343
285		380
286		359
287		369
288		370
289		388
290		368
291		343
292		347
293		334
294		316
295		329
296		335
297		338
298		311
299		317
300		364
301		350
302		326
303		329
304		304
305		290
306		313
307		309
308		318
309		301
310		294
311		311
312		284
313		315
314		308
315		300
316		275
317		297
318		317
319		274
320		288
321		282
322		259
323		299
324		272
325		260
326		309
327		287
328		257
329		268
330		288
331		292
332		257
333		268
334		287
335		252
336		277
337		260
338		284
339		251
340		258
341		271
342		281
343		242
344		261
345		251
346		257
347		247
348		260
349		260
350		257
351		235
352		267
353		253
354		241
355		262
356		244
357		251
358		268
359		250
360		258
361		238
362		241
363		205
364		233
365		214
366		252
367		237
368		226
369		226
370		194
371		263
372		240
373		235
374		229
375		218
376		233
377		233
378		209
379		232
380		224
381		215
382		207
383		213
384		225
385		234
386		214
387		209
388		228
389		233
390		238
391		229
392		189
393		206
394		196
395		180
396		234
397		188
398		210
399		181
400		197
401		214
402		220
403		195
404		196
405		210
406		194
407		191
408		211
409		195
410		224
411		193
412		206
413		190
414		191
415		167
416		197
417		174
418		181
419		181
420		171
421		188
422		175
423		192
424		187
425		198
426		205
427		178
428		180
429		189
430		187
431		192
432		170
433		166
434		163
435		179
436		163
437		196
438		159
439		150
440		161
441		170
442		169
443		168
444		155
445		151
446		154
447		158
448		145
449		159
450		170
451		159
452		175
453		145
454		166
455		170
456		145
457		188
458		164
459		184
460		154
461		152
462		171
463		156
464		157
465		137
466		157
467		160
468		159
469		158
470		141
471		142
472		167
473		173
474		167
475		166
476		176
477		146
478		158
479		155
480		143
481		164
482		143
483		129
484		157
485		142
486		150
487		153
488		129
489		137
490		157
491		135
492		121
493		143
494		134
495		148
496		139
497		135
498		142
499		122
500		126
501		135
502		152
503		136
504		138
505		126
506		125
507		120
508		120
509		142
510		132
511		118
512		125
513		122
514		127
515		122
516		127
517		139
518		142
519		136
520		134
521		129
522		142
523		112
524		136
525		149
526		125
527		124
528		141
529		110
530		128
531		125
532		120
533		106
534		139
535		133
536		119
537		117
538		120
539		122
540		144
541		113
542		130
543		131
544		113
545		108
546		131
547		114
548		123
549		120
550		127
551		125
552		112
553		131
554		106
555		111
556		106
557		120
558		98
559		108
560		126
561		126
562		109
563		112
564		121
565		118
566		109
567		111
568		107
569		115
570		108
571		112
572		123
573		92
574		89
575		107
576		104
577		107
578		144
579		106
580		108
581		104
582		85
583		129
584		110
585		115
586		94
587		90
588		116
589		122
590		106
591		104
592		102
593		101
594		117
595		108
596		98
597		108
598		108
599		110
600		87
601		98
602		101
603		103
604		89
605		80
606		87
607		97
608		105
609		88
610		106
611		101
612		87
613		101
614		97
615		111
616		86
617		85
618		105
619		110
620		77
621		85
622		90
623		90
624		89
625		94
626		94
627		81
628		99
629		87
630		91
631		100
632		84
633		84
634		104
635		92
636		100
637		99
638		96
639		94
640		75
641		91
642		90
643		99
644		93
645		105
646		89
647		89
648		96
649		105
650		98
651		90
652		94
653		94
654		99
655		87
656		88
657		79
658		91
659		107
660		94
661		77
662		90
663		83
664		86
665		73
666		83
667		96
668		92
669		94
670		97
671		88
672		87
673		98
674		79
675		84
676		85
677		80
678		82
679		80
680		72
681		74
682		87
683		78
684		78
685		83
686		74
687		84
688		87
689		86
690		66
691		90
692		71
693		69
694		92
695		82
696		65
697		73
698		75
699		74
700		89
701		79
702		86
703		81
704		79
705		90
706		78
707		75
708		96
709		82
710		79
711		74
712		73
713		63
714		60
715		80
716		76
717		77
718		73
719		70
720		69
721		86
722		63
723		60
724		91
725		86
726		70
727		70
728		102
729		80
730		80
731		66
732		91
733		88
734		66
735		79
736		62
737		71
738		58
739		66
740		61
741		81
742		69
743		73
744		64
745		77
746		76
747		50
748		61
749		68
750		61
751		69
752		77
753		63
754		82
755		61
756		75
757		68
758		51
759		76
760		60
761		72
762		78
763		79
764		69
765		65
766		57
767		71
768		67
769		78
770		51
771		72
772		70
773		60
774		70
775		67
776		69
777		79
778		80
779		68
780		62
781		90
782		75
783		51
784		50
785		68
786		77
787		61
788		78
789		62
790		56
791		79
792		55
793		58
794		57
795		52
796		74
797		63
798		57
799		78
800		66
801		61
802		65
803		63
804		59
805		62
806		52
807		56
808		63
809		39
810		62
811		54
812		56
813		68
814		73
815		55
816		64
817		60
818		60
819		72
820		58
821		53
822		77
823		67
824		66
825		62
826		42
827		66
828		57
829		66
830		65
831		56
832		50
833		56
834		55
835		61
836		79
837		54
838		63
839		54
840		42
841		50
842		57
843		62
844		61
845		66
846		51
847		73
848		57
849		70
850		59
851		62
852		57
853		45
854		62
855		57
856		64
857		65
858		57
859		54
860		51
861		67
862		54
863		49
864		47
865		54
866		56
867		59
868		44
869		53
870		48
871		57
872		54
873		52
874		47
875		51
876		63
877		54
878		51
879		45
880		41
881		59
882		58
883		53
884		44
885		47
886		43
887		52
888		61
889		55
890		45
891		56
892		45
893		45
894		40
895		57
896		71
897		39
898		40
899		62
900		48
901		46
902		56
903		49
904		54
905		57
906		46
907		52
908		42
909		47
910		45
911		42
912		55
913		44
914		47
915		55
916		50
917		47
918		58
919		49
920		57
921		35
922		38
923		41
924		40
925		50
926		48
927		46
928		42
929		71
930		44
931		45
932		48
933		42
934		61
935		47
936		56
937		55
938		48
939		51
940		45
941		52
942		45
943		47
944		48
945		46
946		44
947		46
948		39
949		54
950		49
951		42
952		60
953		57
954		50
955		45
956		54
957		49
958		51
959		43
960		52
961		45
962		53
963		48
964		40
965		59
966		57
967		50
968		39
969		45
970		36
971		45
972		48
973		50
974		32
975		58
976		53
977		41
978		52
979		54
980		43
981		51
982		46
983		39
984		40
985		38
986		37
987		45
988		50
989		39
990		41
991		57
992		45
993		50
994		49
995		35
996		40
997		45
998		44
999		42
1000		36
1001		34
1002		43
1003		26
1004		45
1005		44
1006		51
1007		45
1008		48
1009		28
1010		43
1011		39
1012		32
1013		35
1014		43
1015		44
1016		39
1017		31
1018		40
1019		35
1020		41
1021		48
1022		50
1023		39
1024		41
1025		39
1026		46
1027		35
1028		39
1029		43
1030		40
1031		38
1032		41
1033		35
1034		37
1035		45
1036		41
1037		38
1038		40
1039		31
1040		49
1041		35
1042		41
1043		34
1044		52
1045		43
1046		49
1047		49
1048		41
1049		34
1050		37
1051		50
1052		36
1053		41
1054		36
1055		46
1056		44
1057		37
1058		42
1059		40
1060		34
1061		44
1062		38
1063		39
1064		36
1065		41
1066		43
1067		50
1068		35
1069		51
1070		25
1071		40
1072		36
1073		34
1074		34
1075		30
1076		40
1077		29
1078		44
1079		41
1080		36
1081		40
1082		37
1083		35
1084		29
1085		31
1086		38
1087		43
1088		44
1089		40
1090		44
1091		34
1092		42
1093		39
1094		28
1095		28
1096		35
1097		45
1098		42
1099		38
1100		37
1101		45
1102		45
1103		36
1104		26
1105		30
1106		36
1107		41
1108		35
1109		33
1110		43
1111		35
1112		41
1113		38
1114		35
1115		43
1116		44
1117		34
1118		42
1119		38
1120		37
1121		47
1122		34
1123		30
1124		37
1125		40
1126		54
1127		35
1128		30
1129		35
1130		30
1131		36
1132		37
1133		37
1134		20
1135		34
1136		29
1137		28
1138		41
1139		37
1140		34
1141		24
1142		40
1143		22
1144		32
1145		37
1146		36
1147		35
1148		28
1149		35
1150		36
1151		21
1152		33
1153		35
1154		36
1155		44
1156		34
1157		32
1158		31
1159		29
1160		30
1161		32
1162		29
1163		36
1164		44
1165		34
1166		27
1167		35
1168		31
1169		37
1170		26
1171		36
1172		34
1173		41
1174		39
1175		29
1176		28
1177		36
1178		32
1179		32
1180		25
1181		32
1182		23
1183		34
1184		33
1185		19
1186		23
1187		32
1188		22
1189		29
1190		36
1191		25
1192		42
1193		35
1194		31
1195		41
1196		31
1197		42
1198		39
1199		23
1200		33
1201		30
1202		31
1203		37
1204		21
1205		29
1206		39
1207		35
1208		33
1209		27
1210		36
1211		23
1212		26
1213		34
1214		41
1215		26
1216		18
1217		40
1218		34
1219		27
1220		30
1221		35
1222		30
1223		31
1224		28
1225		33
1226		31
1227		32
1228		27
1229		24
1230		28
1231		35
1232		22
1233		30
1234		34
1235		36
1236		30
1237		32
1238		34
1239		33
1240		27
1241		32
1242		38
1243		37
1244		29
1245		31
1246		28
1247		25
1248		27
1249		32
1250		29
1251		30
1252		19
1253		31
1254		26
1255		29
1256		27
1257		39
1258		28
1259		32
1260		35
1261		27
1262		33
1263		23
1264		30
1265		33
1266		37
1267		29
1268		24
1269		26
1270		30
1271		37
1272		26
1273		30
1274		28
1275		31
1276		28
1277		25
1278		35
1279		27
1280		22
1281		24
1282		20
1283		22
1284		26
1285		23
1286		30
1287		31
1288		20
1289		30
1290		24
1291		30
1292		33
1293		23
1294		26
1295		24
1296		29
1297		27
1298		24
1299		25
1300		23
1301		25
1302		29
1303		34
1304		30
1305		29
1306		32
1307		35
1308		26
1309		28
1310		21
1311		29
1312		23
1313		42
1314		25
1315		33
1316		28
1317		34
1318		25
1319		25
1320		29
1321		33
1322		28
1323		34
1324		22
1325		33
1326		23
1327		26
1328		26
1329		23
1330		31
1331		19
1332		31
1333		30
1334		31
1335		23
1336		18
1337		23
1338		23
1339		27
1340		25
1341		24
1342		27
1343		28
1344		35
1345		29
1346		24
1347		31
1348		27
1349		18
1350		27
1351		21
1352		25
1353		21
1354		29
1355		26
1356		26
1357		25
1358		30
1359		18
1360		27
1361		20
1362		28
1363		18
1364		29
1365		14
1366		31
1367		17
1368		18
1369		27
1370		27
1371		18
1372		24
1373		34
1374		16
1375		21
1376		24
1377		16
1378		23
1379		21
1380		28
1381		29
1382		36
1383		24
1384		18
1385		33
1386		28
1387		24
1388		22
1389		30
1390		26
1391		25
1392		23
1393		34
1394		22
1395		22
1396		27
1397		37
1398		25
1399		20
1400		10
1401		21
1402		28
1403		22
1404		28
1405		37
1406		24
1407		27
1408		22
1409		22
1410		25
1411		35
1412		23
1413		20
1414		18
1415		19
1416		28
1417		20
1418		27
1419		23
1420		22
1421		14
1422		19
1423		28
1424		23
1425		27
1426		19
1427		27
1428		19
1429		26
1430		23
1431		26
1432		19
1433		22
1434		15
1435		21
1436		21
1437		20
1438		22
1439		22
1440		20
1441		25
1442		32
1443		29
1444		17
1445		11
1446		26
1447		29
1448		20
1449		25
1450		23
1451		19
1452		24
1453		25
1454		27
1455		24
1456		12
1457		22
1458		20
1459		17
1460		24
1461		26
1462		19
1463		20
1464		28
1465		22
1466		26
1467		24
1468		25
1469		19
1470		23
1471		24
1472		22
1473		16
1474		25
1475		25
1476		20
1477		14
1478		23
1479		18
1480		28
1481		19
1482		22
1483		16
1484		19
1485		26
1486		20
1487		22
1488		24
1489		27
1490		23
1491		23
1492		31
1493		18
1494		26
1495		24
1496		19
1497		21
1498		23
1499		17
1500		25
1501		22
1502		14
1503		12
1504		19
1505		20
1506		32
1507		24
1508		22
1509		22
1510		26
1511		22
1512		20
1513		26
1514		31
1515		25
1516		21
1517		27
1518		21
1519		26
1520		23
1521		27
1522		13
1523		26
1524		14
1525		16
1526		21
1527		14
1528		25
1529		17
1530		18
1531		23
1532		9
1533		27
1534		14
1535		26
1536		25
1537		23
1538		29
1539		19
1540		30
1541		22
1542		22
1543		16
1544		22
1545		19
1546		29
1547		19
1548		15
1549		19
1550		12
1551		21
1552		24
1553		31
1554		13
1555		18
1556		25
1557		19
1558		14
1559		24
1560		13
1561		14
1562		21
1563		16
1564		25
1565		16
1566		18
1567		18
1568		21
1569		15
1570		17
1571		21
1572		18
1573		20
1574		26
1575		20
1576		21
1577		27
1578		17
1579		25
1580		26
1581		14
1582		23
1583		22
1584		27
1585		13
1586		20
1587		23
1588		16
1589		20
1590		24
1591		21
1592		26
1593		16
1594		13
1595		16
1596		17
1597		24
1598		19
1599		19
1600		13
1601		22
1602		20
1603		21
1604		15
1605		15
1606		18
1607		18
1608		21
1609		11
1610		22
1611		22
1612		16
1613		20
1614		19
1615		14
1616		15
1617		22
1618		10
1619		13
1620		27
1621		20
1622		13
1623		10
1624		15
1625		18
1626		21
1627		20
1628		26
1629		23
1630		17
1631		26
1632		18
1633		15
1634		19
1635		15
1636		17
1637		19
1638		27
1639		20
1640		19
1641		11
1642		18
1643		11
1644		12
1645		17
1646		27
1647		17
1648		19
1649		19
1650		16
1651		15
1652		21
1653		16
1654		15
1655		16
1656		16
1657		17
1658		12
1659		17
1660		18
1661		19
1662		15
1663		8
1664		14
1665		13
1666		22
1667		16
1668		18
1669		16
1670		24
1671		17
1672		11
1673		14
1674		17
1675		24
1676		16
1677		13
1678		25
1679		16
1680		14
1681		24
1682		15
1683		16
1684		16
1685		17
1686		25
1687		17
1688		20
1689		19
1690		22
1691		21
1692		17
1693		21
1694		14
1695		22
1696		18
1697		14
1698		15
1699		18
1700		19
1701		21
1702		12
1703		26
1704		17
1705		7
1706		12
1707		12
1708		13
1709		13
1710		14
1711		17
1712		19
1713		28
1714		15
1715		12
1716		30
1717		18
1718		13
1719		13
1720		15
1721		15
1722		24
1723		21
1724		12
1725		18
1726		11
1727		23
1728		14
1729		15
1730		20
1731		9
1732		15
1733		21
1734		18
1735		13
1736		19
1737		21
1738		14
1739		10
1740		14
1741		13
1742		17
1743		18
1744		15
1745		19
1746		15
1747		10
1748		11
1749		20
1750		18
1751		20
1752		19
1753		19
1754		24
1755		15
1756		10
1757		21
1758		20
1759		13
1760		21
1761		16
1762		16
1763		14
1764		16
1765		20
1766		13
1767		19
1768		17
1769		14
1770		15
1771		11
1772		15
1773		15
1774		15
1775		17
1776		16
1777		17
1778		15
1779		11
1780		16
1781		19
1782		17
1783		10
1784		24
1785		16
1786		11
1787		14
1788		10
1789		23
1790		17
1791		18
1792		19
1793		20
1794		10
1795		18
1796		20
1797		17
1798		20
1799		23
1800		13
1801		17
1802		11
1803		16
1804		17
1805		24
1806		12
1807		18
1808		17
1809		17
1810		13
1811		8
1812		16
1813		17
1814		19
1815		12
1816		15
1817		7
1818		17
1819		20
1820		14
1821		18
1822		16
1823		7
1824		17
1825		14
1826		10
1827		15
1828		17
1829		16
1830		14
1831		19
1832		15
1833		11
1834		16
1835		17
1836		13
1837		16
1838		16
1839		20
1840		13
1841		11
1842		17
1843		22
1844		20
1845		11
1846		20
1847		12
1848		15
1849		18
1850		12
1851		16
1852		8
1853		14
1854		19
1855		10
1856		26
1857		7
1858		12
1859		21
1860		12
1861		16
1862		17
1863		17
1864		15
1865		12
1866		15
1867		11
1868		16
1869		14
1870		16
1871		16
1872		19
1873		14
1874		14
1875		15
1876		13
1877		11
1878		8
1879		17
1880		14
1881		14
1882		16
1883		12
1884		19
1885		14
1886		13
1887		11
1888		9
1889		13
1890		9
1891		20
1892		13
1893		14
1894		17
1895		13
1896		23
1897		7
1898		13
1899		21
1900		17
1901		14
1902		11
1903		12
1904		13
1905		13
1906		19
1907		18
1908		19
1909		16
1910		13
1911		21
1912		9
1913		15
1914		12
1915		12
1916		19
1917		9
1918		20
1919		7
1920		11
1921		8
1922		14
1923		20
1924		16
1925		16
1926		17
1927		11
1928		9
1929		10
1930		12
1931		20
1932		15
1933		9
1934		15
1935		15
1936		13
1937		13
1938		14
1939		24
1940		10
1941		17
1942		15
1943		23
1944		15
1945		18
1946		23
1947		15
1948		16
1949		15
1950		14
1951		10
1952		15
1953		15
1954		17
1955		14
1956		13
1957		20
1958		21
1959		13
1960		11
1961		9
1962		12
1963		13
1964		14
1965		8
1966		17
1967		18
1968		15
1969		18
1970		11
1971		7
1972		14
1973		13
1974		15
1975		16
1976		13
1977		11
1978		19
1979		12
1980		14
1981		14
1982		7
1983		13
1984		13
1985		6
1986		9
1987		13
1988		14
1989		11
1990		18
1991		14
1992		15
1993		10
1994		13
1995		12
1996		14
1997		10
1998		20
1999		7
2000		15
2001		10
2002		14
2003		11
2004		22
2005		12
2006		15
2007		21
2008		11
2009		12
2010		13
2011		17
2012		9
2013		13
2014		10
2015		11
2016		13
2017		13
2018		14
2019		10
2020		15
2021		11
2022		10
2023		12
2024		14
2025		13
2026		14
2027		11
2028		17
2029		13
2030		14
2031		11
2032		12
2033		11
2034		18
2035		14
2036		16
2037		14
2038		9
2039		17
2040		18
2041		15
2042		13
2043		16
2044		9
2045		10
2046		15
2047		16
2048		10
2049		11
2050		13
2051		16
2052		13
2053		12
2054		14
2055		9
2056		13
2057		15
2058		14
2059		16
2060		10
2061		12
2062		17
2063		13
2064		14
2065		14
2066		7
2067		7
2068		8
2069		13
2070		16
2071		9
2072		16
2073		17
2074		14
2075		9
2076		13
2077		17
2078		10
2079		16
2080		10
2081		6
2082		11
2083		6
2084		13
2085		22
2086		9
2087		7
2088		11
2089		8
2090		15
2091		9
2092		9
2093		13
2094		9
2095		10
2096		11
2097		21
2098		9
2099		16
2100		20
2101		10
2102		7
2103		9
2104		9
2105		9
2106		13
2107		14
2108		13
2109		13
2110		9
2111		8
2112		13
2113		21
2114		13
2115		13
2116		12
2117		10
2118		11
2119		8
2120		15
2121		12
2122		19
2123		9
2124		13
2125		7
2126		12
2127		9
2128		10
2129		15
2130		11
2131		9
2132		23
2133		11
2134		9
2135		5
2136		10
2137		11
2138		15
2139		11
2140		9
2141		11
2142		8
2143		11
2144		11
2145		6
2146		8
2147		7
2148		26
2149		12
2150		10
2151		9
2152		16
2153		12
2154		15
2155		12
2156		9
2157		12
2158		11
2159		11
2160		11
2161		14
2162		11
2163		10
2164		13
2165		14
2166		7
2167		7
2168		9
2169		13
2170		13
2171		9
2172		14
2173		8
2174		10
2175		14
2176		11
2177		11
2178		18
2179		5
2180		17
2181		12
2182		15
2183		17
2184		14
2185		10
2186		12
2187		6
2188		13
2189		11
2190		11
2191		12
2192		10
2193		19
2194		7
2195		13
2196		7
2197		6
2198		7
2199		12
2200		4
2201		9
2202		12
2203		10
2204		14
2205		13
2206		7
2207		6
2208		14
2209		8
2210		17
2211		8
2212		8
2213		15
2214		11
2215		15
2216		14
2217		11
2218		10
2219		8
2220		9
2221		7
2222		6
2223		14
2224		8
2225		11
2226		12
2227		9
2228		17
2229		15
2230		9
2231		4
2232		11
2233		14
2234		17
2235		17
2236		10
2237		10
2238		14
2239		15
2240		8
2241		7
2242		15
2243		13
2244		9
2245		9
2246		13
2247		12
2248		11
2249		11
2250		8
2251		11
2252		12
2253		3
2254		8
2255		10
2256		15
2257		11
2258		10
2259		9
2260		14
2261		11
2262		9
2263		20
2264		11
2265		12
2266		8
2267		7
2268		6
2269		14
2270		13
2271		11
2272		8
2273		14
2274		10
2275		12
2276		14
2277		13
2278		12
2279		5
2280		9
2281		10
2282		7
2283		8
2284		14
2285		11
2286		11
2287		15
2288		12
2289		13
2290		6
2291		12
2292		12
2293		10
2294		8
2295		8
2296		9
2297		10
2298		8
2299		13
2300		13
2301		9
2302		6
2303		7
2304		11
2305		9
2306		7
2307		15
2308		9
2309		16
2310		14
2311		11
2312		11
2313		11
2314		4
2315		16
2316		6
2317		10
2318		13
2319		11
2320		10
2321		13
2322		6
2323		11
2324		4
2325		12
2326		6
2327		8
2328		7
2329		10
2330		12
2331		8
2332		5
2333		8
2334		7
2335		13
2336		14
2337		9
2338		8
2339		7
2340		11
2341		14
2342		15
2343		6
2344		11
2345		10
2346		10
2347		4
2348		14
2349		10
2350		8
2351		11
2352		12
2353		15
2354		9
2355		6
2356		11
2357		8
2358		10
2359		10
2360		7
2361		15
2362		9
2363		9
2364		6
2365		8
2366		3
2367		11
2368		14
2369		10
2370		12
2371		11
2372		11
2373		13
2374		15
2375		14
2376		6
2377		11
2378		12
2379		6
2380		14
2381		7
2382		9
2383		18
2384		6
2385		10
2386		17
2387		9
2388		11
2389		11
2390		8
2391		8
2392		11
2393		8
2394		6
2395		8
2396		12
2397		7
2398		12
2399		16
2400		16
2401		7
2402		11
2403		9
2404		8
2405		10
2406		7
2407		8
2408		13
2409		13
2410		3
2411		12
2412		12
2413		13
2414		8
2415		19
2416		9
2417		8
2418		15
2419		8
2420		8
2421		12
2422		7
2423		7
2424		11
2425		14
2426		6
2427		11
2428		17
2429		6
2430		9
2431		10
2432		11
2433		7
2434		15
2435		10
2436		7
2437		3
2438		9
2439		9
2440		7
2441		12
2442		10
2443		9
2444		9
2445		2
2446		9
2447		5
2448		9
2449		8
2450		7
2451		8
2452		8
2453		8
2454		10
2455		8
2456		8
2457		8
2458		9
2459		12
2460		8
2461		7
2462		11
2463		12
2464		5
2465		7
2466		11
2467		13
2468		8
2469		10
2470		8
2471		8
2472		7
2473		9
2474		9
2475		8
2476		10
2477		9
2478		10
2479		10
2480		7
2481		8
2482		7
2483		7
2484		7
2485		9
2486		12
2487		16
2488		7
2489		14
2490		9
2491		12
2492		11
2493		11
2494		17
2495		5
2496		7
2497		8
2498		9
2499		6
2500		11
2501		10
2502		12
2503		14
2504		10
2505		9
2506		14
2507		8
2508		6
2509		9
2510		9
2511		7
2512		10
2513		8
2514		6
2515		7
2516		8
2517		8
2518		18
2519		12
2520		11
2521		14
2522		9
2523		9
2524		10
2525		7
2526		10
2527		11
2528		6
2529		8
2530		8
2531		8
2532		7
2533		9
2534		7
2535		8
2536		10
2537		7
2538		9
2539		9
2540		8
2541		9
2542		8
2543		7
2544		7
2545		9
2546		9
2547		12
2548		9
2549		9
2550		6
2551		5
2552		5
2553		9
2554		8
2555		5
2556		7
2557		15
2558		2
2559		5
2560		9
2561		11
2562		8
2563		6
2564		7
2565		7
2566		7
2567		7
2568		14
2569		12
2570		7
2571		10
2572		3
2573		12
2574		2
2575		14
2576		4
2577		6
2578		9
2579		6
2580		7
2581		7
2582		4
2583		10
2584		4
2585		6
2586		10
2587		10
2588		9
2589		8
2590		15
2591		10
2592		6
2593		7
2594		5
2595		6
2596		7
2597		14
2598		12
2599		7
2600		10
2601		11
2602		8
2603		8
2604		9
2605		12
2606		10
2607		8
2608		9
2609		9
2610		9
2611		7
2612		8
2613		13
2614		5
2615		8
2616		6
2617		9
2618		13
2619		11
2620		4
2621		9
2622		11
2623		15
2624		10
2625		9
2626		7
2627		4
2628		7
2629		8
2630		9
2631		10
2632		10
2633		7
2634		9
2635		13
2636		9
2637		8
2638		8
2639		10
2640		13
2641		5
2642		15
2643		2
2644		9
2645		9
2646		7
2647		9
2648		9
2649		14
2650		8
2651		7
2652		8
2653		6
2654		7
2655		4
2656		4
2657		10
2658		9
2659		6
2660		9
2661		6
2662		17
2663		7
2664		8
2665		10
2666		6
2667		13
2668		7
2669		9
2670		9
2671		5
2672		5
2673		7
2674		4
2675		12
2676		11
2677		7
2678		8
2679		5
2680		6
2681		14
2682		10
2683		7
2684		6
2685		7
2686		10
2687		11
2688		12
2689		11
2690		6
2691		9
2692		7
2693		8
2694		13
2695		6
2696		13
2697		6
2698		5
2699		9
2700		8
2701		8
2702		7
2703		11
2704		4
2705		7
2706		6
2707		6
2708		9
2709		5
2710		5
2711		10
2712		5
2713		4
2714		8
2715		9
2716		7
2717		11
2718		4
2719		4
2720		10
2721		7
2722		9
2723		6
2724		8
2725		3
2726		14
2727		9
2728		6
2729		5
2730		7
2731		4
2732		10
2733		4
2734		6
2735		9
2736		10
2737		9
2738		9
2739		8
2740		6
2741		3
2742		6
2743		9
2744		7
2745		7
2746		9
2747		4
2748		5
2749		5
2750		4
2751		7
2752		4
2753		2
2754		7
2755		5
2756		6
2757		10
2758		4
2759		5
2760		8
2761		9
2762		6
2763		8
2764		7
2765		8
2766		8
2767		10
2768		7
2769		9
2770		8
2771		11
2772		8
2773		8
2774		5
2775		6
2776		8
2777		12
2778		15
2779		10
2780		7
2781		4
2782		7
2783		9
2784		2
2785		6
2786		5
2787		8
2788		9
2789		6
2790		7
2791		6
2792		7
2793		10
2794		8
2795		9
2796		6
2797		8
2798		6
2799		7
2800		5
2801		9
2802		8
2803		9
2804		8
2805		7
2806		6
2807		7
2808		12
2809		9
2810		3
2811		5
2812		10
2813		5
2814		7
2815		8
2816		6
2817		6
2818		5
2819		5
2820		11
2821		6
2822		11
2823		4
2824		5
2825		9
2826		10
2827		6
2828		9
2829		8
2830		7
2831		6
2832		10
2833		2
2834		9
2835		7
2836		6
2837		7
2838		8
2839		5
2840		7
2841		10
2842		5
2843		7
2844		6
2845		4
2846		7
2847		9
2848		5
2849		9
2850		6
2851		6
2852		6
2853		2
2854		12
2855		9
2856		18
2857		7
2858		4
2859		6
2860		3
2861		4
2862		4
2863		2
2864		3
2865		5
2866		8
2867		11
2868		7
2869		7
2870		4
2871		4
2872		4
2873		11
2874		5
2875		7
2876		10
2877		6
2878		6
2879		5
2880		6
2881		7
2882		8
2883		11
2884		4
2885		8
2886		8
2887		5
2888		9
2889		3
2890		10
2891		6
2892		6
2893		3
2894		7
2895		5
2896		6
2897		8
2898		7
2899		10
2900		3
2901		14
2902		4
2903		5
2904		3
2905		8
2906		9
2907		5
2908		6
2909		9
2910		7
2911		6
2912		7
2913		4
2914		7
2915		4
2916		7
2917		12
2918		7
2919		9
2920		7
2921		9
2922		7
2923		4
2924		7
2925		3
2926		5
2927		5
2928		4
2929		9
2930		11
2931		5
2932		9
2933		7
2934		6
2935		6
2936		5
2937		9
2938		11
2939		7
2940		9
2941		7
2942		4
2943		4
2944		6
2945		6
2946		2
2947		6
2948		5
2949		7
2950		7
2951		7
2952		9
2953		5
2954		8
2955		5
2956		7
2957		10
2958		9
2959		2
2960		8
2961		5
2962		6
2963		9
2964		9
2965		4
2966		9
2967		4
2968		5
2969		4
2970		8
2971		1
2972		6
2973		5
2974		9
2975		6
2976		6
2977		8
2978		3
2979		8
2980		4
2981		6
2982		5
2983		9
2984		2
2985		6
2986		6
2987		5
2988		5
2989		7
2990		8
2991		10
2992		4
2993		7
2994		6
2995		7
2996		6
2997		7
2998		3
2999		10
3000		6
3001		7
3002		7
3003		5
3004		13
3005		4
3006		6
3007		7
3008		5
3009		3
3010		9
3011		2
3012		5
3013		7
3014		7
3015		6
3016		5
3017		7
3018		9
3019		5
3020		11
3021		5
3022		7
3023		5
3024		7
3025		4
3026		12
3027		7
3028		10
3029		11
3030		4
3031		2
3032		12
3033		2
3034		8
3035		7
3036		7
3037		6
3038		4
3039		8
3040		4
3041		3
3042		4
3043		5
3044		4
3045		8
3046		4
3047		3
3048		8
3049		5
3050		9
3051		7
3052		7
3053		4
3054		7
3055		10
3056		11
3057		4
3058		8
3059		4
3060		8
3061		7
3062		6
3063		9
3064		6
3065		7
3066		6
3067		7
3068		4
3069		6
3070		3
3071		11
3072		6
3073		6
3074		5
3075		6
3076		7
3077		4
3078		7
3079		6
3080		4
3081		7
3082		4
3083		4
3084		7
3085		7
3086		6
3087		4
3088		5
3089		5
3090		5
3091		4
3092		7
3093		6
3094		6
3095		7
3096		5
3097		7
3098		7
3099		4
3100		6
3101		2
3102		8
3103		4
3104		4
3105		5
3106		7
3107		9
3108		8
3109		9
3110		9
3111		9
3112		5
3113		4
3114		8
3115		3
3116		8
3117		5
3118		4
3119		1
3120		7
3121		3
3122		3
3123		6
3124		7
3125		3
3126		5
3127		3
3128		8
3129		6
3130		9
3131		3
3132		8
3133		10
3134		13
3135		5
3136		6
3137		6
3138		2
3139		6
3140		6
3141		11
3142		5
3143		4
3144		6
3145		3
3146		7
3147		7
3148		7
3149		5
3150		8
3151		12
3152		4
3153		2
3154		8
3155		11
3156		4
3157		3
3158		7
3159		8
3160		6
3161		6
3162		5
3163		6
3164		15
3165		4
3166		6
3167		7
3168		6
3169		1
3170		2
3171		6
3172		9
3173		5
3174		1
3175		4
3176		5
3177		4
3178		7
3179		9
3180		3
3181		3
3182		6
3183		5
3184		8
3185		5
3186		4
3187		5
3188		2
3189		4
3190		7
3191		11
3192		6
3193		5
3194		10
3195		8
3196		5
3197		7
3198		5
3199		4
3200		4
3201		7
3202		6
3203		3
3204		4
3205		3
3206		4
3207		5
3208		5
3209		3
3210		4
3211		3
3212		3
3213		5
3214		10
3215		2
3216		3
3217		7
3218		2
3219		5
3220		5
3221		4
3222		3
3223		10
3224		8
3225		7
3226		5
3227		5
3228		7
3229		3
3230		5
3231		4
3232		5
3233		6
3234		4
3235		9
3236		4
3237		5
3238		4
3239		3
3240		2
3241		5
3242		5
3243		1
3244		4
3245		10
3246		6
3247		4
3248		5
3249		3
3250		5
3251		4
3252		8
3253		4
3254		5
3255		3
3256		4
3257		4
3258		3
3259		5
3260		8
3261		4
3262		4
3263		5
3264		8
3265		4
3266		6
3267		2
3268		9
3269		4
3270		3
3271		5
3272		1
3273		3
3274		5
3275		3
3276		7
3277		6
3278		5
3279		6
3280		3
3281		8
3282		10
3283		6
3284		4
3285		4
3286		5
3287		5
3288		7
3289		2
3290		6
3291		2
3292		7
3293		6
3294		3
3295		4
3296		7
3297		6
3298		8
3299		3
3300		3
3301		5
3302		3
3303		7
3304		10
3305		4
3306		8
3307		5
3308		4
3309		8
3310		7
3312		8
3313		5
3314		1
3315		8
3316		4
3317		4
3318		1
3319		4
3320		2
3321		8
3322		3
3323		9
3324		6
3325		3
3326		7
3327		4
3328		5
3329		6
3330		6
3331		6
3332		6
3333		7
3334		5
3335		8
3336		11
3337		3
3338		6
3339		4
3340		5
3341		5
3342		4
3343		4
3344		3
3345		5
3346		2
3347		3
3348		1
3349		5
3350		3
3351		9
3352		2
3353		5
3354		5
3355		3
3356		2
3357		2
3358		4
3359		3
3360		9
3361		4
3362		7
3363		5
3364		4
3365		4
3366		4
3367		4
3368		5
3369		5
3370		3
3371		7
3372		4
3373		4
3374		7
3375		8
3376		6
3377		5
3378		3
3379		7
3380		4
3381		2
3382		5
3383		4
3384		6
3385		4
3386		4
3387		4
3388		2
3389		2
3390		7
3391		5
3392		7
3393		3
3394		5
3395		4
3396		5
3397		9
3398		7
3399		3
3400		6
3401		4
3402		4
3403		7
3404		2
3405		6
3406		3
3407		4
3408		4
3409		5
3410		5
3411		3
3412		3
3413		7
3414		4
3415		4
3416		4
3417		6
3418		1
3419		2
3420		5
3421		7
3422		6
3423		8
3424		1
3425		3
3426		4
3427		3
3428		6
3429		7
3430		2
3431		5
3432		2
3433		5
3434		2
3435		5
3436		6
3437		6
3438		4
3439		4
3440		5
3441		6
3442		6
3443		4
3444		4
3445		7
3446		2
3447		4
3448		6
3449		4
3450		7
3451		5
3452		3
3453		2
3454		3
3455		6
3456		4
3457		10
3458		2
3459		6
3460		4
3461		5
3462		4
3463		2
3464		5
3465		8
3466		4
3467		6
3468		5
3470		2
3472		4
3473		7
3474		7
3475		4
3476		2
3477		7
3478		5
3479		5
3480		4
3481		4
3482		3
3483		4
3484		5
3485		9
3486		7
3487		3
3488		2
3489		2
3490		6
3491		3
3492		2
3493		5
3494		4
3495		2
3496		2
3497		5
3499		6
3500		4
3501		12
3502		6
3503		2
3504		4
3505		1
3506		4
3507		4
3508		5
3509		3
3510		6
3511		6
3512		5
3513		3
3514		5
3515		5
3516		4
3517		2
3518		6
3519		4
3520		4
3521		5
3522		4
3523		3
3524		5
3525		5
3526		3
3527		4
3528		5
3529		5
3530		4
3531		3
3532		4
3533		7
3534		2
3535		2
3536		3
3537		3
3538		3
3539		4
3540		3
3541		6
3542		3
3543		4
3544		1
3545		2
3546		7
3547		3
3548		4
3549		2
3550		4
3551		4
3552		7
3553		6
3554		7
3555		2
3556		6
3557		5
3558		3
3559		6
3560		2
3561		4
3562		9
3563		3
3564		4
3565		3
3566		4
3567		2
3568		2
3569		5
3570		5
3571		4
3572		2
3573		2
3574		5
3575		5
3576		6
3577		2
3578		2
3579		3
3580		3
3581		2
3582		5
3583		2
3584		3
3585		2
3586		3
3587		5
3588		4
3589		5
3590		2
3591		1
3592		2
3593		8
3594		3
3595		4
3596		2
3597		2
3598		4
3599		3
3600		6
3601		6
3602		2
3603		4
3604		5
3605		2
3606		3
3607		6
3608		4
3609		7
3610		6
3611		4
3612		4
3613		4
3614		6
3615		1
3616		2
3617		6
3618		8
3620		2
3621		5
3622		4
3623		2
3624		3
3625		4
3626		1
3627		4
3628		2
3629		3
3630		3
3631		4
3632		3
3633		3
3634		3
3635		4
3636		3
3637		5
3638		5
3639		4
3640		3
3641		2
3642		4
3643		7
3644		8
3645		6
3646		3
3647		3
3648		5
3649		3
3650		4
3651		2
3652		1
3653		4
3654		4
3655		4
3656		5
3657		2
3658		4
3659		4
3660		5
3661		5
3662		5
3663		3
3664		2
3665		3
3666		4
3667		4
3668		5
3669		4
3670		5
3671		4
3673		7
3674		3
3675		7
3676		6
3677		3
3678		6
3679		6
3680		4
3681		8
3682		3
3683		7
3684		3
3685		2
3686		3
3687		5
3688		11
3689		5
3690		4
3691		3
3692		3
3693		2
3694		4
3695		2
3696		2
3697		5
3698		6
3699		2
3700		3
3701		6
3702		1
3703		6
3704		1
3705		3
3706		6
3707		6
3708		5
3709		1
3710		5
3711		6
3712		4
3713		6
3714		2
3715		4
3716		4
3717		5
3718		1
3719		4
3720		4
3721		4
3722		2
3723		4
3724		3
3725		5
3726		2
3727		3
3728		6
3729		1
3730		2
3731		5
3732		5
3733		5
3734		3
3735		4
3736		5
3737		3
3738		2
3739		3
3740		4
3741		4
3742		4
3743		2
3744		2
3745		4
3746		5
3748		3
3749		2
3750		3
3751		3
3752		5
3753		8
3754		2
3755		6
3756		2
3757		4
3758		3
3759		8
3760		8
3761		1
3762		5
3763		4
3764		6
3765		2
3766		7
3767		3
3768		3
3769		3
3770		3
3771		5
3772		2
3773		3
3774		1
3775		4
3776		3
3777		6
3778		2
3780		5
3781		4
3782		1
3783		6
3784		3
3785		1
3786		3
3787		9
3788		6
3789		4
3790		1
3791		7
3792		3
3793		4
3794		6
3795		2
3796		4
3797		1
3798		4
3799		4
3801		4
3802		2
3803		2
3804		6
3805		6
3806		7
3807		4
3808		6
3809		5
3810		2
3811		3
3812		1
3813		5
3815		2
3816		4
3817		1
3818		3
3819		5
3820		6
3821		2
3822		4
3823		6
3824		5
3825		2
3826		3
3827		1
3828		4
3829		3
3830		5
3831		3
3832		4
3833		4
3834		5
3835		1
3837		2
3838		3
3839		3
3840		4
3841		2
3842		4
3843		5
3844		3
3845		5
3846		6
3847		5
3848		6
3849		5
3850		4
3851		8
3852		2
3853		1
3854		2
3855		6
3856		1
3857		5
3858		3
3859		7
3860		4
3862		7
3863		5
3864		3
3865		4
3866		5
3867		3
3868		3
3869		1
3870		1
3871		5
3872		4
3873		5
3874		3
3876		4
3877		4
3878		4
3879		4
3880		5
3881		4
3882		2
3883		2
3884		2
3885		2
3886		4
3887		2
3888		3
3889		3
3890		6
3891		2
3892		3
3893		2
3894		3
3895		5
3896		3
3897		1
3899		2
3900		3
3901		4
3902		2
3903		2
3904		1
3905		4
3906		4
3907		4
3908		4
3909		3
3910		1
3911		4
3912		6
3913		1
3914		1
3915		3
3916		5
3917		2
3918		5
3919		2
3920		5
3921		6
3922		4
3923		2
3924		3
3925		2
3926		2
3927		2
3928		4
3929		3
3930		7
3931		1
3932		1
3933		3
3934		1
3935		2
3936		1
3937		2
3938		4
3939		2
3940		6
3941		2
3942		3
3943		5
3944		6
3945		2
3946		2
3947		6
3948		1
3949		1
3950		3
3951		2
3952		3
3953		3
3954		2
3955		4
3956		4
3957		3
3958		2
3959		2
3960		3
3961		1
3962		3
3963		4
3964		4
3965		9
3966		4
3967		2
3968		4
3969		2
3970		2
3971		4
3972		3
3973		2
3974		1
3975		2
3976		6
3977		2
3978		2
3979		2
3980		3
3981		3
3982		3
3983		4
3984		1
3985		5
3986		2
3987		2
3988		1
3989		7
3990		3
3991		1
3992		2
3993		2
3995		3
3996		5
3997		1
3998		2
3999		4
4000		4
4001		4
4002		2
4003		1
4004		4
4005		6
4006		2
4007		3
4008		5
4009		5
4010		4
4011		6
4012		6
4013		3
4014		5
4015		2
4016		6
4017		5
4018		5
4019		3
4020		2
4021		6
4022		2
4023		3
4024		2
4025		1
4026		2
4027		2
4028		2
4029		2
4030		4
4031		1
4032		1
4033		2
4034		6
4035		5
4036		1
4037		3
4038		4
4039		5
4040		6
4041		4
4042		2
4043		1
4044		2
4045		5
4047		3
4048		4
4049		2
4050		2
4051		2
4052		5
4053		1
4054		4
4055		2
4056		3
4057		2
4058		6
4059		3
4060		3
4062		3
4063		1
4064		5
4066		2
4067		1
4069		4
4071		5
4072		2
4073		8
4074		3
4075		3
4076		3
4077		1
4078		5
4079		1
4080		7
4081		4
4082		1
4083		4
4084		4
4085		5
4086		3
4087		2
4088		2
4089		3
4090		2
4091		2
4092		1
4093		4
4094		1
4095		2
4096		2
4097		5
4098		1
4099		2
4100		2
4101		3
4102		3
4103		2
4104		3
4105		5
4106		1
4107		8
4108		2
4109		2
4110		3
4112		2
4113		2
4114		7
4115		3
4116		2
4117		1
4118		6
4119		3
4120		2
4121		5
4122		3
4123		2
4124		4
4125		2
4127		2
4128		4
4129		7
4130		5
4131		5
4132		5
4133		1
4134		2
4135		8
4136		3
4138		1
4139		3
4140		6
4141		1
4142		3
4143		3
4144		5
4145		1
4146		3
4147		3
4148		2
4149		9
4150		5
4151		1
4152		2
4153		5
4154		4
4155		3
4156		2
4157		5
4158		3
4159		1
4160		2
4161		5
4162		5
4163		2
4164		4
4165		2
4166		2
4167		2
4168		2
4169		3
4170		1
4171		3
4172		5
4173		2
4174		1
4175		2
4176		2
4177		1
4178		3
4179		5
4180		5
4182		4
4183		1
4184		2
4185		2
4186		4
4187		2
4188		1
4189		2
4190		1
4192		4
4193		1
4194		1
4195		1
4196		2
4197		2
4198		4
4199		3
4200		3
4201		3
4202		1
4203		3
4204		2
4205		2
4206		5
4207		5
4208		1
4209		1
4210		5
4212		2
4213		4
4214		3
4215		1
4216		1
4217		6
4218		3
4219		2
4220		2
4221		1
4222		3
4223		3
4224		3
4225		1
4226		2
4227		3
4228		3
4229		3
4230		5
4231		4
4232		4
4233		3
4234		5
4235		2
4237		1
4238		1
4239		3
4240		2
4241		3
4242		2
4243		2
4244		5
4245		4
4246		3
4247		4
4248		2
4249		3
4250		1
4251		2
4252		2
4253		2
4254		2
4255		2
4256		1
4257		2
4258		5
4260		3
4261		5
4262		4
4263		4
4264		3
4265		2
4266		3
4267		2
4268		2
4269		2
4270		3
4271		1
4272		3
4273		5
4274		2
4275		1
4276		3
4277		1
4278		3
4279		1
4280		2
4281		2
4283		3
4284		2
4285		2
4286		4
4287		4
4288		3
4289		5
4290		3
4291		3
4292		3
4293		1
4294		2
4295		1
4296		3
4297		4
4298		1
4299		2
4300		3
4301		1
4302		6
4304		2
4305		2
4306		3
4307		4
4308		3
4309		3
4310		2
4311		4
4312		3
4313		1
4314		2
4316		3
4317		1
4318		1
4319		1
4320		4
4321		3
4322		5
4323		1
4324		1
4325		2
4326		3
4327		1
4328		2
4329		2
4330		1
4331		3
4332		2
4333		1
4334		3
4335		4
4336		3
4337		2
4338		2
4339		1
4340		2
4341		4
4342		1
4343		1
4344		4
4346		2
4347		2
4348		2
4349		2
4350		2
4351		6
4352		2
4353		6
4354		2
4355		1
4356		4
4357		1
4358		3
4360		3
4361		1
4362		5
4363		2
4364		1
4366		2
4367		3
4368		1
4369		1
4370		2
4371		5
4372		3
4373		7
4374		1
4376		1
4377		3
4378		2
4379		1
4380		1
4383		2
4384		3
4385		3
4386		3
4387		4
4388		1
4389		3
4390		4
4391		4
4392		4
4393		3
4394		4
4395		3
4396		3
4397		2
4398		2
4399		3
4400		4
4401		1
4402		2
4403		2
4404		1
4405		1
4406		2
4409		2
4410		1
4411		2
4413		1
4414		2
4416		1
4417		3
4418		1
4419		3
4420		1
4421		1
4422		2
4423		3
4424		5
4425		1
4426		1
4427		2
4428		2
4429		2
4430		4
4431		4
4432		4
4433		1
4434		5
4435		2
4436		2
4437		1
4438		4
4439		1
4440		2
4441		2
4442		2
4443		3
4444		5
4445		2
4446		3
4447		1
4448		2
4449		1
4450		3
4451		2
4452		5
4453		2
4454		6
4456		3
4457		5
4458		5
4459		1
4460		1
4461		4
4462		1
4464		3
4465		3
4466		1
4468		1
4469		2
4470		1
4471		3
4472		1
4473		1
4474		2
4475		1
4476		1
4477		1
4478		2
4480		1
4481		2
4482		1
4483		2
4484		1
4485		2
4487		1
4488		3
4490		1
4491		1
4493		3
4494		1
4495		1
4496		2
4497		2
4498		3
4499		2
4500		1
4501		2
4502		1
4503		3
4504		1
4505		2
4506		1
4507		3
4508		6
4509		2
4510		2
4511		2
4512		1
4513		1
4514		5
4515		2
4516		3
4517		3
4518		1
4519		2
4520		3
4521		1
4522		3
4523		1
4524		2
4525		3
4526		2
4527		1
4528		1
4529		1
4530		4
4531		1
4533		1
4534		3
4535		2
4536		4
4538		3
4539		2
4541		2
4542		1
4543		2
4544		1
4545		1
4546		3
4547		3
4548		1
4549		1
4550		1
4551		2
4552		1
4554		1
4555		2
4557		3
4558		1
4561		1
4562		3
4563		2
4565		1
4566		1
4567		5
4568		3
4569		2
4570		1
4571		2
4572		2
4573		2
4574		1
4575		2
4577		1
4581		2
4583		1
4584		2
4586		2
4587		1
4588		3
4589		2
4590		1
4591		1
4592		1
4593		1
4594		2
4598		2
4599		1
4600		3
4602		3
4603		5
4605		3
4606		3
4607		1
4608		1
4609		2
4610		1
4612		2
4614		3
4615		1
4616		2
4617		1
4618		4
4621		2
4622		1
4623		1
4625		1
4626		2
4627		3
4628		1
4629		1
4630		2
4631		2
4632		3
4633		3
4635		1
4636		3
4637		3
4638		2
4639		3
4640		2
4641		2
4642		4
4644		2
4645		1
4646		3
4647		2
4648		1
4649		3
4650		1
4653		3
4654		2
4655		3
4658		4
4659		3
4660		3
4661		2
4662		2
4663		1
4664		2
4665		2
4666		1
4668		3
4669		3
4670		2
4671		3
4672		2
4673		2
4674		1
4675		2
4677		2
4678		3
4679		1
4680		1
4681		1
4682		3
4684		5
4685		3
4686		2
4687		1
4688		2
4689		6
4690		1
4691		2
4694		2
4695		1
4696		4
4697		1
4698		1
4699		2
4700		3
4702		1
4703		1
4704		3
4705		1
4706		2
4710		1
4711		3
4712		2
4713		1
4714		2
4715		1
4717		2
4718		3
4719		1
4720		2
4721		2
4722		1
4723		3
4724		2
4725		1
4726		2
4727		1
4728		2
4729		2
4731		2
4732		4
4733		4
4735		1
4736		2
4737		4
4738		1
4740		1
4741		1
4742		1
4743		1
4744		1
4747		1
4748		1
4749		1
4751		1
4752		2
4755		2
4756		2
4757		2
4758		2
4759		1
4760		1
4761		2
4762		2
4764		2
4765		1
4766		1
4767		2
4768		1
4771		1
4772		1
4773		2
4775		1
4776		1
4778		1
4779		2
4781		1
4782		2
4783		4
4785		2
4788		1
4789		1
4790		2
4791		1
4792		1
4793		1
4795		1
4796		1
4797		1
4799		1
4800		3
4801		2
4802		3
4803		2
4805		1
4807		1
4810		4
4811		2
4812		1
4813		2
4815		2
4816		1
4819		3
4820		2
4821		1
4822		2
4824		1
4825		2
4828		5
4829		1
4830		4
4831		1
4832		3
4834		3
4835		4
4836		1
4837		2
4838		1
4839		2
4841		1
4842		5
4844		1
4845		1
4846		2
4847		1
4848		1
4849		5
4850		1
4851		4
4853		1
4854		1
4855		1
4857		2
4858		2
4859		2
4860		2
4862		1
4864		2
4866		2
4868		1
4869		1
4870		2
4871		1
4872		2
4873		2
4875		4
4876		1
4879		1
4883		3
4884		1
4886		2
4887		1
4888		2
4889		1
4890		3
4891		2
4892		1
4894		3
4895		2
4898		1
4899		1
4904		1
4908		2
4909		2
4910		1
4911		1
4912		3
4913		1
4914		3
4915		2
4916		3
4918		1
4919		1
4921		1
4923		2
4925		1
4926		1
4927		1
4928		1
4929		2
4930		2
4931		3
4932		1
4934		2
4935		1
4936		1
4938		2
4939		2
4940		2
4941		2
4943		2
4944		2
4945		1
4946		1
4948		1
4949		2
4950		2
4952		1
4954		3
4955		1
4957		1
4960		1
4961		1
4962		1
4963		1
4964		4
4971		2
4972		2
4973		1
4974		1
4975		2
4976		1
4977		1
4978		1
4979		3
4980		1
4981		3
4982		1
4983		1
4985		1
4986		1
4987		1
4988		1
4991		3
4993		2
4994		1
4996		1
5000		3
5002		1
5003		1
5005		1
5006		1
5008		2
5011		3
5014		1
5015		1
5017		2
5019		2
5020		1
5021		2
5022		1
5024		2
5025		1
5026		1
5027		1
5030		2
5032		2
5033		1
5034		1
5035		1
5037		3
5038		3
5039		2
5040		1
5041		1
5043		1
5045		1
5046		1
5047		1
5048		2
5051		1
5052		2
5055		2
5056		2
5057		4
5059		1
5060		2
5061		2
5062		3
5063		1
5067		1
5068		1
5069		1
5070		2
5071		2
5072		4
5075		1
5078		1
5079		2
5081		1
5083		2
5086		1
5087		4
5088		2
5092		1
5094		1
5095		1
5096		1
5098		1
5099		1
5100		1
5102		1
5103		2
5104		1
5106		1
5108		2
5109		1
5110		1
5111		1
5112		2
5113		1
5115		1
5116		1
5117		1
5118		2
5120		1
5121		1
5122		1
5123		1
5124		1
5125		1
5127		2
5130		3
5131		2
5132		1
5134		1
5135		1
5138		1
5140		1
5141		1
5142		1
5149		1
5151		1
5152		1
5153		1
5156		1
5157		1
5158		1
5159		1
5160		1
5162		1
5166		1
5167		3
5169		4
5170		1
5172		2
5174		1
5175		2
5178		3
5180		1
5181		1
5182		1
5185		2
5186		3
5192		2
5194		3
5195		1
5197		2
5199		1
5201		1
5206		1
5208		1
5209		1
5210		1
5212		2
5214		2
5215		1
5216		2
5222		1
5223		1
5224		2
5229		3
5230		1
5231		2
5232		2
5234		1
5235		1
5239		1
5241		3
5243		1
5245		2
5246		2
5247		2
5248		1
5251		1
5252		1
5255		1
5257		2
5258		1
5263		2
5264		3
5265		3
5267		2
5268		1
5274		1
5276		2
5277		2
5278		2
5282		1
5286		1
5288		1
5289		2
5290		1
5291		1
5296		1
5298		1
5299		2
5300		1
5308		1
5311		1
5316		1
5318		1
5320		1
5321		1
5323		1
5325		2
5328		1
5330		1
5340		1
5341		1
5342		3
5345		3
5348		1
5349		1
5350		1
5352		1
5362		2
5366		2
5367		1
5368		2
5373		2
5378		1
5379		1
5386		1
5392		1
5394		2
5395		1
5396		1
5399		1
5400		1
5403		1
5405		1
5407		1
5408		1
5411		1
5415		1
5416		1
5420		1
5421		1
5423		1
5425		2
5429		1
5432		1
5436		1
5442		1
5443		1
5447		1
5449		1
5455		1
5457		1
5458		1
5466		2
5468		3
5469		1
5476		3
5477		1
5483		3
5484		1
5489		1
5490		1
5491		1
5492		1
5493		1
5497		1
5500		1
5501		1
5504		2
5507		1
5511		2
5513		1
5521		2
5522		1
5527		1
5530		1
5532		1
5536		1
5538		1
5540		1
5541		1
5550		1
5551		1
5553		1
5554		1
5556		1
5561		1
5562		1
5564		2
5565		1
5566		1
5570		1
5574		1
5575		1
5580		1
5581		1
5582		1
5583		2
5588		1
5595		1
5598		1
5604		1
5605		1
5612		1
5617		1
5621		1
5625		2
5627		1
5632		1
5635		1
5638		1
5649		1
5653		1
5658		1
5665		1
5668		2
5672		1
5673		1
5674		1
5679		2
5680		1
5684		1
5686		1
5692		1
5693		1
5696		1
5697		1
5701		1
5702		1
5716		1
5717		1
5721		1
5724		1
5727		1
5731		1
5739		1
5742		1
5744		1
5745		1
5753		1
5754		2
5758		1
5760		1
5763		1
5764		1
5777		1
5785		1
5792		1
5801		1
5803		1
5805		1
5813		1
5815		1
5822		1
5827		1
5839		1
5842		1
5854		1
5855		1
5859		1
5864		1
5868		1
5874		1
5881		1
5888		1
5892		1
5908		1
5914		1
5924		1
5934		1
5935		1
5936		1
5940		1
5941		1
5955		1
5961		1
5968		1
5980		2
5991		1
5992		1
5995		1
5998		2
6001		1
6020		1
6022		2
6023		1
6042		1
6046		1
6056		1
6063		1
6070		1
6103		1
6116		2
6134		1
6135		1
6155		1
6160		1
6168		1
6184		1
6206		1
6211		1
6222		1
6253		1
6287		1
6316		1
6317		1
6339		1
6344		1
6361		1
6363		1
6427		1
6428		1
6456		1
6494		1
6501		1
6518		1
6546		1
6584		1
6692		1
7302		1
