Tamaños		Cantidades
1		8202821
2		1739346
3		1035046
4		671089
5		470231
6		344897
7		266787
8		212204
9		173369
10		144704
11		122046
12		105442
13		91495
14		79925
15		71307
16		63668
17		57418
18		51299
19		46959
20		42762
21		38982
22		36024
23		33609
24		31005
25		28846
26		26872
27		25161
28		23328
29		22155
30		20703
31		19464
32		18716
33		17489
34		16825
35		15993
36		15144
37		14394
38		13808
39		12894
40		12532
41		12138
42		11623
43		11043
44		10701
45		10002
46		9654
47		9435
48		8897
49		8646
50		8583
51		8049
52		7958
53		7580
54		7281
55		7089
56		6940
57		6622
58		6421
59		6322
60		6097
61		5914
62		5748
63		5614
64		5432
65		5252
66		5130
67		5022
68		4848
69		4712
70		4623
71		4543
72		4344
73		4365
74		4269
75		4098
76		4067
77		4065
78		3732
79		3660
80		3657
81		3583
82		3552
83		3385
84		3251
85		3270
86		3367
87		3119
88		3099
89		3113
90		2964
91		2972
92		2780
93		2831
94		2811
95		2715
96		2748
97		2687
98		2584
99		2479
100		2469
101		2391
102		2289
103		2358
104		2228
105		2364
106		2214
107		2153
108		2147
109		2136
110		2105
111		2050
112		1964
113		2017
114		1914
115		1908
116		1941
117		1866
118		1942
119		1809
120		1877
121		1790
122		1797
123		1777
124		1730
125		1700
126		1730
127		1683
128		1630
129		1604
130		1550
131		1553
132		1519
133		1548
134		1486
135		1393
136		1430
137		1493
138		1391
139		1395
140		1357
141		1351
142		1349
143		1285
144		1303
145		1287
146		1244
147		1193
148		1298
149		1267
150		1172
151		1202
152		1239
153		1178
154		1203
155		1242
156		1196
157		1101
158		1125
159		1119
160		1081
161		1072
162		1033
163		1100
164		1033
165		1051
166		1099
167		1036
168		981
169		1017
170		963
171		947
172		1029
173		980
174		928
175		922
176		930
177		833
178		937
179		947
180		876
181		890
182		893
183		814
184		850
185		845
186		856
187		841
188		835
189		835
190		851
191		802
192		774
193		766
194		765
195		754
196		786
197		761
198		773
199		732
200		711
201		739
202		772
203		763
204		753
205		720
206		683
207		688
208		724
209		684
210		706
211		720
212		647
213		647
214		620
215		680
216		661
217		718
218		626
219		657
220		638
221		581
222		646
223		627
224		629
225		618
226		642
227		580
228		633
229		564
230		650
231		597
232		596
233		580
234		512
235		549
236		573
237		516
238		561
239		532
240		533
241		550
242		570
243		520
244		524
245		505
246		528
247		504
248		530
249		523
250		498
251		532
252		495
253		528
254		498
255		555
256		512
257		482
258		498
259		487
260		479
261		503
262		467
263		453
264		447
265		494
266		435
267		433
268		473
269		405
270		422
271		426
272		444
273		449
274		444
275		433
276		417
277		448
278		418
279		432
280		399
281		415
282		418
283		433
284		441
285		373
286		389
287		416
288		416
289		388
290		420
291		421
292		405
293		387
294		376
295		382
296		390
297		361
298		393
299		374
300		394
301		366
302		370
303		380
304		348
305		407
306		365
307		337
308		354
309		353
310		346
311		399
312		351
313		349
314		342
315		352
316		371
317		346
318		334
319		343
320		324
321		317
322		333
323		320
324		286
325		333
326		351
327		308
328		325
329		335
330		310
331		306
332		318
333		320
334		271
335		312
336		310
337		300
338		307
339		300
340		286
341		284
342		311
343		270
344		308
345		276
346		281
347		320
348		299
349		297
350		279
351		303
352		274
353		271
354		284
355		267
356		271
357		294
358		285
359		301
360		282
361		252
362		307
363		253
364		296
365		260
366		282
367		263
368		255
369		247
370		267
371		261
372		256
373		271
374		254
375		272
376		242
377		276
378		258
379		251
380		237
381		267
382		241
383		229
384		248
385		258
386		242
387		243
388		263
389		260
390		235
391		212
392		233
393		254
394		248
395		225
396		256
397		230
398		215
399		264
400		243
401		206
402		200
403		193
404		216
405		212
406		238
407		209
408		209
409		230
410		242
411		219
412		220
413		215
414		215
415		227
416		212
417		236
418		189
419		231
420		218
421		198
422		203
423		201
424		239
425		208
426		225
427		196
428		178
429		210
430		224
431		196
432		195
433		192
434		189
435		209
436		202
437		207
438		192
439		194
440		200
441		192
442		215
443		181
444		182
445		189
446		196
447		179
448		202
449		170
450		191
451		200
452		184
453		167
454		218
455		196
456		201
457		185
458		206
459		182
460		147
461		167
462		151
463		178
464		185
465		178
466		168
467		169
468		199
469		172
470		187
471		170
472		189
473		149
474		179
475		181
476		186
477		164
478		158
479		162
480		179
481		185
482		155
483		144
484		169
485		175
486		167
487		156
488		144
489		155
490		160
491		159
492		161
493		148
494		133
495		161
496		157
497		152
498		153
499		166
500		144
501		148
502		158
503		151
504		178
505		157
506		143
507		199
508		127
509		155
510		154
511		169
512		156
513		132
514		161
515		162
516		140
517		149
518		147
519		158
520		157
521		138
522		158
523		137
524		144
525		140
526		110
527		141
528		134
529		147
530		148
531		124
532		122
533		133
534		178
535		128
536		128
537		111
538		134
539		127
540		142
541		144
542		126
543		141
544		148
545		136
546		119
547		143
548		132
549		139
550		123
551		122
552		130
553		138
554		151
555		137
556		130
557		153
558		136
559		130
560		135
561		152
562		142
563		129
564		109
565		134
566		122
567		129
568		122
569		132
570		128
571		114
572		139
573		123
574		99
575		147
576		105
577		111
578		140
579		116
580		136
581		122
582		118
583		125
584		127
585		120
586		121
587		137
588		133
589		138
590		113
591		125
592		115
593		119
594		115
595		112
596		109
597		122
598		120
599		118
600		99
601		100
602		115
603		114
604		107
605		118
606		102
607		96
608		107
609		105
610		92
611		120
612		120
613		102
614		120
615		125
616		85
617		120
618		133
619		112
620		109
621		98
622		105
623		99
624		114
625		114
626		105
627		93
628		108
629		98
630		98
631		88
632		96
633		110
634		97
635		94
636		92
637		104
638		124
639		89
640		107
641		97
642		100
643		96
644		89
645		87
646		91
647		109
648		107
649		87
650		101
651		98
652		108
653		106
654		105
655		99
656		103
657		91
658		84
659		97
660		111
661		95
662		95
663		119
664		90
665		102
666		103
667		79
668		112
669		106
670		86
671		106
672		69
673		111
674		98
675		120
676		79
677		96
678		100
679		79
680		84
681		88
682		99
683		104
684		85
685		99
686		94
687		84
688		90
689		103
690		95
691		85
692		99
693		85
694		90
695		91
696		83
697		90
698		71
699		98
700		108
701		75
702		89
703		91
704		86
705		95
706		82
707		98
708		91
709		81
710		77
711		76
712		88
713		103
714		82
715		84
716		89
717		86
718		77
719		88
720		88
721		90
722		89
723		94
724		84
725		87
726		93
727		109
728		75
729		102
730		78
731		68
732		79
733		70
734		76
735		92
736		76
737		75
738		82
739		61
740		70
741		88
742		76
743		82
744		70
745		80
746		94
747		71
748		67
749		68
750		65
751		77
752		69
753		81
754		70
755		74
756		83
757		80
758		91
759		80
760		76
761		80
762		69
763		85
764		76
765		82
766		47
767		79
768		69
769		91
770		95
771		85
772		84
773		67
774		68
775		73
776		71
777		66
778		78
779		80
780		68
781		76
782		75
783		68
784		79
785		78
786		78
787		83
788		75
789		68
790		63
791		70
792		71
793		78
794		77
795		56
796		82
797		76
798		55
799		65
800		68
801		77
802		65
803		78
804		71
805		78
806		71
807		74
808		74
809		72
810		66
811		65
812		73
813		59
814		68
815		59
816		70
817		65
818		59
819		78
820		57
821		57
822		57
823		55
824		73
825		69
826		70
827		65
828		57
829		67
830		72
831		66
832		58
833		66
834		58
835		76
836		80
837		67
838		54
839		61
840		64
841		53
842		76
843		54
844		70
845		60
846		76
847		64
848		49
849		60
850		59
851		69
852		69
853		65
854		70
855		67
856		57
857		57
858		46
859		55
860		64
861		57
862		58
863		73
864		55
865		73
866		54
867		59
868		66
869		60
870		49
871		81
872		60
873		59
874		64
875		57
876		57
877		77
878		55
879		68
880		67
881		47
882		55
883		59
884		50
885		61
886		71
887		64
888		45
889		41
890		61
891		42
892		55
893		59
894		63
895		62
896		58
897		66
898		65
899		54
900		69
901		63
902		64
903		47
904		60
905		72
906		82
907		61
908		48
909		72
910		57
911		58
912		38
913		44
914		54
915		57
916		51
917		58
918		66
919		46
920		48
921		52
922		63
923		44
924		61
925		61
926		47
927		59
928		58
929		50
930		54
931		60
932		52
933		51
934		65
935		58
936		44
937		51
938		52
939		60
940		43
941		64
942		74
943		39
944		46
945		46
946		57
947		65
948		62
949		58
950		41
951		59
952		62
953		40
954		48
955		48
956		64
957		54
958		44
959		52
960		61
961		56
962		47
963		38
964		44
965		61
966		50
967		42
968		52
969		42
970		45
971		43
972		37
973		36
974		54
975		45
976		38
977		51
978		56
979		46
980		57
981		67
982		58
983		46
984		48
985		35
986		62
987		36
988		41
989		51
990		59
991		49
992		58
993		48
994		43
995		53
996		54
997		56
998		36
999		46
1000		52
1001		46
1002		43
1003		56
1004		51
1005		48
1006		55
1007		41
1008		41
1009		58
1010		50
1011		44
1012		39
1013		40
1014		47
1015		59
1016		31
1017		39
1018		50
1019		46
1020		43
1021		36
1022		40
1023		47
1024		41
1025		42
1026		38
1027		42
1028		42
1029		41
1030		45
1031		42
1032		39
1033		40
1034		52
1035		35
1036		43
1037		46
1038		41
1039		38
1040		39
1041		41
1042		54
1043		46
1044		39
1045		47
1046		45
1047		41
1048		42
1049		33
1050		47
1051		44
1052		48
1053		68
1054		45
1055		51
1056		43
1057		44
1058		51
1059		39
1060		52
1061		49
1062		32
1063		43
1064		26
1065		43
1066		37
1067		51
1068		49
1069		40
1070		40
1071		53
1072		47
1073		59
1074		43
1075		32
1076		41
1077		31
1078		27
1079		44
1080		42
1081		54
1082		45
1083		34
1084		40
1085		54
1086		50
1087		33
1088		45
1089		39
1090		43
1091		45
1092		39
1093		38
1094		38
1095		42
1096		31
1097		63
1098		41
1099		33
1100		33
1101		28
1102		44
1103		61
1104		36
1105		38
1106		39
1107		39
1108		43
1109		47
1110		46
1111		44
1112		38
1113		39
1114		35
1115		40
1116		41
1117		53
1118		43
1119		36
1120		38
1121		45
1122		54
1123		49
1124		37
1125		46
1126		47
1127		41
1128		40
1129		50
1130		56
1131		39
1132		38
1133		32
1134		34
1135		31
1136		47
1137		27
1138		31
1139		30
1140		37
1141		40
1142		29
1143		33
1144		31
1145		38
1146		37
1147		36
1148		34
1149		37
1150		38
1151		33
1152		38
1153		38
1154		57
1155		37
1156		43
1157		34
1158		41
1159		35
1160		35
1161		47
1162		40
1163		35
1164		29
1165		44
1166		38
1167		30
1168		25
1169		37
1170		37
1171		39
1172		40
1173		31
1174		34
1175		28
1176		38
1177		40
1178		34
1179		25
1180		38
1181		44
1182		46
1183		37
1184		33
1185		52
1186		33
1187		35
1188		43
1189		41
1190		46
1191		36
1192		36
1193		41
1194		37
1195		33
1196		47
1197		35
1198		41
1199		30
1200		41
1201		36
1202		29
1203		38
1204		43
1205		30
1206		37
1207		39
1208		32
1209		27
1210		33
1211		34
1212		47
1213		35
1214		38
1215		28
1216		33
1217		34
1218		32
1219		39
1220		23
1221		37
1222		47
1223		39
1224		40
1225		31
1226		31
1227		40
1228		41
1229		34
1230		41
1231		35
1232		44
1233		37
1234		39
1235		41
1236		37
1237		31
1238		28
1239		36
1240		26
1241		29
1242		33
1243		37
1244		41
1245		45
1246		32
1247		35
1248		34
1249		33
1250		32
1251		40
1252		22
1253		40
1254		32
1255		33
1256		29
1257		34
1258		43
1259		30
1260		35
1261		30
1262		38
1263		36
1264		38
1265		43
1266		36
1267		32
1268		29
1269		29
1270		19
1271		46
1272		32
1273		34
1274		44
1275		36
1276		35
1277		29
1278		46
1279		29
1280		23
1281		31
1282		27
1283		26
1284		28
1285		31
1286		25
1287		21
1288		19
1289		28
1290		27
1291		27
1292		36
1293		26
1294		27
1295		31
1296		32
1297		33
1298		35
1299		31
1300		42
1301		28
1302		33
1303		27
1304		30
1305		33
1306		37
1307		41
1308		21
1309		28
1310		38
1311		36
1312		36
1313		30
1314		31
1315		35
1316		23
1317		34
1318		25
1319		20
1320		40
1321		32
1322		29
1323		34
1324		18
1325		30
1326		32
1327		30
1328		36
1329		33
1330		27
1331		27
1332		36
1333		34
1334		37
1335		29
1336		34
1337		22
1338		41
1339		35
1340		24
1341		36
1342		35
1343		39
1344		35
1345		34
1346		28
1347		42
1348		26
1349		23
1350		25
1351		38
1352		33
1353		28
1354		27
1355		35
1356		35
1357		31
1358		26
1359		30
1360		23
1361		27
1362		22
1363		29
1364		19
1365		26
1366		32
1367		29
1368		21
1369		28
1370		32
1371		24
1372		26
1373		25
1374		35
1375		33
1376		26
1377		27
1378		28
1379		41
1380		30
1381		19
1382		30
1383		24
1384		34
1385		32
1386		21
1387		24
1388		32
1389		29
1390		34
1391		26
1392		29
1393		36
1394		27
1395		24
1396		26
1397		41
1398		29
1399		30
1400		33
1401		18
1402		31
1403		34
1404		16
1405		28
1406		26
1407		15
1408		25
1409		26
1410		38
1411		24
1412		17
1413		27
1414		13
1415		31
1416		25
1417		30
1418		21
1419		25
1420		22
1421		23
1422		37
1423		18
1424		35
1425		25
1426		22
1427		23
1428		29
1429		30
1430		33
1431		20
1432		32
1433		26
1434		23
1435		25
1436		34
1437		33
1438		28
1439		23
1440		30
1441		25
1442		20
1443		21
1444		23
1445		28
1446		29
1447		27
1448		36
1449		20
1450		26
1451		26
1452		28
1453		40
1454		32
1455		28
1456		31
1457		27
1458		32
1459		25
1460		25
1461		23
1462		23
1463		22
1464		24
1465		26
1466		15
1467		19
1468		24
1469		23
1470		19
1471		17
1472		24
1473		26
1474		27
1475		22
1476		20
1477		28
1478		23
1479		29
1480		26
1481		24
1482		34
1483		16
1484		22
1485		18
1486		28
1487		19
1488		27
1489		15
1490		17
1491		36
1492		25
1493		27
1494		34
1495		29
1496		13
1497		28
1498		19
1499		25
1500		28
1501		25
1502		32
1503		18
1504		27
1505		31
1506		22
1507		23
1508		33
1509		22
1510		24
1511		15
1512		27
1513		22
1514		35
1515		30
1516		20
1517		19
1518		23
1519		32
1520		18
1521		15
1522		26
1523		23
1524		21
1525		30
1526		28
1527		23
1528		20
1529		28
1530		36
1531		22
1532		17
1533		28
1534		16
1535		26
1536		25
1537		27
1538		14
1539		21
1540		27
1541		20
1542		11
1543		14
1544		23
1545		22
1546		22
1547		23
1548		16
1549		19
1550		19
1551		16
1552		23
1553		27
1554		22
1555		27
1556		28
1557		21
1558		26
1559		26
1560		20
1561		20
1562		18
1563		19
1564		16
1565		15
1566		21
1567		21
1568		27
1569		25
1570		21
1571		19
1572		25
1573		15
1574		21
1575		19
1576		19
1577		13
1578		23
1579		25
1580		26
1581		29
1582		19
1583		18
1584		19
1585		15
1586		23
1587		17
1588		26
1589		15
1590		21
1591		23
1592		27
1593		25
1594		19
1595		20
1596		14
1597		19
1598		26
1599		23
1600		27
1601		19
1602		27
1603		16
1604		24
1605		22
1606		24
1607		16
1608		25
1609		15
1610		12
1611		19
1612		21
1613		30
1614		21
1615		26
1616		22
1617		23
1618		18
1619		19
1620		20
1621		21
1622		25
1623		19
1624		20
1625		13
1626		13
1627		23
1628		20
1629		13
1630		24
1631		21
1632		27
1633		16
1634		21
1635		24
1636		24
1637		18
1638		17
1639		13
1640		19
1641		20
1642		18
1643		24
1644		25
1645		22
1646		22
1647		17
1648		13
1649		19
1650		13
1651		18
1652		28
1653		19
1654		14
1655		13
1656		22
1657		20
1658		23
1659		13
1660		14
1661		20
1662		28
1663		6
1664		15
1665		27
1666		23
1667		19
1668		17
1669		23
1670		19
1671		23
1672		16
1673		22
1674		24
1675		24
1676		16
1677		19
1678		17
1679		26
1680		13
1681		24
1682		20
1683		17
1684		22
1685		16
1686		17
1687		13
1688		15
1689		17
1690		20
1691		25
1692		20
1693		27
1694		23
1695		19
1696		18
1697		19
1698		16
1699		20
1700		24
1701		22
1702		16
1703		10
1704		12
1705		19
1706		11
1707		18
1708		19
1709		20
1710		11
1711		16
1712		19
1713		18
1714		8
1715		24
1716		24
1717		21
1718		16
1719		16
1720		17
1721		17
1722		19
1723		18
1724		21
1725		19
1726		22
1727		26
1728		24
1729		26
1730		19
1731		17
1732		17
1733		15
1734		21
1735		22
1736		18
1737		17
1738		21
1739		17
1740		24
1741		21
1742		8
1743		24
1744		27
1745		17
1746		20
1747		16
1748		17
1749		12
1750		17
1751		21
1752		11
1753		22
1754		17
1755		14
1756		22
1757		20
1758		18
1759		21
1760		25
1761		18
1762		14
1763		10
1764		17
1765		22
1766		18
1767		25
1768		33
1769		12
1770		17
1771		18
1772		26
1773		17
1774		20
1775		19
1776		14
1777		18
1778		9
1779		25
1780		11
1781		17
1782		12
1783		13
1784		10
1785		14
1786		21
1787		17
1788		20
1789		15
1790		21
1791		13
1792		17
1793		15
1794		21
1795		10
1796		15
1797		23
1798		13
1799		16
1800		17
1801		25
1802		14
1803		11
1804		20
1805		15
1806		20
1807		18
1808		18
1809		18
1810		20
1811		15
1812		13
1813		22
1814		16
1815		20
1816		19
1817		19
1818		18
1819		14
1820		18
1821		19
1822		19
1823		19
1824		21
1825		20
1826		12
1827		12
1828		12
1829		19
1830		17
1831		14
1832		11
1833		19
1834		10
1835		15
1836		24
1837		17
1838		23
1839		22
1840		16
1841		9
1842		17
1843		17
1844		16
1845		20
1846		16
1847		18
1848		16
1849		14
1850		15
1851		9
1852		13
1853		15
1854		14
1855		10
1856		21
1857		17
1858		23
1859		16
1860		8
1861		20
1862		18
1863		17
1864		12
1865		13
1866		12
1867		15
1868		17
1869		15
1870		15
1871		16
1872		10
1873		19
1874		8
1875		7
1876		20
1877		14
1878		11
1879		15
1880		13
1881		6
1882		10
1883		7
1884		21
1885		14
1886		17
1887		14
1888		21
1889		13
1890		10
1891		9
1892		11
1893		17
1894		12
1895		15
1896		6
1897		8
1898		15
1899		17
1900		17
1901		24
1902		9
1903		20
1904		13
1905		13
1906		16
1907		12
1908		17
1909		13
1910		17
1911		16
1912		12
1913		26
1914		16
1915		12
1916		14
1917		18
1918		11
1919		19
1920		8
1921		11
1922		16
1923		16
1924		12
1925		17
1926		11
1927		16
1928		13
1929		14
1930		19
1931		12
1932		11
1933		16
1934		25
1935		18
1936		14
1937		15
1938		16
1939		20
1940		14
1941		17
1942		13
1943		14
1944		11
1945		13
1946		14
1947		16
1948		13
1949		21
1950		14
1951		9
1952		12
1953		21
1954		11
1955		10
1956		13
1957		11
1958		15
1959		14
1960		8
1961		10
1962		14
1963		14
1964		11
1965		14
1966		11
1967		16
1968		15
1969		16
1970		9
1971		13
1972		12
1973		12
1974		17
1975		11
1976		15
1977		13
1978		14
1979		17
1980		16
1981		18
1982		13
1983		15
1984		18
1985		9
1986		13
1987		16
1988		19
1989		20
1990		9
1991		17
1992		16
1993		14
1994		17
1995		11
1996		17
1997		11
1998		12
1999		11
2000		16
2001		17
2002		14
2003		12
2004		17
2005		16
2006		12
2007		12
2008		12
2009		16
2010		11
2011		19
2012		14
2013		14
2014		11
2015		12
2016		7
2017		11
2018		7
2019		13
2020		15
2021		12
2022		17
2023		12
2024		21
2025		12
2026		15
2027		10
2028		7
2029		11
2030		15
2031		13
2032		6
2033		13
2034		8
2035		19
2036		18
2037		17
2038		19
2039		8
2040		15
2041		21
2042		18
2043		14
2044		19
2045		21
2046		14
2047		13
2048		16
2049		11
2050		9
2051		13
2052		10
2053		9
2054		7
2055		13
2056		11
2057		13
2058		15
2059		14
2060		17
2061		11
2062		10
2063		14
2064		16
2065		13
2066		16
2067		9
2068		11
2069		13
2070		17
2071		19
2072		21
2073		23
2074		10
2075		12
2076		8
2077		15
2078		10
2079		14
2080		20
2081		10
2082		12
2083		19
2084		14
2085		10
2086		12
2087		10
2088		15
2089		18
2090		17
2091		14
2092		10
2093		9
2094		14
2095		14
2096		10
2097		13
2098		18
2099		10
2100		13
2101		14
2102		9
2103		19
2104		7
2105		19
2106		7
2107		13
2108		16
2109		7
2110		15
2111		12
2112		8
2113		8
2114		3
2115		22
2116		19
2117		10
2118		8
2119		11
2120		12
2121		17
2122		6
2123		10
2124		10
2125		12
2126		8
2127		3
2128		13
2129		13
2130		15
2131		17
2132		7
2133		10
2134		17
2135		8
2136		15
2137		12
2138		10
2139		13
2140		14
2141		11
2142		15
2143		14
2144		10
2145		11
2146		8
2147		10
2148		10
2149		8
2150		11
2151		17
2152		13
2153		7
2154		6
2155		9
2156		12
2157		12
2158		17
2159		15
2160		11
2161		10
2162		11
2163		13
2164		9
2165		16
2166		10
2167		15
2168		11
2169		24
2170		11
2171		15
2172		10
2173		8
2174		10
2175		12
2176		14
2177		15
2178		13
2179		9
2180		11
2181		13
2182		14
2183		9
2184		17
2185		6
2186		14
2187		12
2188		9
2189		11
2190		12
2191		16
2192		10
2193		10
2194		9
2195		13
2196		9
2197		15
2198		11
2199		20
2200		9
2201		12
2202		10
2203		12
2204		13
2205		12
2206		13
2207		12
2208		13
2209		8
2210		9
2211		15
2212		16
2213		12
2214		9
2215		10
2216		9
2217		10
2218		16
2219		13
2220		8
2221		9
2222		20
2223		13
2224		9
2225		11
2226		12
2227		19
2228		12
2229		11
2230		10
2231		11
2232		13
2233		8
2234		16
2235		11
2236		9
2237		12
2238		8
2239		10
2240		11
2241		10
2242		8
2243		18
2244		10
2245		9
2246		12
2247		18
2248		20
2249		11
2250		17
2251		14
2252		13
2253		13
2254		10
2255		12
2256		9
2257		7
2258		8
2259		5
2260		9
2261		8
2262		8
2263		13
2264		10
2265		18
2266		11
2267		11
2268		4
2269		14
2270		10
2271		11
2272		4
2273		12
2274		5
2275		11
2276		10
2277		12
2278		7
2279		13
2280		8
2281		12
2282		12
2283		5
2284		11
2285		9
2286		13
2287		10
2288		12
2289		6
2290		4
2291		18
2292		14
2293		12
2294		10
2295		13
2296		13
2297		12
2298		11
2299		11
2300		10
2301		6
2302		10
2303		7
2304		10
2305		13
2306		18
2307		11
2308		12
2309		8
2310		9
2311		15
2312		9
2313		12
2314		10
2315		9
2316		9
2317		12
2318		11
2319		18
2320		5
2321		15
2322		14
2323		12
2324		5
2325		10
2326		12
2327		14
2328		7
2329		6
2330		13
2331		8
2332		16
2333		12
2334		11
2335		8
2336		11
2337		12
2338		7
2339		9
2340		5
2341		13
2342		10
2343		9
2344		11
2345		15
2346		6
2347		8
2348		11
2349		10
2350		7
2351		9
2352		21
2353		5
2354		11
2355		8
2356		10
2357		9
2358		15
2359		9
2360		9
2361		10
2362		15
2363		22
2364		6
2365		9
2366		12
2367		11
2368		12
2369		11
2370		7
2371		12
2372		13
2373		10
2374		6
2375		14
2376		7
2377		7
2378		7
2379		14
2380		12
2381		9
2382		5
2383		7
2384		7
2385		14
2386		12
2387		12
2388		14
2389		12
2390		9
2391		9
2392		10
2393		5
2394		12
2395		6
2396		12
2397		11
2398		9
2399		18
2400		10
2401		3
2402		10
2403		6
2404		13
2405		12
2406		7
2407		5
2408		9
2409		12
2410		9
2411		12
2412		10
2413		12
2414		9
2415		13
2416		13
2417		7
2418		10
2419		11
2420		11
2421		8
2422		8
2423		15
2424		13
2425		7
2426		5
2427		13
2428		10
2429		14
2430		11
2431		12
2432		16
2433		10
2434		7
2435		13
2436		12
2437		6
2438		10
2439		8
2440		9
2441		6
2442		9
2443		9
2444		10
2445		13
2446		9
2447		8
2448		7
2449		8
2450		7
2451		9
2452		11
2453		9
2454		8
2455		5
2456		4
2457		12
2458		2
2459		9
2460		15
2461		7
2462		14
2463		13
2464		8
2465		6
2466		8
2467		4
2468		9
2469		9
2470		15
2471		6
2472		6
2473		9
2474		12
2475		15
2476		12
2477		10
2478		10
2479		12
2480		6
2481		14
2482		14
2483		11
2484		10
2485		16
2486		4
2487		10
2488		10
2489		12
2490		7
2491		7
2492		3
2493		9
2494		6
2495		6
2496		5
2497		12
2498		11
2499		13
2500		8
2501		7
2502		9
2503		6
2504		10
2505		7
2506		7
2507		8
2508		6
2509		10
2510		12
2511		12
2512		7
2513		6
2514		8
2515		14
2516		6
2517		9
2518		10
2519		8
2520		10
2521		9
2522		10
2523		12
2524		5
2525		5
2526		10
2527		14
2528		11
2529		10
2530		8
2531		7
2532		6
2533		11
2534		12
2535		8
2536		10
2537		5
2538		14
2539		9
2540		8
2541		9
2542		8
2543		9
2544		10
2545		7
2546		9
2547		9
2548		5
2549		9
2550		13
2551		15
2552		5
2553		18
2554		5
2555		8
2556		12
2557		7
2558		8
2559		9
2560		8
2561		11
2562		8
2563		9
2564		7
2565		9
2566		13
2567		5
2568		6
2569		4
2570		12
2571		10
2572		13
2573		7
2574		11
2575		9
2576		7
2577		11
2578		8
2579		11
2580		7
2581		9
2582		10
2583		6
2584		15
2585		8
2586		7
2587		11
2588		9
2589		4
2590		9
2591		8
2592		5
2593		12
2594		8
2595		6
2596		5
2597		7
2598		7
2599		15
2600		12
2601		6
2602		6
2603		6
2604		12
2605		9
2606		7
2607		6
2608		8
2609		8
2610		7
2611		4
2612		4
2613		9
2614		3
2615		4
2616		6
2617		13
2618		4
2619		7
2620		7
2621		6
2622		5
2623		8
2624		13
2625		6
2626		9
2627		3
2628		8
2629		10
2630		7
2631		8
2632		6
2633		9
2634		8
2635		4
2636		6
2637		10
2638		5
2639		8
2640		3
2641		12
2642		13
2643		11
2644		6
2645		6
2646		12
2647		10
2648		11
2649		11
2650		8
2651		8
2652		9
2653		7
2654		6
2655		8
2656		8
2657		9
2658		7
2659		5
2660		10
2661		7
2662		10
2663		10
2664		4
2665		8
2666		6
2667		7
2668		10
2669		6
2670		7
2671		6
2672		7
2673		10
2674		6
2675		4
2676		10
2677		3
2678		12
2679		4
2680		6
2681		5
2682		12
2683		8
2684		9
2685		8
2686		5
2687		10
2688		10
2689		7
2690		14
2691		7
2692		10
2693		5
2694		6
2695		4
2696		9
2697		12
2698		7
2699		12
2700		11
2701		5
2702		7
2703		4
2704		15
2705		8
2706		5
2707		6
2708		8
2709		10
2710		10
2711		9
2712		10
2713		7
2714		8
2715		10
2716		8
2717		11
2718		10
2719		11
2720		6
2721		7
2722		11
2723		4
2724		4
2725		6
2726		4
2727		13
2728		5
2729		6
2730		11
2731		8
2732		5
2733		8
2734		9
2735		13
2736		13
2737		8
2738		15
2739		5
2740		6
2741		18
2742		10
2743		2
2744		5
2745		7
2746		6
2747		2
2748		4
2749		8
2750		8
2751		5
2752		7
2753		5
2754		7
2755		14
2756		8
2757		6
2758		8
2759		7
2760		7
2761		8
2762		7
2763		8
2764		5
2765		6
2766		6
2767		5
2768		9
2769		5
2770		5
2771		12
2772		10
2773		8
2774		4
2775		3
2776		10
2777		13
2778		8
2779		8
2780		13
2781		5
2782		9
2783		6
2784		7
2785		3
2786		10
2787		4
2788		5
2789		5
2790		4
2791		8
2792		5
2793		7
2794		5
2795		9
2796		10
2797		6
2798		6
2799		5
2800		4
2801		5
2802		11
2803		5
2804		7
2805		9
2806		11
2807		6
2808		8
2809		8
2810		11
2811		5
2812		2
2813		10
2814		1
2815		5
2816		4
2817		10
2818		4
2819		6
2820		4
2821		3
2822		9
2823		7
2824		5
2825		7
2826		2
2827		5
2828		6
2829		7
2830		7
2831		7
2832		9
2833		8
2834		5
2835		10
2836		8
2837		7
2838		4
2839		4
2840		7
2841		9
2842		7
2843		6
2844		2
2845		13
2846		8
2847		6
2848		3
2849		10
2850		10
2851		9
2852		10
2853		10
2854		9
2855		12
2856		5
2857		9
2858		8
2859		6
2860		6
2861		5
2862		12
2863		11
2864		8
2865		6
2866		8
2867		4
2868		5
2869		6
2870		2
2871		5
2872		6
2873		5
2874		5
2875		7
2876		12
2877		7
2878		10
2879		9
2880		6
2881		6
2882		11
2883		3
2884		6
2885		7
2886		7
2887		8
2888		9
2889		3
2890		3
2891		5
2892		5
2893		4
2894		7
2895		8
2896		7
2897		8
2898		5
2899		4
2900		3
2901		6
2902		10
2903		5
2904		4
2905		9
2906		7
2907		7
2908		4
2909		5
2910		3
2911		8
2912		8
2913		5
2914		4
2915		10
2916		7
2917		7
2918		2
2919		9
2920		6
2921		8
2922		4
2923		5
2924		5
2925		3
2926		7
2927		9
2928		6
2930		4
2931		9
2932		8
2933		4
2934		7
2935		6
2936		8
2937		8
2938		8
2939		4
2940		8
2941		3
2942		7
2943		2
2944		9
2945		11
2946		6
2947		11
2948		5
2949		5
2950		4
2951		5
2952		7
2953		8
2954		10
2955		3
2956		6
2957		9
2958		4
2959		6
2960		5
2961		9
2962		7
2963		5
2964		3
2965		5
2966		6
2967		5
2968		6
2969		6
2970		2
2971		4
2972		3
2973		7
2974		6
2975		6
2976		8
2977		4
2978		8
2979		5
2980		7
2981		2
2982		6
2983		9
2984		8
2985		5
2986		2
2987		6
2988		6
2989		4
2990		11
2991		6
2992		6
2993		2
2994		7
2995		5
2996		5
2997		6
2998		4
2999		6
3000		4
3001		8
3002		9
3003		3
3004		5
3005		4
3006		5
3007		6
3008		10
3009		5
3010		7
3011		6
3012		7
3013		8
3014		5
3015		3
3016		7
3017		8
3018		5
3019		4
3020		6
3021		6
3022		6
3023		8
3024		6
3025		8
3026		5
3027		5
3028		9
3029		8
3030		6
3031		7
3032		5
3033		7
3034		11
3035		6
3036		3
3037		5
3038		10
3039		5
3040		7
3041		6
3042		4
3043		6
3044		9
3045		4
3046		4
3047		6
3048		5
3049		6
3050		10
3051		8
3052		5
3053		3
3054		10
3055		8
3056		5
3057		9
3058		7
3059		5
3060		7
3061		6
3062		8
3063		3
3064		6
3065		4
3066		3
3067		10
3068		5
3069		9
3070		7
3071		5
3072		4
3073		6
3074		5
3075		7
3076		5
3077		2
3078		5
3079		4
3080		9
3081		4
3082		3
3083		8
3084		5
3085		7
3086		6
3087		6
3088		4
3089		5
3090		4
3091		8
3092		7
3093		3
3094		8
3095		6
3096		3
3097		1
3098		2
3099		8
3100		6
3101		3
3102		5
3103		6
3104		5
3105		8
3106		4
3107		4
3108		3
3109		5
3110		5
3111		1
3112		5
3113		8
3114		10
3115		11
3116		6
3117		8
3118		9
3119		9
3120		10
3121		6
3122		6
3123		6
3124		7
3125		7
3126		6
3127		4
3128		4
3129		3
3130		5
3131		4
3132		10
3133		3
3134		11
3135		5
3136		5
3137		5
3138		5
3139		3
3140		2
3141		1
3142		4
3143		6
3144		5
3145		3
3146		7
3147		4
3148		5
3149		7
3150		3
3151		7
3152		6
3153		6
3154		4
3155		2
3156		5
3157		3
3158		7
3159		4
3160		5
3161		5
3162		3
3163		3
3164		4
3165		8
3166		5
3167		4
3168		4
3169		1
3170		8
3171		3
3172		3
3173		3
3174		2
3175		6
3176		5
3177		12
3178		3
3179		7
3180		9
3181		9
3182		5
3183		4
3184		3
3185		4
3186		5
3187		5
3188		3
3189		2
3190		5
3191		4
3192		2
3193		7
3194		8
3195		6
3196		4
3197		6
3198		4
3199		5
3200		8
3201		5
3202		5
3203		3
3204		4
3205		11
3206		7
3207		4
3208		3
3209		2
3210		3
3211		6
3212		9
3213		7
3214		5
3215		8
3216		6
3217		1
3218		4
3219		6
3220		6
3221		9
3222		5
3223		7
3224		7
3225		3
3226		5
3227		8
3228		5
3229		10
3230		3
3231		6
3232		6
3233		7
3234		7
3235		3
3236		8
3237		2
3238		2
3239		3
3240		2
3241		1
3242		7
3243		4
3244		3
3245		4
3246		5
3247		8
3248		3
3249		4
3250		8
3251		4
3252		7
3253		8
3254		5
3255		3
3256		4
3257		7
3258		7
3259		3
3260		5
3261		7
3262		5
3263		8
3264		6
3265		5
3266		7
3267		4
3268		4
3269		7
3270		3
3271		5
3272		3
3273		3
3274		5
3275		4
3276		5
3277		6
3278		3
3279		1
3280		5
3281		8
3282		2
3283		4
3284		4
3285		5
3286		5
3287		2
3288		1
3289		12
3290		3
3291		4
3292		4
3293		4
3294		9
3295		8
3296		4
3297		3
3298		4
3299		4
3300		4
3301		6
3302		5
3303		5
3304		5
3305		6
3306		5
3307		5
3308		2
3309		2
3310		7
3311		5
3312		3
3313		1
3314		3
3315		5
3316		7
3317		11
3318		6
3319		3
3320		7
3321		3
3322		7
3323		2
3324		5
3325		5
3326		2
3327		3
3328		4
3329		5
3330		5
3331		5
3332		6
3333		1
3334		4
3335		3
3336		2
3337		4
3338		5
3339		3
3340		3
3341		5
3342		3
3343		5
3344		6
3345		8
3346		5
3347		4
3348		4
3349		3
3350		5
3351		2
3352		8
3353		8
3354		4
3355		3
3356		5
3357		7
3358		2
3359		5
3360		2
3361		6
3362		3
3363		7
3364		2
3365		4
3366		4
3367		6
3368		4
3369		2
3370		5
3371		4
3372		6
3373		1
3374		7
3375		6
3376		5
3377		4
3378		7
3379		4
3380		3
3381		2
3382		4
3383		3
3384		1
3385		6
3386		6
3387		4
3388		2
3389		5
3390		3
3391		5
3392		3
3393		5
3394		7
3395		5
3397		1
3398		4
3399		6
3400		7
3401		2
3402		5
3403		8
3404		7
3405		1
3406		3
3407		4
3408		4
3409		3
3410		6
3411		6
3412		3
3413		4
3414		3
3415		3
3416		2
3417		2
3418		3
3419		4
3420		5
3421		3
3422		6
3423		4
3424		5
3425		4
3426		1
3427		3
3428		6
3429		4
3430		3
3431		3
3432		3
3433		2
3434		5
3435		3
3436		5
3437		1
3438		1
3439		4
3440		3
3441		1
3442		4
3443		4
3444		2
3445		5
3446		4
3447		2
3448		7
3449		4
3450		4
3451		4
3452		5
3453		6
3454		5
3455		6
3456		7
3457		6
3458		4
3459		4
3460		1
3461		6
3462		4
3463		3
3464		3
3465		3
3466		6
3467		8
3468		3
3469		3
3470		3
3471		9
3472		3
3473		4
3474		6
3475		4
3476		4
3477		5
3478		2
3479		3
3480		5
3481		2
3482		6
3483		2
3484		3
3485		5
3486		5
3487		5
3488		7
3489		6
3490		5
3491		4
3492		3
3493		4
3494		5
3495		4
3496		3
3497		5
3498		3
3499		7
3500		5
3501		3
3502		3
3503		4
3504		3
3505		1
3506		3
3507		7
3508		4
3509		4
3510		2
3511		1
3512		7
3513		1
3514		10
3515		3
3516		3
3517		3
3518		3
3519		3
3520		4
3521		8
3522		3
3523		3
3524		2
3525		6
3526		5
3527		2
3528		2
3529		6
3530		3
3531		5
3532		6
3533		5
3534		4
3535		4
3536		4
3537		2
3538		4
3539		6
3540		2
3541		4
3542		5
3543		4
3544		4
3545		2
3546		3
3547		4
3548		7
3549		5
3550		2
3551		4
3552		3
3553		8
3554		4
3555		5
3556		4
3557		6
3558		4
3559		4
3560		5
3561		5
3562		5
3563		3
3564		4
3565		4
3567		2
3568		2
3569		4
3570		5
3571		3
3572		1
3573		8
3574		2
3575		3
3576		3
3577		3
3578		2
3579		8
3580		6
3581		4
3582		4
3583		3
3584		3
3585		3
3586		4
3587		4
3588		2
3589		4
3590		8
3591		3
3592		2
3593		5
3594		2
3595		6
3596		4
3597		3
3598		2
3599		1
3600		3
3601		6
3602		4
3603		4
3605		4
3606		3
3607		5
3608		1
3609		3
3610		6
3611		2
3613		2
3614		3
3615		2
3616		4
3617		6
3618		5
3619		4
3620		3
3621		4
3622		4
3623		6
3624		3
3625		4
3626		4
3627		6
3628		2
3629		5
3630		2
3631		4
3632		4
3633		3
3634		6
3635		6
3636		6
3637		6
3638		2
3639		1
3640		4
3641		3
3642		6
3643		3
3644		2
3645		7
3646		5
3647		2
3648		5
3649		2
3650		4
3651		2
3653		4
3654		3
3655		3
3656		5
3657		1
3658		1
3659		4
3660		3
3661		3
3662		7
3663		3
3664		6
3665		6
3666		3
3667		2
3668		6
3669		5
3670		3
3671		4
3672		2
3673		2
3674		4
3675		5
3676		2
3677		5
3678		3
3679		3
3681		2
3682		4
3683		1
3684		7
3685		3
3686		6
3687		2
3688		2
3689		5
3690		3
3691		1
3693		2
3694		4
3695		2
3696		1
3697		3
3698		1
3699		4
3700		3
3701		4
3702		1
3703		2
3704		7
3705		2
3706		7
3707		2
3708		3
3709		9
3710		4
3711		3
3712		4
3713		4
3714		2
3715		3
3716		2
3717		1
3718		2
3719		2
3720		4
3721		5
3722		2
3723		4
3724		4
3726		1
3727		1
3728		5
3729		3
3730		3
3731		3
3732		1
3733		5
3734		3
3735		3
3737		4
3738		5
3739		3
3740		1
3741		2
3742		3
3743		4
3744		5
3745		5
3747		2
3748		2
3749		4
3751		4
3752		3
3753		2
3754		8
3756		3
3757		3
3758		2
3759		5
3760		3
3762		4
3763		4
3764		1
3765		4
3766		2
3767		6
3768		3
3769		8
3770		1
3771		3
3772		3
3773		1
3774		5
3775		5
3776		1
3777		3
3778		5
3780		3
3781		6
3782		2
3783		3
3784		3
3785		3
3786		7
3787		4
3788		7
3789		2
3790		3
3791		3
3792		1
3793		5
3794		3
3795		3
3796		6
3798		2
3799		4
3800		4
3801		2
3802		3
3803		1
3804		2
3805		6
3806		3
3807		1
3808		2
3809		5
3810		3
3811		5
3812		5
3813		1
3814		4
3815		1
3816		2
3817		2
3819		2
3820		3
3821		1
3822		3
3823		5
3824		3
3825		2
3826		3
3827		3
3828		8
3829		7
3830		5
3831		3
3832		1
3833		1
3834		2
3835		2
3836		5
3837		2
3838		3
3839		4
3840		2
3841		1
3842		3
3843		1
3844		3
3845		3
3846		4
3847		4
3848		3
3849		1
3850		2
3851		1
3852		6
3853		1
3854		2
3855		8
3856		2
3857		1
3858		2
3859		1
3860		2
3861		2
3862		3
3863		3
3864		5
3865		1
3866		6
3867		2
3868		1
3869		2
3870		2
3872		1
3873		2
3874		6
3875		1
3876		4
3877		7
3878		4
3879		1
3881		2
3882		2
3883		4
3884		4
3885		1
3886		8
3887		3
3889		1
3890		4
3891		2
3892		9
3893		3
3894		4
3895		4
3896		5
3897		3
3898		2
3899		4
3900		1
3901		5
3902		5
3903		4
3904		3
3905		2
3906		3
3907		2
3908		3
3909		2
3910		2
3911		4
3912		2
3913		2
3914		4
3915		2
3916		4
3917		3
3918		3
3919		3
3920		2
3921		3
3922		1
3924		2
3925		1
3926		2
3927		4
3928		3
3929		5
3930		3
3931		1
3932		2
3933		2
3934		4
3935		2
3936		3
3937		2
3938		1
3939		4
3940		3
3941		5
3942		2
3943		7
3945		3
3946		3
3947		4
3949		2
3950		5
3951		3
3952		3
3953		6
3954		3
3955		5
3956		1
3957		4
3958		2
3959		1
3960		2
3961		1
3962		5
3963		1
3964		3
3965		7
3966		3
3967		3
3968		2
3969		2
3970		2
3971		2
3972		2
3973		5
3974		2
3975		2
3976		1
3977		1
3978		4
3979		1
3980		1
3981		5
3982		2
3983		1
3984		3
3985		1
3986		5
3987		2
3988		2
3989		1
3991		2
3992		1
3993		1
3994		3
3995		3
3996		2
3997		2
3998		3
3999		4
4003		4
4004		2
4005		1
4006		1
4007		2
4008		1
4010		3
4011		1
4012		2
4014		3
4015		4
4016		2
4017		4
4018		4
4019		1
4020		3
4021		1
4023		3
4024		2
4025		4
4026		1
4027		2
4028		1
4029		3
4030		2
4031		4
4032		3
4033		3
4034		3
4035		2
4036		1
4037		1
4038		2
4039		2
4040		3
4041		4
4043		2
4044		3
4045		4
4046		3
4047		5
4048		2
4049		2
4050		3
4051		5
4052		2
4053		2
4054		4
4055		2
4056		1
4057		2
4058		2
4060		3
4061		1
4062		1
4063		3
4064		3
4065		2
4067		4
4068		3
4069		2
4070		2
4071		4
4072		2
4073		5
4074		4
4075		1
4076		2
4077		1
4078		5
4080		3
4081		3
4082		1
4083		2
4084		4
4085		3
4086		1
4087		1
4088		3
4089		3
4090		1
4091		2
4092		3
4093		3
4094		2
4095		1
4096		2
4097		2
4099		2
4100		4
4101		2
4102		4
4105		3
4106		2
4107		2
4108		3
4109		1
4110		4
4111		5
4112		2
4113		1
4114		6
4115		1
4116		1
4117		2
4118		1
4119		2
4120		4
4121		2
4122		1
4123		3
4124		1
4125		1
4126		2
4128		1
4130		1
4131		1
4133		1
4134		1
4135		1
4136		1
4138		2
4139		5
4140		5
4141		1
4142		3
4143		2
4144		2
4145		2
4146		2
4147		5
4148		1
4149		1
4150		2
4151		3
4152		2
4153		3
4154		5
4155		1
4159		5
4160		1
4161		2
4162		1
4165		5
4166		2
4167		3
4168		4
4169		4
4170		2
4171		2
4172		1
4173		1
4174		1
4176		1
4177		2
4178		1
4179		2
4180		1
4181		1
4182		1
4183		3
4184		1
4186		1
4188		7
4190		1
4191		1
4192		1
4193		3
4194		2
4196		3
4198		6
4199		2
4200		2
4201		1
4202		3
4203		2
4204		2
4206		1
4207		1
4208		3
4209		2
4211		2
4212		3
4213		1
4214		1
4215		1
4216		4
4217		3
4218		2
4221		1
4223		2
4224		2
4225		1
4226		1
4227		3
4228		2
4229		2
4230		5
4231		3
4232		3
4233		6
4234		1
4236		3
4237		3
4238		1
4239		1
4240		2
4241		2
4242		3
4243		1
4244		2
4245		3
4246		3
4247		1
4248		6
4249		3
4250		3
4251		1
4253		2
4254		1
4256		2
4257		2
4260		2
4261		2
4262		1
4263		2
4265		4
4266		2
4267		2
4268		1
4269		4
4270		3
4271		3
4273		1
4275		2
4277		2
4278		2
4279		2
4280		3
4281		3
4282		4
4283		4
4284		1
4285		1
4286		1
4289		2
4291		1
4293		1
4294		2
4295		1
4296		2
4297		2
4298		1
4299		3
4301		1
4302		2
4303		3
4307		2
4310		3
4312		2
4313		1
4314		2
4315		2
4316		1
4318		2
4321		1
4322		4
4323		2
4324		2
4325		1
4326		1
4327		2
4328		4
4329		1
4330		2
4331		3
4332		5
4333		2
4334		2
4336		1
4337		2
4338		2
4339		1
4340		3
4342		3
4344		3
4345		1
4346		1
4347		1
4348		2
4350		3
4351		1
4352		2
4353		1
4354		3
4355		2
4356		3
4358		5
4359		2
4360		1
4361		2
4362		1
4364		2
4365		5
4366		1
4367		2
4369		2
4370		1
4371		1
4372		2
4373		1
4375		4
4376		5
4377		2
4378		3
4379		2
4380		1
4381		1
4382		1
4383		1
4384		2
4385		2
4386		1
4387		1
4388		2
4389		1
4390		3
4391		2
4392		1
4393		1
4394		2
4395		1
4396		1
4397		2
4398		1
4399		2
4400		2
4401		1
4402		2
4403		3
4405		1
4406		1
4407		2
4408		2
4411		1
4413		2
4415		4
4416		1
4418		1
4419		4
4420		2
4421		2
4422		2
4423		2
4425		1
4426		6
4428		2
4430		3
4431		1
4432		4
4433		1
4434		3
4435		2
4436		1
4437		3
4439		2
4440		2
4442		2
4443		3
4444		2
4449		1
4450		1
4451		1
4452		1
4454		1
4455		1
4456		2
4458		2
4459		1
4460		2
4461		2
4462		2
4463		4
4464		1
4465		1
4466		1
4469		1
4470		1
4471		3
4474		1
4476		2
4478		2
4479		3
4480		2
4481		1
4482		1
4483		1
4485		3
4486		2
4487		1
4488		3
4489		2
4490		1
4493		1
4494		1
4495		1
4497		1
4499		2
4500		4
4501		3
4502		2
4503		1
4504		2
4505		1
4506		3
4507		2
4508		2
4509		1
4510		1
4512		1
4513		1
4514		2
4515		2
4518		1
4519		2
4520		1
4523		1
4524		1
4525		2
4526		2
4527		1
4528		1
4529		1
4531		1
4534		1
4535		2
4537		2
4539		3
4540		1
4541		2
4543		2
4544		1
4545		3
4546		1
4548		3
4551		2
4553		1
4555		1
4556		2
4558		1
4559		1
4560		1
4561		2
4564		2
4565		3
4566		5
4567		1
4568		2
4570		2
4571		2
4573		1
4574		1
4575		3
4576		1
4577		3
4578		2
4580		2
4582		2
4583		1
4584		2
4585		1
4586		2
4587		1
4590		1
4591		1
4592		4
4593		2
4594		3
4595		1
4599		3
4600		1
4601		1
4602		1
4603		1
4604		2
4605		1
4606		1
4608		1
4609		2
4610		2
4611		3
4612		3
4614		1
4615		1
4617		3
4619		2
4620		1
4624		2
4625		2
4626		1
4627		1
4628		2
4629		3
4633		2
4634		1
4635		1
4638		2
4640		3
4641		3
4642		1
4643		1
4644		1
4645		1
4649		1
4651		1
4652		1
4653		1
4656		1
4658		1
4660		1
4662		1
4664		2
4665		1
4668		1
4670		1
4671		1
4673		1
4675		2
4676		1
4677		3
4679		1
4683		1
4684		1
4685		1
4686		1
4688		1
4690		3
4691		1
4692		1
4693		1
4694		1
4698		3
4701		2
4702		1
4704		2
4705		1
4707		1
4708		2
4711		4
4712		2
4717		2
4721		2
4722		1
4724		1
4725		1
4726		4
4729		2
4732		1
4733		2
4736		1
4738		3
4740		2
4741		1
4745		2
4749		1
4750		2
4751		1
4752		2
4753		2
4754		1
4755		3
4757		1
4758		1
4760		3
4762		2
4764		1
4765		2
4768		3
4769		2
4770		1
4772		1
4775		1
4776		2
4777		2
4778		2
4781		1
4782		2
4784		1
4789		1
4792		4
4793		1
4794		1
4795		1
4797		1
4799		1
4801		1
4802		3
4804		1
4807		2
4811		2
4812		2
4813		1
4814		2
4815		1
4817		1
4819		2
4820		3
4823		3
4825		2
4826		1
4830		1
4833		1
4835		2
4838		1
4839		1
4840		2
4841		1
4842		1
4843		1
4844		1
4845		1
4846		2
4849		1
4851		1
4852		1
4853		1
4854		1
4856		1
4862		1
4864		1
4865		1
4866		2
4871		2
4874		1
4875		2
4876		1
4880		1
4882		1
4884		1
4888		1
4890		3
4892		1
4893		1
4894		2
4896		1
4899		3
4904		5
4906		2
4907		2
4908		1
4910		1
4912		1
4914		1
4917		1
4918		4
4923		1
4924		1
4929		1
4930		3
4934		1
4935		1
4940		1
4941		1
4943		1
4944		2
4947		1
4948		1
4950		1
4951		1
4953		1
4954		1
4955		1
4957		1
4958		1
4959		2
4966		2
4968		1
4969		1
4970		1
4971		1
4972		1
4977		2
4979		2
4980		1
4984		1
4985		1
4987		1
4990		1
4992		2
4994		1
4995		1
4996		1
4997		1
5002		1
5003		1
5008		1
5010		1
5015		2
5016		1
5022		1
5023		1
5026		2
5028		2
5031		1
5033		1
5034		1
5038		1
5046		2
5048		1
5049		1
5051		1
5052		1
5054		1
5056		2
5057		1
5058		1
5063		1
5064		1
5066		1
5071		1
5076		1
5079		1
5082		1
5084		1
5086		1
5088		1
5091		1
5093		1
5094		2
5095		2
5096		1
5097		1
5102		1
5104		2
5105		1
5108		1
5112		1
5119		1
5120		1
5121		2
5122		1
5126		2
5129		2
5130		2
5136		2
5139		1
5141		2
5144		1
5145		1
5150		1
5152		1
5156		1
5164		1
5165		1
5167		1
5169		2
5171		1
5173		1
5175		1
5176		1
5183		2
5184		1
5187		1
5192		1
5195		1
5200		1
5201		1
5205		1
5209		1
5211		1
5220		2
5228		1
5232		1
5235		2
5236		1
5238		2
5243		1
5247		1
5248		1
5250		1
5251		1
5252		1
5256		1
5260		1
5265		1
5266		1
5268		1
5272		1
5282		1
5287		1
5288		1
5289		1
5292		1
5299		1
5305		1
5312		3
5313		1
5316		1
5321		1
5328		1
5330		1
5333		2
5334		1
5341		1
5342		1
5344		2
5345		1
5346		1
5361		1
5362		1
5366		1
5371		1
5378		1
5379		1
5381		2
5384		2
5406		1
5413		1
5419		1
5420		1
5424		1
5429		1
5441		1
5456		1
5458		1
5464		1
5466		1
5467		1
5471		1
5479		1
5481		1
5499		2
5501		1
5528		1
5537		1
5543		1
5544		1
5546		1
5554		1
5555		1
5569		1
5570		1
5574		1
5584		1
5587		1
5602		1
5612		1
5617		1
5644		1
5646		1
5654		1
5656		1
5665		1
5674		1
5678		1
5704		1
5718		1
5725		2
5728		1
5732		1
5738		1
5739		1
5748		1
5760		1
5766		1
5771		1
5774		1
5795		1
5805		1
5806		1
5815		1
5821		1
5822		1
5836		1
5840		1
5844		1
5847		1
5849		1
5884		1
5897		1
5915		1
5916		1
5918		1
5923		1
5939		1
5961		1
5966		1
5970		1
5984		2
6021		1
6024		1
6025		1
6030		1
6047		1
6062		1
6067		1
6155		1
6180		1
6192		1
6254		1
6270		1
6317		1
6369		1
6522		1
