Tamaños		Cantidades
1		7235449
2		1466587
3		859249
4		548205
5		378986
6		274948
7		209944
8		165463
9		134464
10		111142
11		93024
12		79514
13		68916
14		60588
15		52826
16		47023
17		41823
18		37810
19		34254
20		31079
21		28474
22		26069
23		23948
24		22029
25		20560
26		19133
27		17818
28		16625
29		15553
30		14622
31		13708
32		13015
33		12221
34		11493
35		10926
36		10455
37		9910
38		9342
39		8939
40		8609
41		8020
42		7642
43		7503
44		7007
45		6992
46		6666
47		6428
48		6066
49		5762
50		5788
51		5472
52		5101
53		5149
54		4800
55		4693
56		4591
57		4392
58		4314
59		4078
60		3931
61		3845
62		3835
63		3590
64		3582
65		3412
66		3350
67		3305
68		3115
69		2997
70		3013
71		2816
72		2780
73		2834
74		2655
75		2576
76		2670
77		2543
78		2349
79		2412
80		2297
81		2265
82		2286
83		2092
84		2048
85		2060
86		2034
87		2025
88		1978
89		1860
90		1832
91		1818
92		1804
93		1747
94		1710
95		1698
96		1651
97		1622
98		1643
99		1591
100		1544
101		1425
102		1432
103		1422
104		1401
105		1392
106		1343
107		1342
108		1297
109		1334
110		1294
111		1244
112		1239
113		1219
114		1196
115		1233
116		1201
117		1138
118		1095
119		1143
120		1067
121		1052
122		1077
123		1046
124		1011
125		1007
126		952
127		950
128		908
129		933
130		918
131		889
132		881
133		925
134		860
135		884
136		879
137		844
138		778
139		819
140		828
141		827
142		749
143		802
144		790
145		756
146		729
147		751
148		754
149		726
150		676
151		747
152		685
153		690
154		691
155		694
156		686
157		682
158		645
159		660
160		627
161		586
162		643
163		624
164		621
165		600
166		596
167		605
168		566
169		530
170		578
171		550
172		559
173		565
174		502
175		547
176		545
177		509
178		538
179		547
180		556
181		524
182		525
183		499
184		476
185		494
186		495
187		443
188		567
189		459
190		456
191		442
192		465
193		471
194		491
195		432
196		428
197		434
198		462
199		436
200		447
201		418
202		426
203		422
204		421
205		413
206		384
207		373
208		435
209		369
210		388
211		393
212		339
213		370
214		372
215		367
216		338
217		376
218		369
219		332
220		337
221		323
222		366
223		339
224		314
225		340
226		321
227		343
228		343
229		333
230		328
231		312
232		336
233		307
234		295
235		337
236		320
237		325
238		293
239		313
240		299
241		337
242		287
243		282
244		289
245		304
246		272
247		290
248		288
249		303
250		284
251		282
252		264
253		259
254		259
255		240
256		263
257		266
258		271
259		266
260		266
261		226
262		250
263		246
264		247
265		261
266		245
267		232
268		224
269		224
270		265
271		241
272		211
273		226
274		225
275		229
276		234
277		234
278		232
279		181
280		241
281		229
282		214
283		208
284		227
285		236
286		230
287		232
288		219
289		212
290		218
291		197
292		229
293		219
294		224
295		178
296		213
297		228
298		201
299		224
300		197
301		226
302		212
303		200
304		189
305		196
306		190
307		227
308		191
309		201
310		188
311		172
312		164
313		166
314		189
315		152
316		198
317		173
318		167
319		175
320		159
321		209
322		189
323		201
324		150
325		174
326		176
327		178
328		153
329		158
330		161
331		180
332		177
333		179
334		146
335		164
336		174
337		173
338		169
339		145
340		164
341		177
342		176
343		150
344		150
345		153
346		159
347		151
348		129
349		157
350		165
351		152
352		146
353		152
354		162
355		115
356		131
357		151
358		144
359		139
360		161
361		141
362		150
363		137
364		134
365		145
366		134
367		169
368		136
369		162
370		147
371		120
372		123
373		159
374		139
375		144
376		117
377		109
378		135
379		117
380		140
381		127
382		121
383		120
384		140
385		134
386		126
387		135
388		117
389		144
390		123
391		120
392		126
393		119
394		147
395		116
396		118
397		110
398		120
399		122
400		107
401		116
402		116
403		108
404		111
405		128
406		123
407		126
408		125
409		115
410		121
411		110
412		119
413		116
414		109
415		110
416		115
417		95
418		96
419		111
420		94
421		113
422		111
423		122
424		120
425		102
426		103
427		111
428		104
429		117
430		121
431		99
432		93
433		88
434		93
435		96
436		116
437		118
438		101
439		106
440		110
441		94
442		88
443		107
444		115
445		105
446		109
447		106
448		96
449		114
450		105
451		93
452		112
453		89
454		80
455		87
456		96
457		103
458		88
459		92
460		83
461		84
462		93
463		90
464		95
465		100
466		94
467		99
468		88
469		89
470		80
471		103
472		96
473		78
474		94
475		107
476		105
477		86
478		77
479		91
480		88
481		99
482		94
483		87
484		78
485		92
486		83
487		72
488		72
489		97
490		92
491		91
492		95
493		93
494		82
495		92
496		99
497		90
498		77
499		78
500		76
501		81
502		87
503		71
504		73
505		75
506		98
507		78
508		87
509		80
510		89
511		91
512		58
513		91
514		91
515		70
516		78
517		87
518		71
519		75
520		74
521		87
522		82
523		78
524		78
525		84
526		80
527		74
528		83
529		68
530		76
531		79
532		62
533		66
534		78
535		72
536		65
537		64
538		67
539		78
540		76
541		93
542		80
543		89
544		88
545		75
546		81
547		81
548		69
549		61
550		65
551		68
552		79
553		66
554		63
555		65
556		71
557		67
558		74
559		53
560		73
561		65
562		51
563		72
564		66
565		63
566		66
567		61
568		64
569		59
570		77
571		50
572		69
573		66
574		67
575		52
576		61
577		63
578		56
579		68
580		68
581		58
582		61
583		64
584		62
585		47
586		55
587		54
588		57
589		42
590		71
591		57
592		54
593		48
594		50
595		60
596		60
597		79
598		51
599		67
600		63
601		69
602		59
603		62
604		60
605		64
606		59
607		56
608		56
609		68
610		69
611		65
612		45
613		49
614		55
615		65
616		62
617		62
618		56
619		73
620		62
621		56
622		45
623		57
624		60
625		47
626		63
627		59
628		73
629		60
630		51
631		42
632		45
633		52
634		60
635		60
636		50
637		44
638		50
639		56
640		49
641		54
642		61
643		65
644		53
645		67
646		62
647		51
648		47
649		69
650		43
651		61
652		62
653		65
654		50
655		45
656		56
657		43
658		45
659		50
660		46
661		56
662		46
663		44
664		49
665		54
666		39
667		38
668		60
669		50
670		56
671		46
672		46
673		46
674		46
675		47
676		44
677		58
678		50
679		51
680		47
681		41
682		47
683		37
684		54
685		46
686		56
687		37
688		39
689		43
690		40
691		51
692		43
693		56
694		48
695		39
696		40
697		38
698		49
699		52
700		41
701		41
702		41
703		49
704		40
705		37
706		59
707		52
708		51
709		49
710		56
711		48
712		45
713		38
714		37
715		41
716		46
717		40
718		50
719		49
720		32
721		47
722		40
723		59
724		46
725		46
726		36
727		41
728		37
729		38
730		37
731		33
732		36
733		51
734		46
735		45
736		33
737		45
738		36
739		43
740		37
741		37
742		61
743		48
744		39
745		30
746		52
747		52
748		39
749		51
750		32
751		44
752		36
753		50
754		38
755		44
756		34
757		41
758		54
759		35
760		36
761		37
762		31
763		34
764		42
765		54
766		33
767		42
768		39
769		41
770		54
771		37
772		39
773		51
774		31
775		47
776		40
777		43
778		40
779		44
780		42
781		40
782		33
783		32
784		36
785		46
786		39
787		38
788		44
789		33
790		33
791		28
792		41
793		28
794		32
795		37
796		29
797		46
798		34
799		41
800		28
801		33
802		39
803		31
804		43
805		31
806		35
807		32
808		34
809		44
810		37
811		37
812		46
813		28
814		30
815		40
816		47
817		29
818		37
819		33
820		44
821		29
822		34
823		36
824		22
825		33
826		36
827		39
828		42
829		34
830		29
831		38
832		30
833		33
834		26
835		49
836		42
837		30
838		39
839		39
840		43
841		31
842		38
843		31
844		31
845		33
846		37
847		30
848		26
849		41
850		35
851		35
852		39
853		34
854		37
855		47
856		30
857		23
858		32
859		30
860		34
861		31
862		38
863		24
864		25
865		44
866		29
867		27
868		29
869		39
870		36
871		32
872		30
873		31
874		25
875		23
876		31
877		25
878		30
879		27
880		36
881		32
882		24
883		20
884		30
885		23
886		24
887		29
888		33
889		29
890		32
891		35
892		28
893		28
894		26
895		29
896		28
897		25
898		28
899		31
900		34
901		31
902		27
903		27
904		32
905		35
906		30
907		28
908		29
909		29
910		27
911		24
912		30
913		32
914		32
915		25
916		36
917		22
918		26
919		26
920		35
921		33
922		39
923		23
924		20
925		39
926		27
927		23
928		32
929		33
930		32
931		31
932		21
933		20
934		26
935		34
936		33
937		28
938		30
939		29
940		36
941		33
942		25
943		16
944		33
945		19
946		34
947		28
948		31
949		18
950		33
951		33
952		24
953		34
954		23
955		26
956		24
957		17
958		28
959		20
960		30
961		30
962		27
963		28
964		23
965		31
966		29
967		25
968		26
969		28
970		29
971		38
972		29
973		31
974		25
975		27
976		25
977		33
978		24
979		30
980		26
981		28
982		34
983		26
984		30
985		35
986		31
987		32
988		27
989		25
990		28
991		29
992		22
993		24
994		34
995		34
996		20
997		12
998		25
999		27
1000		26
1001		19
1002		22
1003		28
1004		30
1005		22
1006		31
1007		29
1008		28
1009		25
1010		17
1011		27
1012		20
1013		29
1014		19
1015		26
1016		23
1017		25
1018		19
1019		30
1020		18
1021		22
1022		28
1023		21
1024		28
1025		24
1026		14
1027		21
1028		17
1029		25
1030		20
1031		24
1032		19
1033		19
1034		24
1035		23
1036		28
1037		20
1038		15
1039		16
1040		22
1041		23
1042		21
1043		29
1044		18
1045		21
1046		29
1047		21
1048		31
1049		23
1050		36
1051		27
1052		24
1053		34
1054		28
1055		25
1056		18
1057		17
1058		20
1059		26
1060		29
1061		30
1062		20
1063		23
1064		31
1065		17
1066		16
1067		31
1068		22
1069		22
1070		19
1071		19
1072		19
1073		19
1074		19
1075		22
1076		14
1077		26
1078		17
1079		26
1080		12
1081		30
1082		23
1083		26
1084		28
1085		25
1086		15
1087		20
1088		19
1089		29
1090		18
1091		34
1092		17
1093		26
1094		16
1095		21
1096		20
1097		16
1098		32
1099		25
1100		13
1101		19
1102		24
1103		24
1104		19
1105		23
1106		16
1107		20
1108		24
1109		30
1110		13
1111		23
1112		20
1113		25
1114		22
1115		32
1116		12
1117		17
1118		22
1119		22
1120		9
1121		23
1122		11
1123		20
1124		24
1125		13
1126		24
1127		17
1128		19
1129		21
1130		19
1131		19
1132		18
1133		16
1134		21
1135		24
1136		18
1137		20
1138		17
1139		12
1140		22
1141		13
1142		25
1143		29
1144		16
1145		18
1146		23
1147		26
1148		12
1149		21
1150		25
1151		12
1152		22
1153		14
1154		14
1155		20
1156		19
1157		19
1158		23
1159		17
1160		23
1161		20
1162		17
1163		23
1164		19
1165		22
1166		15
1167		22
1168		21
1169		20
1170		30
1171		12
1172		19
1173		15
1174		16
1175		18
1176		12
1177		20
1178		17
1179		16
1180		25
1181		17
1182		17
1183		22
1184		18
1185		18
1186		15
1187		15
1188		30
1189		19
1190		26
1191		20
1192		21
1193		13
1194		20
1195		19
1196		19
1197		19
1198		18
1199		30
1200		20
1201		17
1202		21
1203		15
1204		17
1205		28
1206		14
1207		21
1208		16
1209		16
1210		10
1211		18
1212		13
1213		20
1214		15
1215		14
1216		20
1217		19
1218		15
1219		23
1220		29
1221		16
1222		21
1223		19
1224		14
1225		22
1226		11
1227		14
1228		23
1229		17
1230		17
1231		18
1232		10
1233		23
1234		15
1235		14
1236		19
1237		15
1238		23
1239		14
1240		10
1241		15
1242		18
1243		17
1244		18
1245		22
1246		17
1247		23
1248		17
1249		9
1250		19
1251		19
1252		15
1253		27
1254		23
1255		17
1256		17
1257		22
1258		16
1259		12
1260		15
1261		11
1262		18
1263		17
1264		25
1265		21
1266		14
1267		17
1268		19
1269		18
1270		14
1271		11
1272		20
1273		17
1274		24
1275		19
1276		12
1277		15
1278		16
1279		18
1280		19
1281		11
1282		13
1283		13
1284		16
1285		19
1286		11
1287		25
1288		18
1289		13
1290		19
1291		15
1292		16
1293		20
1294		12
1295		25
1296		19
1297		17
1298		16
1299		13
1300		15
1301		20
1302		15
1303		15
1304		15
1305		18
1306		19
1307		15
1308		12
1309		15
1310		12
1311		23
1312		27
1313		19
1314		15
1315		15
1316		16
1317		14
1318		14
1319		23
1320		18
1321		15
1322		19
1323		15
1324		18
1325		14
1326		12
1327		15
1328		11
1329		13
1330		18
1331		14
1332		14
1333		10
1334		18
1335		9
1336		11
1337		17
1338		16
1339		16
1340		18
1341		10
1342		16
1343		21
1344		14
1345		15
1346		17
1347		13
1348		17
1349		14
1350		13
1351		9
1352		21
1353		19
1354		16
1355		17
1356		9
1357		17
1358		22
1359		21
1360		16
1361		15
1362		17
1363		15
1364		18
1365		19
1366		14
1367		12
1368		19
1369		11
1370		11
1371		19
1372		10
1373		14
1374		23
1375		12
1376		17
1377		15
1378		20
1379		13
1380		15
1381		29
1382		8
1383		7
1384		15
1385		12
1386		12
1387		16
1388		13
1389		13
1390		13
1391		15
1392		15
1393		13
1394		13
1395		19
1396		12
1397		16
1398		16
1399		16
1400		5
1401		16
1402		7
1403		17
1404		14
1405		15
1406		13
1407		17
1408		14
1409		15
1410		20
1411		15
1412		14
1413		14
1414		10
1415		12
1416		17
1417		17
1418		10
1419		13
1420		14
1421		11
1422		16
1423		13
1424		14
1425		12
1426		10
1427		15
1428		11
1429		19
1430		13
1431		19
1432		16
1433		14
1434		10
1435		17
1436		13
1437		15
1438		15
1439		16
1440		16
1441		13
1442		14
1443		10
1444		11
1445		17
1446		11
1447		11
1448		14
1449		9
1450		12
1451		16
1452		16
1453		12
1454		10
1455		23
1456		8
1457		10
1458		11
1459		17
1460		15
1461		18
1462		21
1463		9
1464		13
1465		10
1466		14
1467		17
1468		12
1469		17
1470		18
1471		25
1472		15
1473		15
1474		9
1475		16
1476		15
1477		9
1478		11
1479		14
1480		14
1481		12
1482		13
1483		16
1484		11
1485		17
1486		12
1487		9
1488		20
1489		15
1490		14
1491		11
1492		6
1493		14
1494		13
1495		13
1496		10
1497		12
1498		14
1499		11
1500		9
1501		12
1502		13
1503		13
1504		12
1505		11
1506		11
1507		10
1508		16
1509		9
1510		14
1511		15
1512		9
1513		7
1514		10
1515		10
1516		8
1517		15
1518		11
1519		15
1520		15
1521		11
1522		15
1523		11
1524		9
1525		9
1526		8
1527		12
1528		20
1529		9
1530		14
1531		9
1532		12
1533		13
1534		9
1535		13
1536		16
1537		11
1538		13
1539		15
1540		5
1541		16
1542		11
1543		8
1544		12
1545		11
1546		11
1547		12
1548		10
1549		9
1550		14
1551		11
1552		7
1553		11
1554		13
1555		10
1556		9
1557		9
1558		17
1559		10
1560		9
1561		11
1562		14
1563		11
1564		13
1565		7
1566		14
1567		10
1568		10
1569		13
1570		13
1571		9
1572		9
1573		7
1574		15
1575		14
1576		11
1577		11
1578		18
1579		9
1580		6
1581		18
1582		12
1583		9
1584		14
1585		18
1586		11
1587		12
1588		14
1589		12
1590		17
1591		10
1592		14
1593		11
1594		11
1595		15
1596		13
1597		8
1598		17
1599		11
1600		10
1601		15
1602		12
1603		14
1604		7
1605		9
1606		11
1607		5
1608		10
1609		8
1610		9
1611		14
1612		12
1613		12
1614		15
1615		17
1616		14
1617		8
1618		9
1619		10
1620		4
1621		11
1622		11
1623		10
1624		14
1625		4
1626		9
1627		9
1628		4
1629		9
1630		12
1631		15
1632		5
1633		15
1634		11
1635		7
1636		16
1637		14
1638		11
1639		11
1640		12
1641		14
1642		14
1643		17
1644		17
1645		5
1646		16
1647		5
1648		15
1649		10
1650		9
1651		13
1652		13
1653		11
1654		14
1655		8
1656		15
1657		6
1658		16
1659		13
1660		14
1661		6
1662		12
1663		17
1664		10
1665		10
1666		17
1667		7
1668		17
1669		5
1670		16
1671		11
1672		8
1673		13
1674		10
1675		11
1676		5
1677		12
1678		11
1679		8
1680		15
1681		14
1682		5
1683		8
1684		15
1685		15
1686		7
1687		12
1688		14
1689		9
1690		15
1691		12
1692		14
1693		7
1694		1
1695		10
1696		9
1697		11
1698		10
1699		9
1700		8
1701		10
1702		9
1703		7
1704		14
1705		11
1706		8
1707		13
1708		16
1709		8
1710		14
1711		10
1712		7
1713		16
1714		10
1715		8
1716		13
1717		10
1718		9
1719		6
1720		9
1721		7
1722		13
1723		14
1724		7
1725		9
1726		9
1727		6
1728		5
1729		10
1730		12
1731		8
1732		7
1733		7
1734		7
1735		6
1736		11
1737		12
1738		10
1739		9
1740		9
1741		11
1742		8
1743		10
1744		6
1745		11
1746		10
1747		12
1748		7
1749		7
1750		8
1751		12
1752		9
1753		15
1754		6
1755		9
1756		13
1757		9
1758		11
1759		10
1760		11
1761		8
1762		14
1763		11
1764		13
1765		11
1766		10
1767		13
1768		20
1769		18
1770		13
1771		8
1772		10
1773		6
1774		12
1775		8
1776		7
1777		6
1778		5
1779		7
1780		9
1781		15
1782		7
1783		13
1784		8
1785		7
1786		9
1787		4
1788		7
1789		5
1790		10
1791		12
1792		8
1793		11
1794		11
1795		11
1796		7
1797		10
1798		11
1799		13
1800		9
1801		9
1802		17
1803		9
1804		12
1805		12
1806		11
1807		8
1808		9
1809		9
1810		7
1811		10
1812		9
1813		12
1814		7
1815		13
1816		8
1817		11
1818		7
1819		14
1820		6
1821		7
1822		8
1823		7
1824		11
1825		8
1826		13
1827		7
1828		6
1829		8
1830		10
1831		11
1832		8
1833		12
1834		5
1835		9
1836		6
1837		5
1838		7
1839		4
1840		9
1841		5
1842		14
1843		7
1844		10
1845		12
1846		9
1847		8
1848		7
1849		5
1850		10
1851		14
1852		9
1853		13
1854		10
1855		12
1856		13
1857		10
1858		11
1859		8
1860		6
1861		9
1862		6
1863		8
1864		10
1865		9
1866		9
1867		10
1868		15
1869		9
1870		4
1871		11
1872		8
1873		8
1874		11
1875		4
1876		7
1877		12
1878		12
1879		4
1880		10
1881		13
1882		11
1883		10
1884		9
1885		7
1886		8
1887		7
1888		10
1889		14
1890		8
1891		8
1892		11
1893		7
1894		11
1895		12
1896		10
1897		7
1898		7
1899		9
1900		6
1901		9
1902		7
1903		12
1904		9
1905		6
1906		9
1907		7
1908		3
1909		8
1910		11
1911		9
1912		5
1913		11
1914		7
1915		8
1916		11
1917		10
1918		15
1919		2
1920		10
1921		10
1922		19
1923		10
1924		10
1925		8
1926		3
1927		11
1928		8
1929		7
1930		5
1931		6
1932		7
1933		8
1934		11
1935		9
1936		10
1937		9
1938		9
1939		5
1940		4
1941		10
1942		7
1943		12
1944		8
1945		10
1946		5
1947		13
1948		11
1949		10
1950		10
1951		11
1952		8
1953		7
1954		4
1955		11
1956		12
1957		11
1958		11
1959		11
1960		12
1961		5
1962		7
1963		7
1964		5
1965		11
1966		11
1967		9
1968		8
1969		5
1970		8
1971		9
1972		10
1973		6
1974		9
1975		6
1976		14
1977		12
1978		6
1979		4
1980		6
1981		9
1982		8
1983		7
1984		5
1985		6
1986		9
1987		6
1988		9
1989		5
1990		10
1991		8
1992		9
1993		9
1994		10
1995		4
1996		4
1997		10
1998		6
1999		9
2000		6
2001		9
2002		4
2003		8
2004		11
2005		9
2006		9
2007		7
2008		4
2009		9
2010		11
2011		4
2012		7
2013		6
2014		11
2015		9
2016		7
2017		7
2018		7
2019		8
2020		6
2021		7
2022		6
2023		9
2024		9
2025		5
2026		6
2027		7
2028		10
2029		8
2030		5
2031		3
2032		10
2033		7
2034		8
2035		7
2036		7
2037		4
2038		13
2039		5
2040		4
2041		6
2042		11
2043		12
2044		7
2045		7
2046		11
2047		8
2048		13
2049		5
2050		10
2051		3
2052		7
2053		8
2054		2
2055		7
2056		5
2057		5
2058		10
2059		9
2060		7
2061		4
2062		4
2063		8
2064		9
2065		4
2066		7
2067		12
2068		6
2069		9
2070		13
2071		11
2072		9
2073		12
2074		7
2075		6
2076		9
2077		7
2078		8
2079		7
2080		6
2081		8
2082		14
2083		8
2084		10
2085		7
2086		8
2087		7
2088		5
2089		7
2090		10
2091		6
2092		5
2093		6
2094		6
2095		3
2096		9
2097		11
2098		11
2099		13
2100		4
2101		5
2102		7
2103		8
2104		9
2105		7
2106		7
2107		8
2108		4
2109		3
2110		11
2111		13
2112		7
2113		2
2114		9
2115		8
2116		5
2117		5
2118		6
2119		5
2120		5
2121		9
2122		13
2123		10
2124		5
2125		9
2126		13
2127		6
2128		3
2129		5
2130		7
2131		6
2132		5
2133		8
2134		8
2135		6
2136		7
2137		8
2138		12
2139		6
2140		11
2141		2
2142		7
2143		8
2144		16
2145		7
2146		9
2147		3
2148		12
2149		14
2150		6
2151		6
2152		6
2153		8
2154		9
2155		3
2156		10
2157		5
2158		12
2159		8
2160		4
2161		12
2162		2
2163		3
2164		8
2165		5
2166		9
2167		6
2168		4
2169		6
2170		5
2171		11
2172		6
2173		6
2174		2
2175		10
2176		3
2177		5
2178		4
2179		5
2180		5
2181		12
2182		5
2183		7
2184		4
2185		12
2186		9
2187		5
2188		4
2189		2
2190		6
2191		7
2192		6
2193		10
2194		5
2195		6
2196		4
2197		5
2198		9
2199		5
2200		5
2201		8
2202		1
2203		8
2204		4
2205		4
2206		6
2207		12
2208		4
2209		1
2210		10
2211		6
2212		7
2213		6
2214		4
2215		10
2216		8
2217		7
2218		3
2219		8
2220		3
2221		7
2222		9
2223		8
2224		10
2225		9
2226		13
2227		8
2228		8
2229		3
2230		7
2231		6
2232		3
2233		8
2234		7
2235		5
2236		7
2237		7
2238		8
2239		10
2240		5
2241		4
2242		5
2243		3
2244		15
2245		9
2246		5
2247		9
2248		5
2249		4
2250		6
2251		5
2252		7
2253		10
2254		8
2255		7
2256		8
2257		7
2258		5
2259		5
2260		9
2261		4
2262		9
2263		7
2264		10
2265		11
2266		11
2267		6
2268		4
2269		6
2270		3
2271		6
2272		7
2273		4
2274		5
2275		5
2276		7
2277		5
2278		12
2279		3
2280		3
2281		7
2282		3
2283		8
2284		7
2285		6
2286		7
2287		7
2288		7
2289		6
2290		3
2291		6
2292		6
2293		7
2294		4
2295		1
2296		6
2297		11
2298		5
2299		4
2300		4
2301		9
2302		3
2303		6
2304		7
2305		10
2306		2
2307		6
2308		4
2309		2
2310		7
2311		7
2312		10
2313		8
2314		4
2315		7
2316		7
2317		6
2318		6
2319		3
2320		8
2321		14
2322		7
2323		7
2324		7
2325		9
2326		5
2327		4
2328		4
2329		5
2330		6
2331		5
2332		5
2333		6
2334		8
2335		5
2336		5
2337		4
2338		5
2339		7
2340		7
2341		8
2342		10
2343		3
2344		7
2345		4
2346		11
2347		7
2348		8
2350		4
2351		4
2352		5
2353		8
2354		4
2355		7
2356		13
2357		7
2358		8
2359		7
2360		4
2361		5
2362		10
2363		4
2364		8
2365		6
2366		8
2367		6
2368		9
2369		9
2370		4
2371		9
2372		5
2373		6
2374		3
2375		4
2376		9
2377		4
2378		4
2379		6
2380		2
2381		4
2382		7
2383		8
2384		5
2385		4
2386		3
2387		4
2388		7
2389		10
2390		10
2391		9
2392		5
2393		11
2394		3
2395		4
2396		3
2397		4
2398		7
2399		2
2400		4
2401		6
2402		9
2403		10
2404		5
2405		4
2406		6
2407		9
2408		9
2409		7
2410		8
2411		7
2412		6
2413		9
2414		6
2415		3
2416		7
2417		8
2418		6
2419		9
2420		5
2421		5
2422		5
2423		4
2424		8
2425		5
2426		4
2427		1
2428		7
2429		5
2430		3
2431		4
2432		8
2433		7
2434		4
2435		5
2436		5
2437		9
2438		9
2439		3
2440		5
2441		4
2442		7
2443		11
2444		5
2445		7
2446		10
2447		7
2448		5
2449		8
2450		9
2451		8
2452		3
2453		10
2454		8
2455		10
2456		4
2457		2
2458		9
2459		3
2460		4
2461		8
2462		7
2463		1
2464		5
2465		4
2466		6
2467		8
2468		3
2469		1
2470		8
2471		9
2472		4
2473		6
2474		3
2475		5
2476		2
2477		4
2478		4
2479		10
2480		2
2481		6
2482		8
2483		8
2484		3
2485		6
2486		6
2487		5
2488		5
2489		7
2490		7
2491		8
2492		3
2493		6
2494		5
2495		6
2496		1
2497		5
2498		6
2499		9
2500		9
2501		5
2502		6
2503		8
2504		5
2505		6
2506		4
2507		7
2508		3
2509		5
2510		4
2511		9
2512		2
2513		5
2514		5
2515		3
2516		7
2517		4
2518		10
2519		5
2520		5
2521		8
2522		3
2523		5
2524		7
2525		3
2526		3
2527		7
2528		5
2529		2
2530		3
2531		10
2532		3
2533		10
2534		8
2535		7
2536		4
2537		7
2538		7
2539		4
2540		4
2541		7
2542		1
2543		6
2544		4
2545		5
2546		9
2547		7
2548		7
2549		6
2550		12
2551		4
2552		8
2553		5
2554		7
2555		9
2556		4
2557		5
2558		6
2559		7
2560		2
2561		5
2562		5
2563		7
2564		6
2565		6
2566		10
2567		4
2568		9
2569		2
2570		4
2571		7
2572		5
2573		8
2574		1
2575		8
2576		8
2577		6
2578		6
2579		8
2580		8
2581		4
2582		6
2583		2
2584		5
2585		4
2586		6
2587		9
2588		10
2589		2
2590		3
2591		4
2592		6
2593		4
2594		8
2595		5
2596		2
2597		3
2598		7
2599		3
2600		2
2601		6
2602		3
2603		1
2604		9
2605		7
2606		3
2607		10
2608		7
2609		7
2610		6
2611		6
2612		4
2613		6
2614		4
2615		4
2616		6
2617		5
2618		7
2619		4
2620		4
2621		5
2622		12
2623		6
2624		5
2625		5
2626		6
2627		7
2628		6
2629		4
2630		2
2631		3
2632		3
2633		4
2634		6
2635		4
2636		3
2637		3
2638		1
2639		2
2640		5
2641		2
2642		5
2643		5
2644		5
2645		2
2646		8
2647		6
2648		1
2649		6
2650		9
2651		10
2652		4
2653		7
2654		5
2655		7
2656		3
2657		6
2658		6
2659		4
2660		10
2661		5
2662		4
2663		8
2664		3
2665		5
2666		5
2667		4
2668		1
2669		5
2670		9
2671		2
2672		7
2673		7
2674		4
2675		4
2676		2
2677		4
2678		1
2679		7
2680		7
2681		5
2682		2
2683		6
2684		6
2685		5
2686		5
2687		5
2688		4
2689		1
2690		6
2691		3
2692		10
2693		4
2694		4
2695		5
2696		4
2697		7
2698		11
2699		10
2700		3
2701		4
2702		5
2703		8
2704		8
2705		6
2706		2
2707		4
2708		2
2709		4
2710		7
2711		6
2712		7
2713		2
2714		4
2715		3
2716		2
2717		4
2718		4
2719		8
2721		3
2722		4
2723		6
2724		1
2725		7
2726		8
2727		7
2728		3
2729		2
2730		5
2731		10
2732		2
2733		3
2734		4
2735		10
2736		5
2737		4
2738		3
2739		3
2740		4
2741		6
2742		4
2743		7
2744		7
2745		4
2746		5
2747		6
2748		7
2749		4
2750		4
2751		4
2752		4
2753		3
2754		5
2755		3
2756		6
2757		5
2758		4
2759		3
2760		3
2761		4
2762		6
2763		4
2764		3
2765		2
2766		6
2768		1
2769		4
2770		2
2771		6
2772		5
2773		7
2774		8
2775		5
2776		6
2777		2
2778		4
2779		4
2780		3
2781		8
2782		7
2783		7
2784		17
2785		7
2786		3
2787		7
2788		3
2789		2
2790		3
2791		3
2792		8
2793		6
2794		3
2795		12
2796		4
2797		8
2798		4
2799		3
2800		12
2801		6
2802		4
2803		6
2804		5
2805		7
2806		9
2807		6
2808		5
2809		7
2810		1
2811		5
2812		5
2813		7
2814		6
2815		4
2816		3
2817		5
2818		6
2819		4
2820		2
2821		7
2822		4
2823		4
2824		9
2825		7
2826		6
2827		4
2828		3
2829		4
2830		4
2831		6
2832		4
2833		4
2834		7
2835		4
2836		8
2837		2
2838		7
2839		5
2840		4
2841		2
2842		4
2843		5
2844		1
2845		6
2846		4
2847		7
2848		6
2849		3
2850		11
2851		8
2852		4
2853		5
2854		4
2855		13
2856		7
2857		2
2858		8
2859		5
2860		2
2861		3
2862		5
2863		3
2864		8
2865		6
2866		6
2867		3
2868		8
2869		2
2870		5
2871		4
2872		9
2873		2
2874		3
2875		6
2876		4
2877		2
2878		3
2879		2
2880		1
2881		1
2882		6
2883		6
2884		3
2885		5
2886		5
2887		6
2888		6
2889		2
2890		4
2891		8
2892		4
2893		7
2894		4
2895		6
2896		3
2897		9
2898		2
2899		3
2900		4
2901		6
2902		7
2903		3
2904		3
2905		5
2906		4
2907		4
2908		4
2909		6
2910		1
2911		5
2912		6
2913		8
2914		5
2915		5
2916		5
2917		4
2918		2
2919		6
2920		5
2921		3
2922		6
2923		5
2924		1
2925		7
2926		6
2927		4
2928		6
2929		5
2930		7
2931		6
2933		3
2935		7
2936		6
2937		5
2938		4
2939		3
2940		5
2941		3
2942		6
2943		5
2944		4
2945		2
2946		7
2947		2
2948		7
2949		6
2950		5
2951		5
2952		3
2953		3
2954		9
2955		3
2956		2
2957		6
2958		5
2959		2
2960		6
2961		3
2962		6
2963		5
2964		5
2965		5
2966		2
2967		4
2968		4
2969		3
2970		3
2971		5
2972		3
2973		5
2974		8
2975		3
2976		3
2977		1
2978		7
2979		6
2980		7
2981		5
2982		5
2983		7
2984		7
2985		3
2986		4
2987		7
2988		4
2989		5
2990		7
2991		6
2992		3
2993		4
2994		8
2995		4
2996		2
2997		6
2998		3
2999		2
3000		6
3001		4
3002		2
3003		6
3004		4
3005		1
3006		6
3007		2
3008		6
3009		10
3010		5
3011		4
3012		5
3013		2
3014		3
3015		5
3016		4
3017		5
3018		8
3019		4
3020		3
3021		9
3022		2
3023		3
3024		4
3025		5
3026		8
3027		7
3028		3
3029		5
3030		4
3031		7
3032		6
3033		2
3034		1
3035		3
3036		5
3037		6
3038		9
3039		3
3040		2
3041		6
3042		5
3043		2
3044		4
3045		5
3046		2
3047		5
3048		4
3049		5
3050		3
3051		3
3052		2
3053		3
3054		6
3055		4
3056		2
3057		7
3058		5
3059		4
3060		4
3061		4
3062		2
3063		5
3064		4
3065		3
3066		9
3067		2
3068		4
3069		4
3070		2
3071		6
3072		3
3073		5
3074		5
3075		5
3076		3
3077		8
3078		4
3079		2
3080		3
3081		4
3082		2
3083		3
3084		5
3085		9
3086		2
3087		4
3088		4
3089		6
3090		8
3091		3
3092		2
3093		6
3094		5
3095		7
3096		2
3097		3
3098		9
3099		3
3100		5
3101		3
3102		6
3103		4
3104		5
3105		1
3106		5
3107		2
3108		6
3109		6
3110		4
3111		2
3112		4
3113		2
3114		5
3115		4
3116		3
3118		6
3119		3
3120		3
3121		2
3122		2
3123		4
3124		4
3125		4
3126		2
3127		2
3128		5
3129		3
3130		1
3131		3
3132		4
3134		4
3135		6
3136		6
3138		4
3139		2
3140		7
3141		3
3142		3
3143		4
3144		7
3145		4
3146		4
3147		3
3148		6
3149		6
3150		4
3151		1
3152		3
3153		3
3154		6
3155		5
3156		5
3157		4
3158		1
3159		5
3160		2
3162		4
3163		4
3164		2
3165		5
3166		5
3167		3
3168		7
3169		5
3170		7
3171		6
3172		1
3173		5
3174		5
3175		5
3176		4
3177		1
3178		4
3179		4
3180		4
3181		2
3182		3
3183		5
3184		2
3185		3
3186		6
3187		3
3188		1
3189		3
3190		5
3191		5
3192		8
3193		6
3194		7
3195		4
3196		3
3197		5
3198		2
3199		3
3200		3
3202		4
3203		4
3204		3
3205		4
3206		3
3207		4
3208		2
3209		3
3210		3
3211		5
3212		7
3213		7
3214		3
3215		7
3216		5
3217		2
3218		6
3219		5
3220		5
3221		4
3222		4
3223		5
3225		6
3227		7
3228		3
3229		1
3230		7
3231		4
3232		3
3233		2
3234		6
3235		4
3236		1
3237		3
3238		2
3239		1
3240		3
3241		2
3242		7
3243		4
3244		7
3245		5
3246		4
3247		4
3248		2
3249		2
3250		3
3252		6
3253		3
3254		2
3255		2
3256		7
3257		1
3258		4
3259		3
3260		3
3261		2
3262		6
3263		5
3264		1
3265		6
3266		3
3267		5
3268		4
3269		4
3270		3
3271		1
3272		4
3273		2
3274		2
3275		5
3276		4
3277		6
3278		1
3279		5
3280		2
3281		2
3282		1
3283		5
3284		4
3285		1
3286		6
3287		2
3288		4
3289		6
3290		6
3291		5
3292		6
3293		5
3294		6
3295		3
3296		4
3297		3
3298		7
3299		5
3300		5
3301		8
3302		3
3303		5
3304		7
3305		2
3306		2
3307		4
3308		1
3309		9
3310		2
3311		3
3312		1
3313		3
3314		1
3315		3
3316		5
3317		5
3318		11
3319		1
3320		5
3321		2
3322		3
3323		6
3324		5
3325		1
3326		6
3327		5
3329		5
3330		1
3331		4
3332		5
3333		1
3334		2
3335		3
3336		4
3337		5
3338		1
3339		2
3340		7
3341		3
3342		2
3343		9
3344		3
3345		9
3346		3
3347		6
3348		1
3349		1
3350		4
3351		2
3352		2
3353		5
3354		3
3355		8
3356		5
3357		1
3358		1
3359		3
3360		5
3361		6
3362		2
3363		2
3364		6
3365		3
3366		8
3367		3
3368		1
3369		4
3370		4
3371		1
3372		1
3373		2
3374		3
3375		2
3376		5
3377		2
3378		3
3379		4
3380		3
3381		4
3382		5
3383		1
3384		7
3385		2
3386		1
3387		9
3388		3
3389		2
3390		3
3391		4
3392		3
3393		8
3394		7
3395		3
3396		3
3397		6
3398		3
3399		4
3400		4
3401		4
3402		8
3403		6
3404		7
3405		5
3406		8
3407		3
3408		3
3409		2
3410		4
3411		4
3412		9
3413		3
3414		8
3415		4
3416		3
3417		4
3418		4
3419		7
3420		1
3421		2
3422		5
3423		4
3424		2
3426		4
3427		3
3428		3
3429		4
3430		2
3431		2
3432		3
3433		2
3434		8
3435		3
3436		3
3437		3
3438		2
3439		4
3440		8
3441		7
3442		4
3443		2
3444		8
3445		5
3446		1
3447		2
3448		1
3449		4
3450		3
3451		6
3452		4
3453		2
3454		2
3455		2
3456		5
3457		4
3458		2
3459		4
3460		4
3461		3
3462		6
3463		8
3464		4
3465		2
3466		3
3467		3
3468		3
3469		3
3470		3
3471		5
3472		5
3473		3
3474		2
3475		7
3476		3
3477		3
3478		3
3479		6
3480		5
3481		6
3482		2
3483		5
3484		3
3485		2
3486		3
3487		3
3488		4
3489		4
3490		3
3491		1
3492		1
3493		2
3494		3
3495		8
3496		1
3497		3
3498		4
3499		4
3500		3
3501		4
3502		5
3503		3
3504		5
3505		4
3506		4
3507		2
3508		2
3509		1
3510		6
3511		8
3512		2
3513		5
3514		3
3515		4
3516		3
3518		5
3519		1
3520		2
3521		5
3522		4
3523		6
3524		5
3525		2
3526		1
3527		2
3528		9
3529		8
3530		1
3531		2
3532		2
3533		5
3534		6
3536		4
3537		8
3538		2
3539		5
3540		2
3541		3
3542		4
3543		2
3544		2
3545		2
3546		5
3547		5
3548		2
3549		1
3550		7
3551		1
3552		4
3553		3
3554		2
3555		3
3557		3
3558		3
3559		5
3560		3
3561		2
3562		3
3563		2
3564		2
3565		4
3566		9
3567		3
3568		2
3569		4
3570		5
3571		5
3572		4
3573		4
3575		4
3576		2
3577		4
3578		4
3579		5
3580		5
3581		6
3582		4
3583		4
3585		4
3586		1
3587		3
3588		4
3589		5
3590		6
3591		1
3592		3
3593		1
3594		5
3595		2
3596		4
3597		2
3598		3
3599		4
3600		1
3601		3
3602		3
3603		7
3604		4
3605		1
3606		7
3607		3
3608		4
3609		6
3610		8
3611		6
3612		3
3613		1
3614		6
3615		2
3616		1
3617		7
3618		3
3619		6
3621		2
3622		7
3623		4
3624		5
3625		4
3626		5
3627		1
3628		5
3629		2
3630		4
3631		3
3632		1
3634		3
3635		7
3636		3
3637		6
3638		3
3639		6
3640		2
3642		5
3643		1
3644		3
3645		6
3646		6
3647		3
3648		4
3649		4
3650		2
3652		3
3653		5
3654		4
3655		1
3656		3
3657		2
3658		7
3659		3
3660		5
3661		1
3662		3
3663		2
3664		5
3665		4
3666		3
3667		2
3668		1
3669		3
3671		4
3672		3
3673		2
3674		3
3675		6
3676		4
3677		2
3678		2
3679		5
3680		4
3681		2
3682		5
3683		6
3684		4
3685		6
3686		3
3687		2
3688		4
3689		2
3690		2
3691		3
3692		2
3693		2
3694		5
3695		1
3696		1
3697		4
3698		3
3699		8
3700		1
3701		2
3702		2
3704		4
3705		6
3706		3
3707		6
3708		6
3709		4
3710		6
3711		1
3712		2
3713		4
3714		2
3715		5
3716		2
3717		3
3718		3
3719		3
3720		3
3721		3
3722		1
3723		8
3724		2
3725		7
3726		5
3727		5
3728		1
3730		2
3731		2
3732		3
3733		1
3734		6
3735		2
3737		1
3738		1
3739		1
3740		3
3741		2
3742		3
3743		4
3744		3
3745		2
3746		5
3747		4
3748		4
3749		1
3750		5
3751		2
3752		1
3753		4
3754		3
3755		2
3756		2
3757		3
3758		2
3759		2
3761		4
3762		1
3763		3
3764		3
3765		5
3766		3
3767		4
3768		2
3769		4
3770		2
3771		3
3772		1
3773		1
3774		5
3776		2
3777		2
3778		4
3779		5
3780		6
3781		4
3782		6
3783		6
3784		6
3786		2
3787		2
3788		1
3789		3
3790		2
3791		6
3792		1
3793		3
3794		2
3795		1
3796		3
3797		3
3799		1
3800		8
3801		4
3802		2
3803		1
3806		4
3807		3
3808		5
3809		2
3810		4
3811		3
3812		1
3813		5
3814		6
3815		2
3816		2
3817		1
3818		3
3819		8
3820		4
3822		1
3823		2
3824		3
3825		2
3826		2
3827		4
3828		3
3829		7
3830		2
3831		4
3832		1
3833		7
3834		5
3835		3
3836		6
3837		4
3838		2
3839		2
3840		1
3841		2
3842		1
3843		5
3844		10
3845		2
3846		4
3847		3
3848		1
3849		2
3850		3
3851		5
3852		7
3853		4
3854		4
3855		2
3856		3
3857		3
3858		3
3859		2
3860		1
3861		4
3862		2
3863		4
3865		1
3866		4
3867		2
3868		2
3869		5
3870		2
3871		4
3872		6
3873		3
3874		2
3875		5
3876		4
3877		1
3878		3
3879		5
3881		3
3882		2
3883		1
3884		5
3885		4
3886		4
3887		2
3888		4
3889		6
3890		4
3891		2
3892		4
3893		4
3894		2
3896		2
3897		2
3898		2
3899		6
3900		3
3901		2
3902		4
3903		1
3904		6
3905		1
3906		4
3908		4
3910		2
3911		3
3912		11
3913		5
3914		4
3915		2
3916		3
3917		4
3918		8
3919		2
3920		2
3921		2
3922		4
3923		5
3924		4
3926		5
3927		4
3928		4
3929		2
3930		2
3931		3
3932		4
3933		4
3934		2
3935		1
3936		4
3937		2
3938		1
3939		4
3940		1
3941		9
3942		6
3944		5
3945		4
3946		4
3947		4
3948		1
3949		4
3950		9
3951		2
3952		4
3953		3
3954		1
3955		4
3957		2
3958		1
3959		1
3960		1
3961		1
3963		2
3964		8
3965		2
3966		4
3967		3
3968		2
3969		1
3970		2
3971		9
3972		2
3973		2
3974		4
3975		4
3976		2
3977		4
3978		3
3979		1
3980		5
3981		3
3982		3
3983		2
3984		2
3985		3
3986		3
3987		1
3988		1
3989		1
3990		3
3991		2
3992		3
3993		1
3994		1
3995		4
3996		7
3997		2
3998		2
3999		5
4000		1
4001		2
4002		4
4003		1
4004		7
4005		3
4006		1
4007		1
4008		3
4009		2
4010		2
4011		5
4012		5
4013		3
4014		2
4015		4
4016		4
4018		4
4020		2
4021		2
4022		5
4023		1
4024		1
4025		4
4026		5
4027		3
4028		4
4029		2
4030		5
4031		1
4032		2
4033		1
4034		1
4035		1
4036		2
4037		1
4038		3
4039		1
4040		2
4041		2
4042		3
4043		2
4044		5
4045		3
4046		2
4047		1
4048		3
4049		3
4050		3
4051		3
4052		4
4053		5
4055		2
4056		3
4057		4
4058		3
4059		1
4061		3
4063		5
4064		2
4065		2
4066		3
4067		2
4068		2
4069		3
4070		3
4071		2
4072		1
4073		1
4074		2
4075		2
4076		4
4077		4
4078		4
4079		6
4080		2
4081		3
4082		3
4083		2
4084		2
4085		2
4086		4
4087		4
4088		3
4089		3
4090		1
4091		4
4092		2
4093		2
4095		4
4096		2
4098		3
4099		4
4100		7
4101		5
4102		3
4103		2
4104		6
4105		4
4106		1
4107		1
4108		1
4109		1
4110		4
4111		5
4112		4
4113		2
4114		1
4115		1
4116		1
4117		4
4118		4
4119		1
4120		2
4121		1
4122		2
4123		3
4124		3
4125		1
4126		1
4127		6
4129		1
4130		2
4131		3
4132		3
4133		3
4134		4
4135		1
4136		3
4137		2
4138		3
4139		4
4140		1
4141		3
4142		1
4143		4
4144		4
4145		2
4146		2
4147		1
4148		2
4149		5
4150		3
4151		3
4152		2
4153		3
4154		5
4155		2
4156		6
4157		4
4158		2
4159		1
4161		2
4162		6
4163		1
4164		2
4165		4
4166		2
4167		3
4168		3
4169		1
4171		2
4172		3
4173		4
4174		1
4175		3
4176		2
4177		3
4179		2
4180		2
4181		3
4182		2
4183		3
4184		3
4185		2
4186		3
4187		3
4188		1
4189		2
4190		1
4191		1
4192		2
4193		3
4194		1
4195		2
4196		1
4197		5
4198		5
4199		1
4200		3
4201		2
4202		2
4204		4
4205		1
4206		4
4207		2
4208		2
4209		4
4210		4
4211		3
4212		1
4213		2
4214		2
4215		5
4216		1
4217		3
4218		2
4219		4
4220		2
4221		2
4222		3
4223		1
4224		3
4225		2
4226		5
4227		7
4228		2
4229		3
4230		2
4231		2
4232		6
4233		2
4234		4
4235		2
4236		2
4237		2
4238		2
4239		2
4240		1
4241		2
4242		4
4243		3
4244		1
4245		5
4246		2
4247		2
4248		1
4249		3
4250		4
4251		2
4252		4
4253		3
4254		2
4255		5
4256		4
4257		2
4258		1
4260		1
4261		3
4262		3
4263		3
4264		2
4265		3
4266		3
4267		2
4268		1
4269		3
4270		4
4271		2
4272		2
4273		3
4274		1
4275		6
4276		4
4277		2
4278		2
4279		4
4280		5
4281		2
4282		3
4283		3
4284		4
4285		4
4286		2
4287		4
4288		3
4289		4
4290		2
4291		1
4292		2
4293		2
4294		5
4295		1
4296		2
4297		4
4298		2
4299		2
4300		1
4301		2
4303		2
4304		2
4305		1
4306		1
4307		5
4308		6
4309		2
4310		5
4311		2
4312		3
4313		4
4314		2
4315		2
4316		3
4317		2
4318		5
4319		5
4320		3
4321		3
4322		2
4323		4
4324		4
4326		3
4327		3
4328		3
4329		1
4330		5
4331		4
4332		2
4333		1
4334		1
4335		4
4336		2
4337		1
4338		3
4339		3
4340		1
4341		1
4342		3
4343		1
4344		2
4345		2
4346		4
4348		4
4349		2
4350		6
4351		2
4352		4
4354		3
4355		3
4357		1
4358		4
4359		2
4360		2
4361		5
4362		3
4363		2
4364		4
4365		4
4366		1
4367		2
4368		1
4369		1
4371		4
4373		3
4374		4
4375		2
4376		1
4377		2
4378		4
4379		3
4380		3
4381		5
4382		3
4383		3
4384		2
4385		2
4386		2
4387		1
4389		3
4390		4
4391		3
4392		3
4393		4
4394		2
4395		2
4396		1
4397		2
4398		6
4399		2
4400		1
4403		2
4404		4
4405		4
4406		4
4407		2
4408		3
4409		1
4410		1
4411		2
4412		1
4413		6
4414		3
4415		2
4419		3
4420		3
4421		2
4422		6
4423		1
4424		5
4425		3
4426		1
4427		4
4428		1
4429		2
4430		5
4431		4
4432		1
4433		3
4434		4
4435		1
4436		5
4437		1
4439		5
4441		1
4442		3
4443		1
4444		3
4445		2
4446		3
4447		5
4448		5
4449		1
4450		2
4451		4
4452		1
4453		5
4454		3
4455		2
4456		4
4457		4
4458		3
4459		5
4460		5
4462		6
4463		3
4464		3
4465		1
4466		2
4467		3
4468		3
4469		2
4470		2
4471		1
4472		4
4473		2
4474		2
4475		2
4476		5
4477		2
4478		3
4479		3
4480		1
4482		3
4483		1
4484		2
4485		3
4487		3
4489		1
4490		5
4491		1
4492		7
4493		3
4494		2
4495		3
4496		2
4497		2
4498		2
4499		2
4501		3
4502		3
4503		3
4504		3
4505		1
4506		1
4508		2
4509		4
4510		2
4511		3
4512		4
4514		3
4516		1
4517		3
4518		1
4519		3
4520		5
4521		4
4522		2
4523		1
4524		2
4525		2
4527		1
4528		1
4529		3
4531		2
4532		2
4533		2
4534		1
4536		3
4537		7
4538		1
4539		3
4540		2
4541		1
4542		3
4543		1
4544		3
4545		1
4546		3
4547		3
4548		2
4549		5
4550		7
4551		2
4552		1
4553		1
4554		1
4555		2
4556		4
4557		2
4558		2
4559		1
4560		6
4562		3
4563		1
4564		2
4565		1
4566		2
4567		2
4568		3
4569		3
4571		5
4572		2
4573		6
4574		2
4575		2
4576		2
4577		2
4578		1
4579		1
4580		2
4581		3
4582		1
4583		4
4584		1
4585		1
4586		1
4587		2
4588		2
4589		1
4590		1
4591		3
4592		4
4593		1
4595		1
4596		2
4597		5
4598		3
4599		2
4600		3
4601		1
4602		4
4603		1
4604		1
4605		5
4606		5
4607		3
4608		1
4609		3
4612		2
4614		4
4615		3
4616		2
4617		3
4618		3
4619		2
4620		2
4621		2
4623		4
4624		3
4625		1
4626		1
4627		2
4628		2
4630		1
4631		1
4632		1
4633		3
4636		3
4637		3
4638		1
4639		1
4640		7
4642		3
4643		1
4645		3
4647		1
4648		3
4649		1
4650		2
4651		3
4652		2
4653		3
4654		2
4655		1
4657		4
4658		1
4659		5
4660		1
4661		3
4662		4
4663		2
4664		4
4665		3
4666		3
4667		1
4668		1
4669		4
4670		5
4671		1
4672		2
4673		3
4674		3
4675		2
4677		3
4678		2
4679		3
4680		2
4681		1
4682		4
4683		2
4684		2
4685		4
4686		2
4687		2
4688		4
4689		1
4690		4
4691		2
4692		3
4694		3
4695		1
4696		1
4697		2
4698		2
4699		1
4700		2
4701		2
4702		3
4703		5
4704		1
4705		3
4706		1
4707		2
4708		1
4709		5
4710		1
4711		5
4712		1
4713		1
4714		1
4715		1
4716		1
4717		2
4718		1
4719		1
4720		5
4721		2
4722		4
4723		2
4726		4
4727		1
4728		1
4729		3
4730		2
4731		1
4732		2
4733		3
4734		1
4735		4
4736		1
4737		1
4740		3
4741		2
4742		1
4743		2
4744		2
4745		1
4746		2
4747		3
4748		1
4749		4
4750		1
4751		3
4752		2
4753		4
4755		2
4757		1
4758		2
4759		3
4760		3
4761		5
4763		1
4764		1
4765		1
4766		3
4767		2
4768		3
4769		3
4770		2
4771		2
4772		2
4773		2
4774		3
4775		1
4776		3
4777		3
4778		1
4779		2
4780		2
4781		1
4782		2
4783		2
4784		4
4785		1
4786		4
4787		1
4789		2
4791		1
4792		1
4793		3
4794		3
4795		3
4796		4
4797		1
4800		2
4803		2
4804		1
4805		3
4806		2
4807		1
4809		3
4810		2
4811		2
4812		2
4813		1
4814		3
4816		2
4817		1
4818		3
4819		2
4820		3
4821		1
4822		1
4823		2
4824		4
4825		3
4826		2
4827		2
4828		2
4829		1
4830		1
4831		1
4832		1
4833		2
4834		1
4835		1
4837		5
4838		3
4839		2
4840		2
4843		5
4844		3
4846		2
4847		1
4848		4
4849		2
4850		1
4851		2
4852		5
4853		3
4854		3
4858		1
4859		1
4860		3
4861		4
4862		1
4863		2
4864		1
4865		1
4866		3
4868		5
4869		1
4870		1
4873		1
4874		3
4875		1
4876		3
4877		2
4878		1
4879		2
4880		1
4882		4
4884		3
4885		4
4886		2
4887		1
4888		2
4889		3
4890		3
4891		1
4892		2
4893		1
4894		3
4895		2
4896		2
4897		3
4898		1
4899		2
4901		1
4902		3
4903		2
4904		1
4905		1
4906		3
4907		3
4908		1
4910		5
4911		4
4912		1
4913		3
4915		3
4916		2
4917		1
4918		3
4919		2
4920		1
4921		2
4922		1
4923		2
4924		1
4925		2
4926		1
4927		3
4928		3
4929		2
4931		3
4932		3
4934		2
4935		2
4936		1
4938		1
4939		1
4940		2
4941		4
4943		1
4944		1
4945		2
4946		4
4947		1
4948		4
4949		2
4950		3
4952		1
4953		3
4955		1
4956		1
4957		3
4958		1
4960		1
4961		2
4962		2
4963		1
4964		1
4965		1
4966		1
4967		2
4969		2
4970		2
4972		2
4973		2
4974		2
4975		3
4976		4
4977		2
4978		3
4979		2
4981		2
4982		3
4983		2
4984		3
4985		4
4986		3
4987		1
4988		2
4989		1
4990		1
4991		2
4992		1
4993		2
4994		2
4995		2
4996		1
4997		1
4998		1
4999		2
5000		2
5001		3
5002		3
5003		3
5004		1
5005		4
5006		2
5007		2
5008		3
5009		4
5011		1
5013		1
5014		2
5015		2
5016		4
5017		1
5018		1
5019		1
5022		2
5023		2
5025		4
5026		1
5027		2
5028		2
5029		3
5030		1
5031		1
5032		3
5033		3
5034		2
5035		1
5037		1
5038		2
5039		4
5040		1
5041		3
5042		1
5043		1
5044		3
5045		4
5047		1
5048		2
5049		1
5050		5
5056		2
5057		2
5058		1
5059		2
5060		4
5061		2
5062		3
5063		2
5064		3
5065		2
5066		2
5067		1
5069		1
5070		4
5071		5
5073		2
5074		1
5075		1
5076		3
5078		2
5079		1
5081		1
5082		1
5083		6
5084		3
5085		2
5086		3
5087		4
5088		4
5089		3
5092		2
5094		4
5095		1
5096		1
5097		1
5101		3
5102		1
5103		2
5104		1
5105		1
5106		2
5107		2
5108		2
5113		1
5114		5
5115		3
5116		1
5118		4
5119		5
5120		1
5121		2
5122		1
5123		3
5124		2
5125		2
5126		4
5127		1
5128		4
5129		1
5132		2
5133		3
5134		1
5135		4
5136		1
5137		1
5138		1
5139		3
5140		1
5141		1
5143		1
5146		2
5147		1
5148		2
5149		1
5150		3
5151		1
5152		2
5153		2
5154		1
5155		2
5156		1
5158		1
5159		2
5162		2
5163		1
5164		1
5165		2
5166		2
5167		2
5168		1
5170		2
5172		2
5173		1
5174		2
5175		1
5176		1
5177		2
5178		2
5179		1
5181		2
5182		1
5183		3
5184		1
5185		2
5186		2
5188		2
5189		1
5190		2
5191		3
5192		3
5193		2
5195		1
5196		5
5197		1
5198		2
5199		3
5202		2
5203		1
5204		1
5206		3
5207		2
5208		2
5209		3
5210		2
5211		2
5212		1
5213		2
5214		1
5215		3
5216		2
5219		1
5220		2
5221		1
5223		2
5225		3
5226		1
5227		5
5228		2
5229		2
5231		2
5232		1
5233		1
5234		1
5236		2
5237		3
5238		1
5240		1
5243		2
5244		3
5246		3
5247		2
5249		1
5250		2
5251		1
5252		2
5253		2
5254		1
5255		3
5256		3
5257		2
5259		1
5261		1
5263		1
5265		3
5268		3
5270		3
5271		1
5272		1
5274		1
5275		3
5276		1
5278		2
5279		2
5280		1
5283		1
5284		1
5288		1
5289		2
5290		2
5291		1
5292		1
5294		1
5295		2
5297		1
5298		1
5299		1
5301		2
5302		2
5303		1
5304		1
5306		3
5308		2
5309		3
5311		1
5313		1
5314		2
5315		2
5316		1
5317		4
5318		1
5319		1
5320		3
5321		1
5323		2
5324		2
5325		1
5326		2
5328		2
5330		1
5332		1
5333		1
5334		1
5336		2
5338		1
5339		1
5340		1
5341		1
5343		1
5345		1
5346		1
5348		1
5351		1
5353		1
5355		3
5356		2
5359		2
5361		1
5363		3
5364		1
5365		1
5366		1
5367		2
5368		1
5369		2
5370		2
5372		2
5373		1
5374		1
5375		1
5376		3
5377		2
5378		2
5380		1
5381		1
5382		1
5383		3
5384		2
5385		1
5386		2
5387		3
5389		2
5392		2
5393		2
5399		2
5400		1
5401		2
5404		1
5407		2
5408		1
5411		2
5412		1
5414		2
5416		1
5417		1
5418		1
5421		1
5423		3
5429		1
5431		3
5432		1
5433		3
5436		2
5437		1
5438		1
5439		2
5440		1
5441		2
5442		1
5443		3
5444		1
5448		1
5449		1
5450		3
5451		2
5452		1
5453		3
5454		1
5455		2
5456		2
5457		3
5458		2
5460		2
5462		3
5463		2
5465		3
5467		1
5468		1
5470		2
5472		2
5473		4
5474		2
5475		2
5477		2
5478		2
5481		2
5482		6
5483		1
5484		1
5485		3
5486		1
5490		1
5492		1
5493		2
5494		1
5495		1
5496		1
5497		1
5498		1
5499		2
5500		3
5501		1
5503		3
5505		2
5506		2
5507		3
5508		1
5509		2
5510		1
5511		1
5513		1
5514		2
5515		2
5518		1
5519		1
5520		1
5521		1
5523		3
5525		1
5526		3
5527		1
5529		1
5530		3
5531		2
5532		1
5533		2
5534		1
5535		1
5536		1
5537		1
5539		2
5540		1
5543		1
5545		1
5547		2
5549		2
5550		1
5552		1
5553		1
5554		1
5556		1
5557		1
5558		1
5559		2
5561		2
5564		1
5566		1
5567		1
5568		1
5569		4
5570		1
5571		2
5572		3
5575		1
5576		1
5577		1
5578		1
5580		1
5581		1
5583		1
5584		3
5586		4
5587		2
5588		2
5590		4
5592		2
5593		1
5594		2
5595		1
5597		1
5598		1
5599		1
5600		3
5602		1
5604		1
5605		2
5606		2
5611		1
5612		2
5615		1
5616		1
5617		2
5618		2
5619		1
5620		2
5621		1
5624		2
5625		1
5626		2
5627		1
5628		1
5630		3
5631		3
5633		2
5635		1
5636		1
5637		2
5638		2
5639		1
5641		1
5643		1
5644		2
5646		1
5647		1
5651		1
5652		1
5656		1
5658		1
5659		1
5662		1
5666		2
5667		2
5672		1
5673		2
5674		1
5676		1
5678		1
5679		1
5680		1
5681		2
5684		1
5685		1
5686		3
5688		1
5689		3
5690		3
5693		1
5694		1
5695		2
5697		1
5698		2
5699		1
5702		1
5703		1
5704		2
5709		1
5710		4
5713		1
5718		1
5719		2
5720		2
5721		2
5722		2
5723		1
5724		1
5726		2
5727		1
5730		1
5731		1
5732		1
5733		2
5734		3
5735		2
5737		1
5740		2
5741		2
5743		2
5745		2
5747		1
5749		1
5750		2
5752		1
5753		1
5754		1
5757		1
5758		2
5761		1
5766		1
5768		1
5769		3
5770		1
5771		2
5773		3
5774		1
5775		1
5776		3
5778		1
5779		1
5780		2
5781		2
5782		2
5783		1
5787		1
5791		1
5792		1
5794		2
5801		3
5802		2
5805		1
5806		2
5807		2
5808		2
5809		1
5811		1
5812		1
5814		2
5816		2
5821		1
5822		1
5823		3
5824		1
5825		1
5827		1
5828		2
5829		1
5833		1
5834		2
5835		1
5836		1
5837		1
5839		1
5844		2
5847		1
5848		1
5849		2
5850		1
5854		2
5855		1
5856		1
5859		1
5860		3
5861		2
5863		1
5864		1
5866		1
5867		2
5869		3
5870		3
5873		1
5876		1
5878		2
5879		1
5880		1
5882		1
5885		1
5887		1
5890		1
5891		2
5893		1
5896		1
5898		1
5901		1
5902		2
5904		1
5905		1
5912		2
5913		2
5914		1
5916		1
5917		2
5918		1
5920		1
5921		2
5922		1
5925		1
5928		1
5931		1
5932		1
5937		1
5939		1
5942		2
5944		1
5945		1
5946		1
5947		2
5948		1
5951		2
5955		1
5959		1
5960		2
5969		2
5973		3
5975		1
5977		2
5978		1
5982		1
5986		1
5990		3
5994		1
5997		1
6002		1
6004		2
6007		1
6012		1
6017		1
6020		2
6023		2
6025		1
6026		2
6028		1
6030		1
6032		1
6035		2
6036		1
6037		2
6039		1
6042		1
6043		1
6046		1
6048		2
6050		2
6053		1
6054		3
6056		3
6059		1
6061		1
6063		2
6065		2
6069		1
6074		1
6077		1
6078		1
6079		1
6080		2
6083		3
6084		1
6085		2
6088		1
6089		1
6090		1
6093		1
6097		2
6099		1
6100		1
6101		3
6102		1
6103		1
6104		1
6109		2
6111		1
6113		1
6114		1
6115		1
6118		1
6124		1
6126		1
6128		3
6129		2
6131		1
6132		1
6134		1
6135		1
6140		1
6141		1
6142		1
6143		1
6147		1
6150		1
6154		3
6156		1
6157		1
6158		1
6159		2
6161		2
6162		1
6163		1
6165		1
6173		1
6174		1
6176		1
6179		1
6182		1
6184		4
6185		1
6187		1
6189		1
6191		1
6193		1
6195		1
6196		1
6198		1
6199		1
6200		1
6202		2
6203		1
6210		2
6215		1
6217		1
6218		2
6220		1
6221		1
6224		1
6231		1
6234		1
6237		1
6238		1
6239		1
6244		1
6250		1
6254		1
6268		1
6269		1
6271		1
6273		1
6277		1
6280		1
6282		1
6286		1
6288		3
6290		1
6291		2
6297		1
6298		2
6302		1
6303		1
6305		1
6306		1
6308		1
6310		1
6315		1
6316		1
6317		1
6321		1
6325		1
6339		1
6340		2
6342		1
6343		1
6346		1
6350		1
6352		1
6355		1
6356		1
6357		2
6358		1
6359		1
6363		1
6364		1
6365		1
6367		1
6374		1
6375		1
6383		2
6388		1
6392		1
6394		1
6396		1
6404		1
6405		1
6406		1
6412		1
6420		1
6421		1
6423		1
6430		2
6432		1
6434		1
6436		1
6437		1
6440		1
6444		1
6446		1
6447		1
6449		1
6450		1
6458		1
6459		1
6460		1
6464		1
6471		1
6479		1
6482		1
6490		1
6493		1
6496		1
6507		1
6508		1
6513		2
6514		1
6520		1
6528		1
6531		1
6533		2
6547		1
6549		1
6550		1
6552		1
6554		2
6557		1
6560		1
6562		1
6564		1
6568		1
6571		1
6575		1
6580		1
6582		2
6583		1
6586		1
6599		1
6603		2
6608		1
6609		1
6611		1
6615		1
6618		2
6624		1
6630		2
6631		1
6633		1
6635		1
6636		1
6640		2
6641		1
6649		1
6657		1
6668		1
6679		1
6687		1
6697		1
6707		1
6722		1
6723		1
6752		1
6754		1
6757		1
6774		2
6784		1
6786		1
6790		2
6791		1
6798		1
6799		1
6805		1
6812		2
6831		1
6833		1
6848		1
6857		1
6859		1
6872		1
6923		1
6943		1
6954		2
6962		1
6965		2
6976		1
6998		1
7015		1
7042		1
7045		1
7099		1
7143		1
7164		1
7169		1
7203		1
7204		1
7235		1
7256		1
7312		1
7461		1
7522		1
7730		1
