Tamaños		Cantidades
1		7173720
2		1448343
3		848997
4		540271
5		373624
6		270529
7		207044
8		163062
9		132037
10		108774
11		91952
12		78323
13		67747
14		59239
15		51900
16		46591
17		41377
18		37084
19		33237
20		30513
21		27848
22		25498
23		23266
24		21739
25		19908
26		18620
27		17354
28		16160
29		15102
30		14098
31		13349
32		12487
33		11971
34		11163
35		10642
36		10052
37		9535
38		9375
39		8695
40		8308
41		7975
42		7534
43		7111
44		6962
45		6653
46		6309
47		6119
48		5704
49		5535
50		5493
51		5151
52		5059
53		4868
54		4641
55		4528
56		4486
57		4294
58		4168
59		3973
60		3835
61		3700
62		3581
63		3444
64		3308
65		3385
66		3230
67		3044
68		3010
69		3033
70		2923
71		2719
72		2689
73		2622
74		2525
75		2546
76		2511
77		2312
78		2314
79		2280
80		2215
81		2283
82		2080
83		2165
84		2039
85		1929
86		1954
87		1980
88		1842
89		1875
90		1786
91		1674
92		1695
93		1632
94		1659
95		1615
96		1569
97		1535
98		1434
99		1489
100		1372
101		1474
102		1379
103		1405
104		1363
105		1285
106		1330
107		1345
108		1267
109		1257
110		1230
111		1197
112		1209
113		1182
114		1101
115		1162
116		1125
117		1125
118		1062
119		1063
120		1003
121		1027
122		1020
123		1011
124		969
125		959
126		951
127		969
128		938
129		844
130		896
131		860
132		877
133		859
134		851
135		800
136		782
137		813
138		813
139		812
140		804
141		742
142		747
143		761
144		778
145		709
146		712
147		711
148		724
149		693
150		740
151		703
152		659
153		693
154		644
155		641
156		643
157		660
158		629
159		662
160		594
161		593
162		574
163		586
164		624
165		603
166		575
167		565
168		574
169		527
170		530
171		608
172		532
173		584
174		537
175		558
176		513
177		523
178		468
179		485
180		498
181		484
182		503
183		488
184		488
185		483
186		447
187		477
188		421
189		456
190		459
191		428
192		446
193		439
194		434
195		418
196		419
197		428
198		421
199		394
200		414
201		414
202		401
203		415
204		378
205		369
206		369
207		399
208		398
209		398
210		388
211		322
212		402
213		377
214		372
215		371
216		371
217		385
218		347
219		352
220		330
221		344
222		318
223		317
224		321
225		326
226		323
227		351
228		360
229		322
230		303
231		337
232		293
233		316
234		297
235		312
236		349
237		301
238		329
239		279
240		283
241		297
242		283
243		262
244		272
245		275
246		266
247		287
248		263
249		285
250		257
251		294
252		268
253		261
254		295
255		268
256		234
257		245
258		262
259		259
260		226
261		239
262		267
263		239
264		252
265		262
266		253
267		245
268		233
269		211
270		234
271		224
272		231
273		248
274		238
275		210
276		214
277		228
278		218
279		222
280		226
281		187
282		196
283		213
284		196
285		211
286		232
287		215
288		213
289		196
290		225
291		194
292		229
293		185
294		210
295		197
296		189
297		198
298		226
299		206
300		191
301		195
302		157
303		207
304		200
305		176
306		185
307		182
308		176
309		150
310		185
311		194
312		179
313		158
314		184
315		184
316		179
317		196
318		188
319		159
320		183
321		159
322		166
323		172
324		181
325		174
326		195
327		184
328		172
329		175
330		170
331		177
332		168
333		164
334		156
335		164
336		164
337		159
338		150
339		154
340		186
341		160
342		155
343		160
344		123
345		152
346		155
347		160
348		141
349		158
350		149
351		142
352		144
353		165
354		145
355		125
356		148
357		123
358		141
359		146
360		150
361		142
362		137
363		139
364		104
365		136
366		135
367		133
368		129
369		135
370		145
371		119
372		150
373		133
374		143
375		123
376		119
377		113
378		132
379		130
380		131
381		141
382		93
383		135
384		138
385		126
386		126
387		106
388		136
389		120
390		121
391		138
392		111
393		127
394		117
395		103
396		120
397		130
398		112
399		108
400		122
401		114
402		102
403		114
404		102
405		117
406		127
407		113
408		108
409		100
410		109
411		124
412		105
413		114
414		91
415		126
416		102
417		117
418		108
419		112
420		89
421		131
422		103
423		101
424		106
425		99
426		92
427		93
428		123
429		91
430		91
431		94
432		99
433		99
434		86
435		94
436		93
437		101
438		97
439		99
440		117
441		94
442		88
443		98
444		85
445		87
446		100
447		91
448		86
449		100
450		78
451		108
452		87
453		88
454		87
455		98
456		102
457		93
458		102
459		86
460		94
461		88
462		91
463		78
464		89
465		86
466		90
467		102
468		90
469		84
470		87
471		89
472		89
473		74
474		74
475		76
476		94
477		87
478		88
479		90
480		69
481		81
482		109
483		97
484		92
485		67
486		99
487		76
488		67
489		96
490		82
491		84
492		88
493		79
494		78
495		64
496		64
497		94
498		85
499		65
500		85
501		93
502		79
503		74
504		84
505		66
506		83
507		84
508		82
509		45
510		87
511		68
512		64
513		78
514		54
515		69
516		74
517		66
518		61
519		76
520		69
521		69
522		79
523		86
524		72
525		65
526		68
527		74
528		82
529		72
530		78
531		69
532		83
533		62
534		52
535		76
536		65
537		60
538		68
539		84
540		65
541		74
542		66
543		70
544		72
545		58
546		68
547		69
548		59
549		56
550		79
551		61
552		68
553		73
554		70
555		64
556		62
557		73
558		73
559		68
560		55
561		69
562		60
563		67
564		62
565		59
566		54
567		61
568		70
569		80
570		70
571		64
572		67
573		71
574		62
575		74
576		64
577		58
578		61
579		67
580		62
581		55
582		56
583		78
584		56
585		66
586		50
587		52
588		65
589		69
590		64
591		69
592		64
593		63
594		57
595		55
596		64
597		65
598		53
599		67
600		72
601		64
602		52
603		44
604		70
605		53
606		54
607		42
608		49
609		54
610		59
611		51
612		53
613		57
614		41
615		65
616		45
617		59
618		55
619		41
620		66
621		50
622		44
623		77
624		48
625		56
626		59
627		45
628		46
629		40
630		51
631		57
632		44
633		51
634		51
635		38
636		44
637		49
638		47
639		45
640		62
641		52
642		46
643		56
644		46
645		55
646		54
647		32
648		47
649		54
650		51
651		52
652		57
653		47
654		43
655		40
656		47
657		54
658		50
659		51
660		40
661		48
662		55
663		47
664		42
665		53
666		44
667		43
668		46
669		43
670		30
671		43
672		39
673		55
674		48
675		40
676		45
677		33
678		46
679		48
680		44
681		43
682		44
683		45
684		36
685		46
686		40
687		52
688		45
689		30
690		41
691		53
692		42
693		41
694		51
695		34
696		53
697		45
698		45
699		36
700		45
701		42
702		43
703		32
704		33
705		41
706		40
707		43
708		45
709		40
710		50
711		40
712		41
713		42
714		43
715		32
716		39
717		42
718		45
719		53
720		34
721		41
722		39
723		39
724		45
725		38
726		46
727		35
728		47
729		40
730		46
731		54
732		40
733		41
734		43
735		38
736		41
737		45
738		39
739		45
740		51
741		32
742		31
743		37
744		49
745		38
746		27
747		43
748		38
749		44
750		47
751		31
752		42
753		40
754		45
755		33
756		36
757		36
758		18
759		45
760		36
761		31
762		38
763		41
764		39
765		33
766		44
767		29
768		33
769		40
770		40
771		39
772		37
773		39
774		31
775		50
776		35
777		35
778		37
779		31
780		27
781		32
782		39
783		49
784		27
785		39
786		35
787		23
788		38
789		35
790		34
791		38
792		39
793		31
794		31
795		26
796		32
797		44
798		32
799		31
800		34
801		34
802		34
803		19
804		33
805		32
806		30
807		36
808		32
809		39
810		29
811		26
812		32
813		32
814		31
815		31
816		40
817		37
818		28
819		28
820		29
821		27
822		35
823		26
824		28
825		27
826		29
827		36
828		27
829		23
830		30
831		24
832		31
833		49
834		33
835		37
836		31
837		34
838		38
839		26
840		28
841		30
842		32
843		28
844		30
845		33
846		31
847		27
848		34
849		31
850		33
851		28
852		25
853		33
854		33
855		33
856		22
857		33
858		36
859		29
860		41
861		31
862		30
863		37
864		35
865		29
866		26
867		38
868		31
869		28
870		30
871		37
872		26
873		31
874		35
875		32
876		29
877		34
878		38
879		36
880		37
881		22
882		22
883		31
884		33
885		36
886		24
887		38
888		30
889		33
890		29
891		29
892		29
893		19
894		33
895		31
896		24
897		29
898		38
899		37
900		23
901		22
902		25
903		27
904		36
905		28
906		20
907		36
908		24
909		32
910		32
911		34
912		27
913		31
914		24
915		27
916		27
917		44
918		21
919		25
920		28
921		20
922		26
923		17
924		16
925		22
926		30
927		23
928		27
929		35
930		34
931		26
932		26
933		31
934		31
935		36
936		28
937		24
938		32
939		36
940		23
941		24
942		23
943		24
944		24
945		23
946		18
947		35
948		30
949		25
950		26
951		22
952		27
953		26
954		29
955		27
956		22
957		25
958		28
959		24
960		22
961		19
962		23
963		15
964		36
965		31
966		21
967		39
968		21
969		26
970		32
971		30
972		25
973		36
974		24
975		29
976		17
977		29
978		22
979		22
980		24
981		27
982		26
983		22
984		25
985		23
986		25
987		23
988		25
989		30
990		16
991		25
992		25
993		20
994		21
995		29
996		23
997		14
998		20
999		31
1000		16
1001		28
1002		25
1003		18
1004		26
1005		27
1006		15
1007		21
1008		16
1009		20
1010		28
1011		38
1012		22
1013		26
1014		19
1015		23
1016		24
1017		29
1018		25
1019		20
1020		23
1021		19
1022		30
1023		25
1024		24
1025		23
1026		17
1027		19
1028		25
1029		22
1030		20
1031		30
1032		28
1033		22
1034		15
1035		20
1036		22
1037		13
1038		20
1039		17
1040		11
1041		17
1042		23
1043		19
1044		21
1045		21
1046		23
1047		25
1048		22
1049		23
1050		17
1051		20
1052		28
1053		20
1054		22
1055		17
1056		21
1057		20
1058		31
1059		24
1060		21
1061		18
1062		23
1063		18
1064		19
1065		28
1066		25
1067		25
1068		15
1069		19
1070		16
1071		26
1072		26
1073		19
1074		18
1075		13
1076		17
1077		20
1078		25
1079		23
1080		20
1081		18
1082		25
1083		24
1084		18
1085		18
1086		22
1087		19
1088		21
1089		24
1090		21
1091		21
1092		24
1093		18
1094		19
1095		26
1096		29
1097		29
1098		30
1099		15
1100		18
1101		19
1102		22
1103		17
1104		25
1105		12
1106		20
1107		17
1108		21
1109		25
1110		27
1111		21
1112		19
1113		17
1114		20
1115		16
1116		23
1117		21
1118		25
1119		17
1120		16
1121		21
1122		24
1123		15
1124		19
1125		22
1126		18
1127		23
1128		13
1129		26
1130		15
1131		16
1132		19
1133		26
1134		23
1135		18
1136		23
1137		32
1138		24
1139		19
1140		18
1141		23
1142		20
1143		12
1144		17
1145		19
1146		24
1147		25
1148		20
1149		28
1150		21
1151		21
1152		15
1153		11
1154		24
1155		25
1156		33
1157		16
1158		15
1159		17
1160		24
1161		25
1162		14
1163		15
1164		14
1165		20
1166		20
1167		21
1168		11
1169		21
1170		21
1171		15
1172		16
1173		17
1174		15
1175		12
1176		21
1177		10
1178		21
1179		22
1180		21
1181		23
1182		19
1183		18
1184		19
1185		20
1186		16
1187		13
1188		15
1189		18
1190		12
1191		17
1192		23
1193		7
1194		18
1195		20
1196		21
1197		13
1198		19
1199		20
1200		14
1201		17
1202		20
1203		19
1204		16
1205		23
1206		15
1207		28
1208		15
1209		18
1210		17
1211		13
1212		10
1213		15
1214		9
1215		24
1216		14
1217		12
1218		12
1219		17
1220		15
1221		17
1222		20
1223		15
1224		16
1225		20
1226		14
1227		14
1228		17
1229		20
1230		17
1231		12
1232		10
1233		14
1234		16
1235		17
1236		16
1237		20
1238		18
1239		15
1240		22
1241		11
1242		18
1243		23
1244		17
1245		19
1246		12
1247		18
1248		18
1249		17
1250		11
1251		13
1252		13
1253		15
1254		13
1255		17
1256		18
1257		8
1258		22
1259		13
1260		14
1261		17
1262		16
1263		16
1264		17
1265		25
1266		15
1267		21
1268		16
1269		9
1270		10
1271		17
1272		16
1273		22
1274		13
1275		10
1276		17
1277		14
1278		11
1279		15
1280		14
1281		16
1282		12
1283		12
1284		9
1285		14
1286		17
1287		15
1288		18
1289		8
1290		11
1291		18
1292		13
1293		16
1294		13
1295		18
1296		12
1297		14
1298		13
1299		16
1300		13
1301		19
1302		18
1303		17
1304		15
1305		15
1306		12
1307		16
1308		8
1309		16
1310		10
1311		13
1312		19
1313		16
1314		11
1315		22
1316		19
1317		5
1318		13
1319		12
1320		14
1321		14
1322		17
1323		21
1324		10
1325		20
1326		17
1327		19
1328		16
1329		19
1330		8
1331		18
1332		16
1333		12
1334		18
1335		13
1336		14
1337		14
1338		21
1339		18
1340		14
1341		14
1342		13
1343		18
1344		12
1345		11
1346		14
1347		12
1348		17
1349		10
1350		18
1351		17
1352		19
1353		16
1354		12
1355		15
1356		18
1357		14
1358		17
1359		6
1360		11
1361		18
1362		12
1363		14
1364		12
1365		15
1366		14
1367		14
1368		23
1369		9
1370		14
1371		24
1372		25
1373		10
1374		18
1375		16
1376		13
1377		15
1378		17
1379		14
1380		14
1381		13
1382		9
1383		7
1384		16
1385		16
1386		12
1387		12
1388		13
1389		15
1390		8
1391		13
1392		6
1393		10
1394		12
1395		6
1396		9
1397		12
1398		10
1399		14
1400		9
1401		16
1402		15
1403		13
1404		16
1405		7
1406		14
1407		8
1408		13
1409		7
1410		10
1411		15
1412		10
1413		18
1414		12
1415		10
1416		10
1417		10
1418		8
1419		10
1420		8
1421		8
1422		13
1423		11
1424		12
1425		10
1426		15
1427		13
1428		16
1429		18
1430		10
1431		13
1432		10
1433		10
1434		11
1435		10
1436		12
1437		14
1438		10
1439		11
1440		11
1441		10
1442		14
1443		7
1444		10
1445		12
1446		9
1447		12
1448		11
1449		19
1450		14
1451		13
1452		10
1453		11
1454		18
1455		15
1456		11
1457		16
1458		7
1459		7
1460		15
1461		19
1462		13
1463		18
1464		10
1465		11
1466		9
1467		16
1468		12
1469		13
1470		7
1471		12
1472		15
1473		12
1474		7
1475		10
1476		11
1477		12
1478		15
1479		8
1480		6
1481		14
1482		16
1483		18
1484		9
1485		11
1486		6
1487		11
1488		12
1489		13
1490		10
1491		11
1492		8
1493		12
1494		9
1495		11
1496		12
1497		11
1498		13
1499		9
1500		13
1501		14
1502		15
1503		9
1504		13
1505		10
1506		13
1507		10
1508		11
1509		9
1510		15
1511		13
1512		9
1513		5
1514		14
1515		9
1516		11
1517		11
1518		12
1519		5
1520		13
1521		9
1522		10
1523		11
1524		12
1525		12
1526		11
1527		8
1528		12
1529		4
1530		13
1531		12
1532		18
1533		13
1534		8
1535		11
1536		12
1537		14
1538		21
1539		13
1540		8
1541		16
1542		12
1543		9
1544		11
1545		16
1546		5
1547		14
1548		12
1549		9
1550		6
1551		6
1552		18
1553		17
1554		14
1555		10
1556		6
1557		6
1558		6
1559		9
1560		7
1561		9
1562		10
1563		7
1564		12
1565		20
1566		6
1567		9
1568		9
1569		12
1570		9
1571		18
1572		13
1573		12
1574		10
1575		12
1576		9
1577		5
1578		8
1579		11
1580		9
1581		15
1582		6
1583		7
1584		9
1585		15
1586		7
1587		13
1588		7
1589		12
1590		11
1591		15
1592		11
1593		9
1594		8
1595		7
1596		13
1597		10
1598		10
1599		9
1600		8
1601		9
1602		7
1603		11
1604		17
1605		8
1606		8
1607		13
1608		10
1609		14
1610		6
1611		14
1612		6
1613		9
1614		12
1615		16
1616		12
1617		10
1618		10
1619		11
1620		7
1621		14
1622		10
1623		6
1624		16
1625		10
1626		9
1627		11
1628		8
1629		13
1630		17
1631		9
1632		14
1633		3
1634		12
1635		8
1636		9
1637		5
1638		7
1639		10
1640		5
1641		10
1642		11
1643		13
1644		12
1645		8
1646		6
1647		12
1648		9
1649		5
1650		10
1651		8
1652		7
1653		9
1654		7
1655		11
1656		13
1657		8
1658		11
1659		8
1660		16
1661		10
1662		4
1663		7
1664		8
1665		20
1666		11
1667		6
1668		5
1669		7
1670		10
1671		9
1672		11
1673		13
1674		14
1675		10
1676		6
1677		12
1678		11
1679		8
1680		12
1681		13
1682		8
1683		12
1684		11
1685		12
1686		12
1687		8
1688		9
1689		14
1690		15
1691		11
1692		9
1693		9
1694		15
1695		10
1696		10
1697		6
1698		15
1699		6
1700		12
1701		12
1702		16
1703		11
1704		12
1705		9
1706		12
1707		14
1708		11
1709		7
1710		16
1711		11
1712		14
1713		13
1714		5
1715		11
1716		14
1717		7
1718		9
1719		11
1720		6
1721		9
1722		12
1723		15
1724		10
1725		12
1726		8
1727		12
1728		13
1729		12
1730		10
1731		5
1732		14
1733		11
1734		11
1735		8
1736		8
1737		17
1738		7
1739		12
1740		16
1741		4
1742		10
1743		9
1744		11
1745		6
1746		9
1747		8
1748		9
1749		7
1750		8
1751		14
1752		8
1753		6
1754		14
1755		11
1756		7
1757		13
1758		9
1759		10
1760		7
1761		9
1762		7
1763		11
1764		5
1765		10
1766		8
1767		10
1768		10
1769		8
1770		12
1771		9
1772		7
1773		10
1774		8
1775		4
1776		10
1777		11
1778		13
1779		8
1780		11
1781		8
1782		9
1783		7
1784		8
1785		13
1786		9
1787		9
1788		4
1789		7
1790		11
1791		9
1792		8
1793		7
1794		9
1795		12
1796		13
1797		11
1798		9
1799		14
1800		10
1801		8
1802		11
1803		11
1804		9
1805		10
1806		15
1807		11
1808		10
1809		6
1810		8
1811		7
1812		9
1813		7
1814		9
1815		8
1816		9
1817		8
1818		5
1819		10
1820		7
1821		9
1822		10
1823		7
1824		10
1825		11
1826		5
1827		3
1828		8
1829		11
1830		5
1831		7
1832		12
1833		10
1834		7
1835		11
1836		6
1837		2
1838		9
1839		5
1840		5
1841		13
1842		6
1843		8
1844		9
1845		9
1846		8
1847		7
1848		9
1849		5
1850		7
1851		8
1852		7
1853		10
1854		8
1855		13
1856		6
1857		4
1858		9
1859		13
1860		11
1861		7
1862		8
1863		8
1864		10
1865		6
1866		10
1867		7
1868		6
1869		9
1870		12
1871		13
1872		2
1873		8
1874		11
1875		3
1876		6
1877		9
1878		9
1879		12
1880		6
1881		11
1882		8
1883		7
1884		8
1885		4
1886		6
1887		8
1888		9
1889		13
1890		6
1891		5
1892		7
1893		4
1894		13
1895		9
1896		12
1897		7
1898		2
1899		6
1900		6
1901		7
1902		7
1903		14
1904		8
1905		10
1906		12
1907		6
1908		9
1909		10
1910		9
1911		7
1912		8
1913		5
1914		7
1915		11
1916		9
1917		5
1918		4
1919		13
1920		5
1921		9
1922		8
1923		10
1924		16
1925		5
1926		9
1927		11
1928		8
1929		13
1930		4
1931		8
1932		7
1933		12
1934		9
1935		9
1936		9
1937		11
1938		7
1939		6
1940		12
1941		8
1942		10
1943		8
1944		4
1945		8
1946		10
1947		6
1948		5
1949		12
1950		9
1951		13
1952		7
1953		8
1954		11
1955		8
1956		7
1957		12
1958		8
1959		7
1960		5
1961		10
1962		10
1963		7
1964		8
1965		4
1966		3
1967		8
1968		7
1969		10
1970		4
1971		8
1972		10
1973		4
1974		12
1975		3
1976		6
1977		10
1978		8
1979		8
1980		13
1981		12
1982		6
1983		9
1984		6
1985		6
1986		12
1987		8
1988		5
1989		5
1990		8
1991		5
1992		7
1993		11
1994		10
1995		10
1996		6
1997		7
1998		2
1999		8
2000		6
2001		2
2002		5
2003		6
2004		2
2005		17
2006		10
2007		7
2008		11
2009		11
2010		3
2011		2
2012		7
2013		6
2014		4
2015		6
2016		7
2017		10
2018		5
2019		4
2020		7
2021		5
2022		10
2023		8
2024		5
2025		9
2026		12
2027		10
2028		8
2029		10
2030		2
2031		6
2032		3
2033		14
2034		5
2035		6
2036		8
2037		6
2038		8
2039		3
2040		7
2041		3
2042		3
2043		4
2044		10
2045		6
2046		4
2047		8
2048		5
2049		1
2050		5
2051		8
2052		4
2053		5
2054		2
2055		1
2056		8
2057		4
2058		4
2059		13
2060		11
2061		7
2062		3
2063		6
2064		10
2065		10
2066		5
2067		7
2068		6
2069		8
2070		2
2071		9
2072		4
2073		12
2074		7
2075		5
2076		9
2077		11
2078		3
2079		4
2080		8
2081		6
2082		7
2083		4
2084		7
2085		7
2086		3
2087		9
2088		9
2089		6
2090		11
2091		12
2092		5
2093		12
2094		7
2095		9
2096		5
2097		3
2098		7
2099		5
2100		6
2101		4
2102		9
2103		8
2104		11
2105		6
2106		11
2107		10
2108		6
2109		5
2110		9
2111		6
2112		6
2113		7
2114		9
2115		6
2116		6
2117		11
2118		9
2119		9
2120		10
2121		5
2122		9
2123		7
2124		5
2125		8
2126		5
2127		8
2128		9
2129		7
2130		7
2131		9
2132		3
2133		6
2134		7
2135		6
2136		3
2137		7
2138		5
2139		8
2140		6
2141		3
2142		7
2143		6
2144		8
2145		2
2146		7
2147		10
2148		7
2149		7
2150		3
2151		3
2152		7
2153		11
2154		11
2155		6
2156		5
2157		3
2158		7
2159		5
2160		10
2161		10
2162		8
2163		10
2164		11
2165		6
2166		8
2167		5
2168		8
2169		3
2170		3
2171		7
2172		4
2173		11
2174		7
2175		5
2176		4
2177		7
2178		7
2179		3
2180		8
2181		5
2182		6
2183		6
2184		5
2185		5
2186		8
2187		8
2188		12
2189		8
2190		2
2191		7
2192		14
2193		12
2194		12
2195		10
2196		8
2197		11
2198		4
2199		4
2200		9
2201		9
2202		5
2203		7
2204		8
2205		3
2206		5
2207		5
2208		14
2209		6
2210		7
2211		4
2212		3
2213		3
2214		8
2215		5
2216		7
2217		5
2218		8
2219		11
2220		4
2221		4
2222		8
2223		8
2224		2
2225		8
2226		4
2227		7
2228		12
2229		2
2230		5
2231		9
2232		2
2233		4
2234		9
2235		11
2236		10
2237		8
2238		7
2239		6
2240		5
2241		6
2242		9
2243		7
2244		7
2245		9
2246		16
2247		9
2248		5
2249		7
2250		15
2251		2
2252		6
2253		5
2254		6
2255		3
2256		10
2257		3
2259		3
2260		5
2261		9
2262		3
2263		4
2264		5
2265		7
2266		11
2267		6
2268		6
2269		7
2270		4
2271		4
2272		3
2273		12
2274		7
2275		3
2276		9
2277		11
2278		8
2279		7
2280		4
2281		5
2282		4
2283		8
2284		6
2285		4
2286		14
2287		11
2288		7
2289		6
2290		5
2291		6
2292		5
2293		7
2294		7
2295		6
2296		5
2297		6
2298		4
2299		8
2300		5
2301		8
2302		6
2303		6
2304		6
2305		3
2306		6
2307		8
2308		8
2309		6
2310		2
2311		4
2312		4
2313		10
2314		5
2315		1
2316		4
2317		6
2318		6
2319		4
2320		9
2321		3
2322		8
2323		10
2324		6
2325		7
2326		7
2327		7
2328		6
2329		4
2330		6
2331		6
2332		5
2333		8
2334		4
2335		7
2336		9
2337		7
2338		4
2339		8
2340		7
2341		10
2342		5
2343		7
2344		10
2345		2
2346		5
2347		4
2348		9
2349		3
2350		8
2351		4
2352		3
2354		6
2355		8
2356		3
2357		7
2358		3
2359		3
2360		3
2361		7
2362		10
2363		9
2364		3
2365		5
2366		5
2367		6
2368		3
2369		10
2370		4
2371		7
2372		2
2373		3
2374		5
2375		9
2376		6
2377		6
2378		6
2379		4
2380		5
2381		2
2382		7
2383		7
2384		4
2385		3
2386		10
2387		7
2388		6
2389		5
2390		6
2391		7
2392		7
2393		3
2394		5
2395		6
2396		2
2397		6
2398		11
2399		7
2400		6
2401		5
2402		10
2403		6
2404		3
2405		7
2406		4
2407		1
2409		6
2410		4
2411		6
2412		3
2413		4
2414		1
2415		7
2416		4
2417		1
2418		6
2419		3
2420		7
2421		6
2422		6
2423		6
2424		6
2425		7
2426		7
2427		4
2428		3
2429		2
2430		4
2431		5
2432		4
2433		10
2434		3
2435		4
2436		11
2437		6
2438		2
2439		3
2440		3
2441		10
2442		6
2443		8
2444		2
2445		3
2446		9
2447		5
2448		8
2449		2
2450		4
2451		1
2452		6
2453		3
2454		2
2455		3
2456		3
2457		2
2458		2
2459		3
2460		3
2461		9
2462		6
2463		1
2464		2
2465		7
2466		6
2467		7
2468		7
2469		4
2470		5
2471		6
2472		6
2473		4
2474		5
2475		4
2476		4
2477		1
2478		3
2479		2
2480		8
2481		7
2482		7
2483		4
2484		12
2485		3
2486		3
2487		7
2488		9
2489		1
2490		3
2491		4
2492		7
2493		5
2494		2
2495		5
2496		4
2497		9
2498		6
2499		8
2500		7
2501		4
2502		6
2503		7
2504		4
2505		3
2506		7
2507		7
2508		8
2509		6
2510		6
2511		4
2512		2
2513		6
2514		1
2515		7
2516		6
2517		4
2518		4
2519		3
2520		10
2521		7
2522		4
2523		2
2524		3
2525		2
2526		7
2527		6
2528		6
2529		3
2530		2
2531		6
2532		9
2533		4
2534		6
2535		3
2536		5
2537		5
2538		2
2539		3
2540		12
2541		5
2542		9
2543		7
2544		8
2545		7
2546		4
2547		8
2548		5
2549		2
2550		5
2551		3
2552		5
2553		4
2554		5
2555		5
2556		8
2557		6
2558		6
2559		6
2560		5
2561		6
2562		8
2563		6
2565		4
2566		2
2567		8
2568		11
2569		3
2570		6
2571		5
2572		5
2573		4
2574		4
2575		5
2576		6
2577		6
2578		6
2579		2
2580		5
2581		3
2582		8
2583		4
2584		1
2585		1
2586		2
2587		6
2588		7
2589		2
2590		4
2591		7
2592		4
2593		5
2594		4
2595		6
2596		2
2597		4
2598		2
2599		5
2600		3
2601		4
2602		5
2603		7
2604		4
2605		4
2606		4
2607		4
2608		8
2609		6
2610		4
2611		7
2612		5
2613		4
2614		3
2615		5
2616		5
2617		7
2618		4
2619		3
2620		2
2621		6
2622		7
2623		8
2624		4
2625		8
2626		6
2627		6
2628		9
2629		5
2630		5
2631		5
2632		1
2633		3
2634		3
2635		4
2636		6
2637		2
2639		6
2640		6
2641		3
2642		6
2643		3
2644		7
2645		7
2646		7
2647		3
2648		2
2649		5
2650		3
2651		10
2652		4
2653		9
2654		7
2655		3
2656		5
2657		6
2658		6
2659		4
2660		5
2661		6
2662		4
2663		3
2664		3
2665		6
2666		5
2667		3
2668		8
2669		3
2670		8
2671		4
2672		3
2673		4
2674		5
2675		8
2676		4
2677		9
2678		6
2679		2
2680		3
2681		11
2682		10
2683		8
2684		4
2685		7
2686		7
2687		4
2688		4
2689		2
2690		5
2691		8
2692		4
2693		4
2694		6
2695		4
2696		2
2697		6
2698		5
2699		7
2700		11
2701		3
2702		2
2703		4
2704		8
2705		4
2706		6
2707		6
2708		3
2709		7
2710		8
2711		5
2712		6
2713		6
2714		9
2715		6
2716		5
2717		6
2718		5
2719		2
2720		6
2721		5
2722		7
2723		5
2724		6
2725		4
2726		10
2727		4
2728		5
2729		3
2730		6
2731		7
2732		5
2733		5
2734		2
2735		4
2736		8
2737		5
2738		1
2739		3
2740		5
2741		6
2742		4
2743		4
2744		3
2745		5
2746		6
2747		3
2748		5
2749		6
2750		8
2751		3
2752		6
2753		5
2754		4
2755		5
2756		4
2757		4
2759		5
2760		6
2761		6
2762		2
2763		5
2764		4
2765		5
2766		6
2767		2
2768		5
2769		4
2770		3
2771		4
2772		3
2773		5
2774		3
2775		5
2776		2
2777		4
2778		8
2779		3
2780		4
2781		3
2782		2
2783		7
2784		3
2785		1
2786		5
2787		3
2788		6
2789		2
2790		7
2791		3
2792		4
2793		6
2794		8
2795		2
2796		7
2797		1
2798		2
2799		10
2800		7
2801		3
2802		3
2803		7
2804		7
2805		4
2806		5
2807		4
2808		5
2809		4
2810		4
2811		5
2812		8
2813		5
2814		4
2815		5
2816		1
2817		4
2818		3
2819		5
2820		1
2821		4
2822		2
2823		4
2824		5
2825		5
2826		4
2827		4
2828		3
2829		9
2830		6
2831		3
2832		3
2833		6
2834		6
2835		4
2836		2
2837		3
2838		2
2839		7
2840		3
2841		2
2842		3
2843		8
2844		6
2845		3
2846		5
2847		4
2848		7
2849		5
2850		4
2851		2
2852		6
2853		7
2854		6
2855		4
2856		1
2857		1
2858		4
2859		2
2860		10
2861		6
2862		6
2863		3
2864		6
2865		5
2866		3
2867		5
2868		7
2869		6
2870		5
2871		3
2872		5
2873		1
2874		2
2875		3
2876		5
2877		7
2878		2
2879		7
2880		3
2881		1
2882		9
2883		6
2884		5
2885		4
2886		8
2887		3
2888		6
2889		2
2890		5
2891		2
2892		5
2893		3
2894		6
2895		4
2896		7
2897		7
2898		6
2899		8
2900		4
2901		6
2902		6
2903		4
2904		4
2905		6
2906		6
2907		11
2908		6
2909		3
2910		4
2911		5
2912		2
2913		8
2914		6
2915		5
2916		4
2917		1
2918		4
2919		4
2920		3
2921		4
2922		2
2923		3
2924		2
2925		2
2926		4
2927		4
2928		3
2929		6
2930		3
2931		6
2932		7
2933		6
2934		4
2935		4
2936		4
2937		6
2938		5
2939		2
2940		2
2941		8
2942		7
2943		2
2944		2
2945		2
2946		4
2947		6
2948		8
2949		3
2950		1
2951		5
2952		1
2953		1
2954		6
2955		4
2956		5
2957		6
2958		12
2959		2
2960		3
2961		2
2962		4
2963		2
2964		6
2965		4
2966		1
2967		2
2968		6
2969		3
2970		8
2971		4
2972		7
2973		7
2974		7
2975		5
2976		6
2977		3
2978		5
2979		3
2980		9
2981		3
2982		4
2983		5
2984		2
2985		2
2986		1
2987		5
2988		4
2989		3
2990		6
2991		4
2992		2
2993		5
2994		1
2995		4
2996		1
2997		7
2998		5
2999		7
3000		3
3001		3
3002		1
3003		2
3004		1
3005		5
3006		5
3007		4
3008		1
3009		1
3010		1
3011		2
3012		7
3013		6
3014		6
3015		3
3016		5
3017		6
3018		6
3019		7
3020		5
3021		3
3022		2
3023		7
3024		3
3025		7
3026		3
3027		2
3028		5
3029		4
3030		7
3031		2
3032		3
3033		8
3034		2
3035		4
3036		3
3037		6
3038		4
3039		2
3040		2
3041		4
3042		3
3043		2
3044		4
3045		5
3046		5
3047		6
3048		2
3049		4
3050		9
3051		7
3052		5
3053		1
3054		4
3055		8
3056		4
3057		7
3058		4
3059		4
3060		7
3061		4
3062		4
3063		4
3064		2
3065		4
3066		2
3068		4
3069		4
3070		2
3071		3
3072		3
3073		1
3074		6
3075		3
3076		4
3077		2
3079		7
3080		3
3081		5
3082		6
3083		7
3084		1
3085		4
3086		2
3087		3
3088		4
3089		8
3090		7
3091		1
3092		5
3093		3
3094		5
3095		2
3096		1
3097		2
3098		4
3099		2
3100		1
3101		1
3102		4
3103		3
3104		3
3105		5
3106		3
3107		2
3108		2
3109		1
3110		3
3111		4
3112		4
3113		8
3114		4
3115		6
3116		3
3117		2
3118		1
3119		3
3120		2
3121		2
3122		2
3123		6
3124		7
3125		2
3126		3
3127		4
3128		5
3129		2
3130		2
3131		1
3132		2
3133		4
3134		4
3135		4
3136		3
3137		3
3138		3
3139		1
3140		4
3141		4
3142		2
3143		4
3145		2
3146		3
3147		4
3148		6
3149		4
3150		2
3151		4
3152		4
3153		4
3154		4
3155		4
3157		3
3158		1
3159		5
3160		4
3161		5
3162		6
3163		3
3164		3
3165		8
3166		3
3167		6
3168		5
3169		5
3170		8
3171		3
3172		4
3173		7
3174		1
3175		8
3176		2
3177		3
3178		4
3179		3
3180		3
3181		2
3182		2
3183		3
3184		2
3185		3
3186		7
3187		7
3188		5
3189		4
3190		1
3191		5
3192		5
3193		4
3194		5
3195		1
3196		2
3197		3
3198		4
3199		2
3200		3
3201		5
3202		3
3204		2
3206		2
3207		2
3208		3
3209		3
3210		3
3211		2
3212		5
3213		4
3214		13
3215		6
3216		2
3217		4
3218		4
3219		4
3220		5
3221		6
3222		5
3223		4
3224		5
3225		5
3226		2
3227		5
3228		6
3229		2
3230		1
3231		2
3232		4
3233		3
3234		5
3235		3
3236		9
3237		4
3238		7
3239		2
3240		1
3241		1
3242		7
3243		2
3244		6
3245		6
3246		5
3247		5
3248		3
3249		7
3250		7
3251		4
3252		6
3253		5
3254		3
3255		2
3256		3
3257		4
3258		6
3259		7
3260		1
3261		3
3262		6
3263		1
3264		5
3265		3
3266		7
3267		3
3268		3
3269		4
3270		2
3272		4
3273		4
3274		7
3275		2
3276		6
3277		5
3278		3
3279		3
3280		3
3281		5
3282		6
3283		3
3284		5
3285		6
3286		2
3287		5
3288		2
3289		2
3290		1
3291		3
3293		1
3294		3
3295		3
3296		7
3297		8
3298		4
3299		3
3300		3
3301		4
3302		2
3303		2
3304		5
3305		3
3306		6
3307		3
3308		1
3309		4
3310		4
3311		5
3312		5
3313		7
3314		3
3315		5
3316		4
3317		6
3318		9
3319		2
3321		1
3322		4
3323		3
3324		4
3325		3
3326		3
3327		3
3328		2
3329		2
3330		1
3331		2
3332		2
3333		3
3334		5
3335		2
3336		2
3337		1
3338		1
3339		6
3340		4
3341		8
3342		4
3343		5
3344		3
3345		2
3346		6
3347		1
3349		2
3350		2
3351		3
3352		7
3353		2
3354		3
3355		5
3356		4
3357		5
3358		2
3359		1
3360		5
3361		2
3362		5
3363		2
3364		2
3365		2
3366		4
3367		3
3368		2
3369		5
3370		4
3371		8
3372		2
3373		3
3374		3
3375		6
3376		6
3377		3
3378		6
3379		3
3380		4
3381		3
3382		3
3383		3
3384		3
3385		2
3386		2
3387		2
3388		3
3389		3
3390		3
3391		1
3392		6
3393		2
3394		6
3395		2
3396		2
3397		3
3398		1
3399		3
3400		6
3401		1
3402		2
3403		8
3404		5
3405		6
3406		4
3407		2
3408		6
3409		2
3410		4
3411		3
3412		3
3413		2
3414		8
3415		5
3416		2
3417		4
3418		1
3419		6
3421		4
3422		8
3423		7
3424		2
3425		6
3426		2
3427		3
3428		6
3429		1
3430		3
3431		2
3432		2
3433		7
3434		5
3435		3
3436		3
3437		4
3438		5
3440		3
3441		3
3442		5
3443		4
3444		1
3445		1
3446		7
3447		3
3448		2
3449		3
3450		1
3451		1
3452		4
3453		2
3454		2
3455		8
3456		4
3457		3
3458		3
3459		5
3460		2
3461		2
3462		2
3463		6
3464		1
3465		3
3467		5
3468		3
3469		2
3470		3
3471		6
3472		2
3473		3
3474		5
3475		4
3476		4
3477		3
3478		4
3479		1
3480		1
3481		4
3482		5
3483		5
3484		5
3485		1
3486		2
3487		3
3488		3
3489		2
3490		2
3491		1
3492		3
3493		2
3494		2
3495		5
3496		3
3497		4
3498		4
3499		2
3500		3
3501		6
3502		3
3503		5
3504		3
3505		4
3506		1
3507		2
3509		3
3510		3
3511		3
3512		1
3513		3
3514		4
3515		1
3516		3
3517		7
3518		7
3519		5
3520		3
3521		2
3522		2
3523		2
3524		3
3525		9
3526		5
3527		3
3528		4
3529		2
3530		6
3531		6
3532		4
3533		3
3534		4
3535		3
3536		2
3537		2
3538		1
3540		3
3541		2
3542		4
3543		3
3544		1
3545		5
3546		3
3547		6
3548		7
3549		2
3550		1
3551		3
3552		3
3553		1
3554		2
3555		5
3556		2
3557		2
3558		2
3559		4
3560		3
3561		2
3562		6
3563		2
3564		5
3565		1
3566		3
3567		5
3568		2
3569		2
3570		5
3571		2
3572		2
3573		3
3574		2
3575		4
3577		6
3578		3
3579		5
3580		2
3581		4
3582		5
3583		2
3584		2
3585		4
3586		2
3587		4
3588		5
3589		2
3590		2
3591		3
3592		3
3593		1
3594		4
3595		3
3596		4
3597		5
3598		2
3599		2
3600		4
3601		5
3602		3
3603		3
3604		2
3605		5
3606		3
3607		7
3608		3
3609		2
3610		2
3611		4
3612		4
3613		5
3615		3
3617		2
3618		1
3619		2
3620		3
3621		2
3622		2
3623		3
3624		7
3625		6
3626		5
3627		4
3628		2
3629		2
3630		3
3631		1
3632		5
3633		5
3634		6
3635		6
3636		2
3637		5
3638		6
3639		3
3640		2
3641		1
3642		3
3643		3
3644		5
3645		4
3647		3
3648		2
3649		9
3650		2
3651		3
3652		3
3653		4
3654		4
3655		2
3656		4
3657		4
3658		3
3659		3
3660		5
3661		3
3662		2
3663		1
3664		4
3665		4
3666		2
3667		4
3668		2
3669		4
3670		2
3671		5
3672		5
3673		4
3674		3
3675		3
3676		1
3677		2
3678		1
3679		4
3680		2
3681		2
3682		5
3683		4
3684		2
3685		2
3686		7
3687		3
3688		5
3689		2
3691		3
3692		7
3693		7
3695		1
3696		3
3697		2
3698		3
3699		2
3700		2
3701		2
3702		3
3703		2
3704		4
3705		6
3706		4
3707		1
3708		1
3709		3
3710		4
3711		3
3712		1
3713		1
3714		5
3715		4
3716		1
3717		1
3718		2
3719		2
3720		6
3721		3
3722		4
3723		5
3724		5
3725		2
3726		5
3727		2
3728		3
3729		4
3730		1
3732		4
3733		6
3734		2
3735		6
3736		3
3737		4
3738		1
3739		1
3740		4
3741		5
3742		4
3743		3
3744		2
3745		1
3746		2
3747		3
3748		5
3749		4
3750		3
3751		7
3753		2
3754		1
3755		3
3756		4
3757		3
3758		2
3759		4
3760		6
3761		4
3762		3
3763		3
3764		1
3765		4
3766		4
3767		2
3768		2
3769		1
3770		3
3771		4
3772		2
3773		4
3774		2
3775		3
3776		4
3777		2
3778		2
3779		3
3780		5
3781		6
3782		6
3783		4
3784		1
3785		3
3786		2
3787		4
3788		1
3789		1
3791		1
3792		4
3793		3
3795		2
3796		5
3797		2
3798		3
3799		3
3800		2
3801		1
3802		3
3803		3
3804		4
3805		5
3806		3
3807		2
3808		2
3809		2
3810		1
3811		2
3812		7
3813		2
3814		3
3815		3
3816		2
3818		2
3819		1
3820		2
3821		3
3822		3
3823		1
3824		2
3825		1
3826		5
3827		3
3828		1
3829		4
3830		2
3831		2
3832		1
3833		3
3834		3
3835		1
3836		2
3837		5
3838		5
3839		5
3840		5
3842		3
3843		3
3844		2
3845		1
3846		3
3847		4
3848		1
3849		2
3850		2
3851		2
3852		1
3853		2
3854		2
3855		1
3856		4
3858		6
3859		2
3860		2
3861		3
3862		6
3863		1
3864		3
3865		4
3866		3
3867		3
3868		2
3869		3
3870		5
3871		2
3872		6
3874		3
3875		2
3876		4
3877		2
3878		3
3879		1
3880		1
3881		2
3882		1
3883		7
3884		5
3885		1
3886		8
3887		3
3888		1
3889		4
3890		6
3891		3
3892		1
3893		2
3894		2
3895		1
3896		1
3897		3
3898		3
3899		6
3900		1
3901		3
3902		1
3903		2
3904		3
3905		4
3906		6
3907		3
3908		1
3910		9
3911		1
3913		1
3914		2
3915		1
3916		2
3917		4
3918		2
3919		2
3920		1
3921		2
3922		2
3923		5
3924		3
3925		4
3926		1
3928		2
3929		3
3932		2
3933		1
3934		1
3935		3
3936		6
3937		2
3938		1
3939		2
3940		2
3941		2
3942		3
3943		4
3944		2
3945		3
3946		7
3947		2
3948		4
3949		1
3950		6
3952		5
3953		3
3954		4
3955		2
3956		5
3957		3
3958		2
3959		3
3960		1
3961		2
3962		2
3963		4
3964		4
3965		3
3966		1
3967		3
3968		6
3969		4
3970		2
3971		4
3972		1
3973		1
3974		2
3975		2
3976		2
3977		2
3978		4
3979		1
3980		3
3981		2
3982		2
3983		4
3984		3
3985		1
3986		3
3987		6
3988		5
3989		3
3990		2
3991		5
3992		6
3993		2
3994		2
3995		4
3996		1
3997		3
3998		1
3999		1
4000		2
4001		3
4002		3
4004		6
4005		2
4006		6
4007		4
4009		3
4010		3
4011		4
4012		4
4013		1
4014		2
4016		4
4017		5
4018		6
4019		2
4020		5
4021		3
4022		2
4024		1
4025		4
4027		2
4028		1
4029		1
4030		2
4031		10
4032		2
4034		1
4035		3
4036		3
4037		2
4038		6
4039		3
4040		3
4041		2
4042		1
4043		4
4044		2
4045		3
4046		4
4047		1
4048		5
4049		4
4050		1
4051		2
4052		3
4053		1
4054		1
4055		2
4057		2
4058		7
4059		3
4060		3
4061		1
4062		2
4063		3
4064		4
4065		1
4066		2
4067		3
4068		2
4069		4
4070		2
4071		3
4072		2
4073		5
4074		5
4075		5
4076		1
4077		3
4078		1
4079		4
4080		4
4081		2
4082		2
4083		4
4084		6
4085		2
4086		4
4087		4
4088		4
4089		2
4090		1
4091		3
4092		2
4093		3
4094		1
4095		3
4096		3
4097		1
4098		2
4099		2
4101		2
4102		2
4103		2
4104		2
4105		1
4106		2
4107		2
4108		5
4109		2
4110		3
4111		2
4112		5
4113		2
4114		1
4115		1
4116		1
4117		3
4118		4
4119		3
4120		2
4122		4
4123		3
4124		4
4125		4
4126		4
4127		1
4128		1
4129		2
4130		2
4131		2
4132		4
4133		2
4134		1
4135		4
4136		5
4138		1
4139		2
4140		1
4141		2
4142		2
4144		2
4145		1
4146		3
4147		1
4148		5
4149		3
4151		3
4152		2
4153		4
4154		2
4155		4
4156		2
4157		2
4158		5
4159		2
4160		1
4161		2
4162		3
4163		6
4164		3
4165		4
4166		3
4167		2
4168		3
4169		1
4171		3
4172		2
4173		3
4174		3
4175		5
4176		1
4177		5
4178		4
4179		2
4180		3
4181		2
4182		2
4183		2
4184		4
4185		2
4186		1
4189		1
4191		5
4192		3
4193		3
4194		1
4195		2
4196		6
4197		2
4198		1
4199		2
4200		5
4201		3
4202		3
4203		3
4204		4
4206		2
4207		2
4208		1
4209		4
4210		1
4211		7
4212		1
4214		2
4215		6
4217		4
4218		1
4219		1
4221		2
4222		3
4223		1
4224		3
4226		4
4228		4
4229		2
4230		3
4231		1
4233		2
4234		3
4235		3
4236		2
4237		5
4238		2
4239		4
4240		6
4242		3
4243		4
4244		5
4245		4
4246		1
4247		2
4248		2
4249		3
4250		6
4251		2
4252		1
4253		1
4254		8
4255		3
4256		3
4257		4
4258		3
4259		1
4262		2
4263		1
4264		3
4265		1
4266		3
4267		3
4268		4
4269		2
4270		3
4271		2
4272		5
4273		4
4274		2
4275		2
4276		2
4277		1
4278		1
4279		2
4280		2
4281		2
4282		4
4283		2
4284		2
4286		2
4287		2
4288		2
4289		1
4290		1
4291		1
4292		2
4295		2
4296		2
4297		1
4298		3
4299		2
4300		5
4301		2
4302		1
4303		1
4304		1
4305		2
4306		1
4307		3
4308		1
4309		2
4310		2
4311		4
4312		2
4313		2
4314		3
4315		7
4316		1
4317		1
4318		3
4319		3
4320		2
4321		3
4322		1
4323		2
4324		3
4325		6
4326		2
4327		2
4328		2
4329		3
4330		4
4331		2
4332		1
4334		5
4335		2
4336		2
4337		3
4338		3
4339		2
4340		2
4341		4
4342		2
4343		1
4344		2
4345		1
4347		2
4348		2
4349		3
4350		4
4351		1
4352		6
4353		2
4354		2
4356		3
4357		4
4359		2
4360		3
4361		4
4363		1
4364		4
4365		3
4367		2
4368		4
4369		3
4370		1
4371		4
4372		6
4373		1
4374		2
4375		2
4377		1
4378		1
4379		2
4380		2
4381		1
4382		3
4383		6
4384		2
4385		2
4386		4
4387		3
4388		3
4389		1
4390		3
4391		3
4392		1
4393		7
4394		1
4395		1
4396		2
4397		1
4398		4
4399		4
4400		2
4402		3
4403		3
4404		2
4405		4
4406		2
4407		2
4408		4
4409		3
4410		4
4411		1
4412		2
4413		1
4414		1
4416		3
4417		1
4418		3
4419		2
4421		3
4422		3
4423		2
4424		3
4425		2
4426		5
4427		1
4428		1
4429		5
4430		1
4431		1
4432		3
4433		2
4434		2
4435		1
4436		2
4437		4
4438		2
4439		1
4440		3
4441		2
4442		2
4443		2
4444		2
4445		1
4446		1
4447		1
4448		2
4449		3
4450		2
4451		3
4452		3
4454		2
4455		4
4456		3
4457		5
4458		4
4459		1
4460		1
4461		2
4462		2
4463		1
4464		1
4465		2
4466		9
4467		2
4468		1
4469		4
4470		2
4471		2
4472		2
4473		2
4474		3
4475		1
4476		3
4477		2
4478		4
4479		2
4480		2
4481		3
4482		4
4483		2
4484		6
4485		1
4486		2
4487		2
4488		2
4489		3
4490		2
4491		1
4492		3
4493		4
4494		4
4495		2
4496		2
4497		6
4498		4
4499		4
4500		1
4503		3
4504		4
4505		4
4506		4
4507		1
4508		1
4509		2
4510		2
4511		2
4512		2
4513		4
4514		3
4515		2
4516		2
4517		4
4518		1
4520		1
4521		3
4523		2
4524		3
4525		3
4526		1
4527		1
4528		2
4529		3
4530		2
4531		3
4532		2
4533		1
4535		4
4536		1
4537		2
4538		4
4539		1
4540		2
4541		1
4542		2
4543		4
4544		1
4545		3
4546		3
4547		3
4549		1
4550		3
4552		3
4553		2
4555		1
4556		1
4557		4
4558		1
4559		1
4560		3
4561		3
4563		1
4564		1
4566		3
4567		1
4568		3
4569		2
4570		1
4571		6
4572		4
4574		1
4575		3
4577		1
4578		1
4579		1
4580		2
4581		2
4582		1
4583		2
4584		2
4586		2
4587		1
4588		4
4589		1
4590		2
4591		3
4592		3
4593		1
4595		4
4597		2
4598		1
4599		1
4600		2
4601		2
4602		1
4603		2
4604		7
4605		1
4606		1
4607		5
4608		3
4609		1
4610		1
4611		3
4612		1
4613		3
4614		1
4615		3
4617		5
4618		2
4620		1
4621		1
4622		2
4623		1
4624		2
4627		5
4628		2
4629		4
4631		1
4632		3
4633		2
4634		2
4635		1
4636		3
4637		1
4638		7
4639		2
4641		3
4642		2
4643		8
4644		3
4645		3
4646		1
4647		3
4648		1
4649		4
4650		3
4651		1
4652		2
4653		2
4655		2
4656		2
4657		1
4658		1
4659		1
4660		3
4661		2
4662		6
4663		2
4664		2
4665		5
4666		6
4667		5
4668		2
4670		3
4671		2
4672		1
4673		6
4674		2
4675		1
4676		4
4677		4
4678		2
4679		1
4680		2
4681		2
4682		3
4683		6
4684		2
4685		1
4686		3
4687		2
4688		4
4689		1
4690		1
4691		2
4692		3
4693		6
4694		4
4695		5
4696		2
4697		1
4698		1
4699		2
4700		2
4701		1
4702		4
4703		2
4704		2
4705		2
4706		3
4707		3
4709		1
4710		2
4711		3
4712		1
4713		2
4714		1
4715		3
4716		1
4718		4
4719		2
4721		2
4722		3
4723		2
4724		4
4726		3
4727		1
4729		3
4730		1
4731		1
4732		2
4733		1
4734		1
4735		3
4736		3
4737		1
4738		1
4739		3
4740		5
4741		4
4742		3
4743		1
4744		1
4745		3
4746		1
4747		1
4748		2
4749		1
4750		2
4751		3
4752		4
4753		1
4754		1
4755		3
4756		2
4757		2
4758		2
4759		1
4760		2
4761		1
4762		1
4763		1
4764		1
4765		2
4766		1
4767		4
4768		2
4769		1
4770		2
4771		2
4772		2
4773		3
4774		1
4775		1
4776		2
4777		2
4778		4
4779		1
4780		1
4781		2
4783		3
4784		1
4785		3
4786		3
4789		2
4790		3
4791		2
4792		1
4793		3
4794		1
4795		1
4796		1
4798		1
4799		3
4800		2
4801		2
4802		2
4803		1
4805		2
4806		3
4807		1
4808		4
4809		2
4811		1
4812		1
4813		2
4814		2
4815		3
4816		3
4817		1
4818		2
4820		2
4821		5
4822		5
4823		2
4824		2
4825		1
4826		2
4827		1
4828		2
4829		1
4830		1
4831		1
4832		3
4834		3
4835		2
4836		3
4837		4
4838		2
4839		2
4840		2
4841		1
4842		1
4843		1
4844		1
4845		3
4846		4
4847		2
4849		1
4850		2
4851		1
4852		2
4853		3
4854		1
4855		3
4857		3
4858		4
4859		1
4860		2
4861		1
4863		1
4866		2
4867		2
4868		2
4869		3
4870		2
4871		1
4872		5
4873		2
4874		1
4875		2
4876		1
4877		3
4878		2
4879		1
4881		1
4882		1
4883		2
4884		1
4885		6
4886		2
4887		2
4888		1
4889		1
4890		3
4891		3
4892		1
4893		1
4894		3
4895		2
4896		2
4897		2
4900		1
4901		2
4902		1
4903		3
4904		3
4905		1
4907		3
4908		2
4909		1
4911		1
4912		2
4913		1
4914		5
4916		4
4917		2
4918		1
4920		4
4921		1
4922		4
4926		2
4927		2
4928		5
4930		3
4931		3
4932		3
4933		3
4934		1
4935		4
4936		1
4937		3
4938		1
4939		1
4940		3
4941		1
4942		4
4943		1
4944		1
4945		3
4946		1
4948		2
4949		3
4951		1
4952		2
4954		2
4956		4
4958		2
4959		3
4960		1
4961		2
4964		3
4965		1
4968		2
4970		1
4971		3
4972		1
4973		1
4975		2
4976		5
4977		3
4978		1
4979		2
4980		1
4981		2
4982		2
4983		1
4985		1
4986		2
4987		3
4988		1
4989		3
4991		3
4992		1
4993		3
4994		5
4996		1
4997		2
4998		4
5000		2
5001		2
5002		1
5003		1
5004		2
5005		2
5006		3
5007		1
5008		1
5009		1
5010		3
5012		3
5013		1
5014		2
5015		1
5016		1
5017		1
5018		1
5019		2
5020		2
5021		2
5023		3
5024		1
5025		1
5026		2
5027		2
5028		3
5029		4
5030		1
5031		1
5032		1
5033		1
5034		2
5035		3
5036		3
5037		4
5038		7
5039		1
5041		3
5043		3
5044		1
5045		4
5047		1
5048		3
5049		2
5052		3
5054		3
5055		3
5056		1
5057		2
5058		1
5060		1
5061		2
5062		3
5063		3
5064		1
5065		3
5066		2
5067		1
5068		1
5070		2
5071		2
5072		1
5074		1
5075		1
5076		1
5077		2
5078		2
5079		1
5081		2
5082		1
5083		2
5084		3
5085		2
5086		3
5087		4
5088		1
5089		1
5090		1
5091		2
5092		1
5093		1
5094		1
5095		3
5096		2
5098		3
5099		1
5100		2
5101		2
5102		1
5104		1
5106		4
5107		2
5108		1
5109		4
5110		3
5111		1
5112		5
5113		3
5114		2
5115		1
5117		1
5118		3
5119		3
5120		3
5121		1
5123		2
5124		2
5125		1
5126		2
5127		3
5128		1
5129		1
5130		2
5131		2
5132		1
5133		3
5134		2
5136		2
5137		3
5138		3
5139		2
5140		1
5143		1
5144		1
5146		2
5148		1
5149		1
5150		1
5151		1
5152		5
5154		3
5157		3
5158		5
5159		1
5160		1
5161		2
5162		2
5163		3
5164		3
5165		1
5166		3
5168		1
5169		2
5170		3
5171		1
5174		2
5175		4
5176		1
5177		1
5178		2
5179		1
5180		1
5181		1
5183		2
5184		1
5185		4
5186		4
5187		3
5190		2
5192		2
5193		1
5195		5
5196		1
5197		1
5198		2
5199		1
5200		2
5201		1
5204		1
5205		2
5206		1
5207		1
5211		1
5213		2
5215		2
5216		4
5218		4
5219		2
5220		1
5221		1
5224		3
5226		2
5227		1
5228		1
5229		1
5230		3
5231		1
5232		1
5233		1
5234		4
5235		1
5236		1
5237		2
5238		2
5239		3
5240		4
5241		2
5242		2
5243		1
5244		4
5245		1
5246		1
5247		3
5248		1
5249		1
5250		2
5252		3
5253		2
5254		2
5256		1
5257		3
5258		2
5259		1
5260		1
5261		1
5262		1
5263		1
5264		1
5266		1
5269		1
5270		3
5272		1
5273		1
5274		2
5275		2
5276		1
5277		3
5278		1
5279		1
5280		1
5281		1
5283		1
5284		2
5285		3
5286		2
5287		1
5289		3
5290		2
5291		1
5293		1
5294		1
5297		3
5298		1
5299		2
5300		1
5303		1
5304		3
5306		1
5307		3
5309		2
5310		1
5313		1
5314		3
5315		3
5317		1
5318		1
5319		3
5320		1
5321		1
5323		1
5326		4
5327		1
5328		1
5329		1
5330		1
5331		2
5332		2
5333		1
5334		1
5335		3
5336		2
5337		2
5338		3
5339		1
5340		2
5341		1
5344		2
5345		2
5346		2
5347		1
5348		2
5349		2
5350		1
5351		1
5352		1
5353		2
5355		1
5356		1
5357		2
5358		1
5359		3
5360		2
5361		3
5364		1
5365		2
5366		1
5367		1
5368		1
5369		1
5370		4
5371		1
5372		2
5373		1
5374		2
5375		1
5378		1
5379		1
5380		4
5381		2
5383		1
5384		1
5385		1
5386		2
5387		1
5388		4
5389		1
5390		1
5391		1
5392		1
5393		1
5394		1
5395		2
5396		3
5397		2
5398		2
5401		1
5402		1
5403		3
5404		3
5405		1
5406		2
5407		3
5408		2
5409		2
5410		2
5412		1
5413		1
5414		2
5415		1
5416		2
5419		1
5420		1
5421		2
5423		2
5425		1
5426		1
5427		1
5428		3
5429		2
5431		3
5432		3
5433		1
5434		3
5435		1
5436		1
5439		1
5440		1
5442		1
5443		2
5445		2
5446		4
5447		3
5449		3
5450		1
5451		1
5452		1
5453		5
5454		1
5455		2
5456		2
5459		2
5461		1
5463		1
5464		1
5465		1
5466		2
5467		2
5468		2
5469		2
5470		1
5471		1
5472		1
5473		1
5474		1
5476		2
5477		1
5479		2
5481		1
5483		1
5484		2
5485		1
5487		1
5488		2
5489		3
5490		1
5491		2
5493		2
5494		3
5495		2
5496		1
5497		1
5499		2
5501		3
5502		2
5503		1
5504		2
5505		1
5506		2
5507		2
5508		1
5509		2
5511		2
5513		2
5515		1
5517		1
5519		3
5520		2
5521		1
5523		1
5524		1
5525		1
5527		2
5528		1
5529		1
5532		2
5535		1
5538		1
5540		2
5543		1
5545		1
5548		1
5549		2
5552		1
5553		1
5554		1
5555		2
5556		3
5559		1
5561		2
5562		1
5564		1
5565		2
5566		4
5567		1
5569		1
5570		1
5571		1
5572		2
5576		3
5577		2
5578		3
5579		2
5581		1
5583		2
5584		2
5585		3
5586		1
5587		2
5592		2
5593		2
5594		2
5595		2
5597		2
5598		1
5599		1
5601		2
5602		2
5603		1
5605		1
5606		2
5607		1
5608		2
5609		1
5611		2
5612		1
5614		1
5615		1
5616		1
5620		1
5621		1
5622		2
5623		1
5624		2
5625		3
5626		1
5628		2
5629		1
5630		1
5632		1
5633		1
5634		2
5635		1
5636		1
5640		1
5641		3
5643		2
5644		1
5646		2
5652		1
5654		2
5656		1
5658		1
5659		2
5660		3
5661		1
5667		1
5668		1
5669		1
5670		2
5671		1
5672		1
5673		1
5674		2
5675		3
5677		2
5679		1
5680		1
5685		1
5686		2
5688		2
5690		2
5691		2
5693		2
5696		3
5697		1
5698		3
5699		5
5703		4
5704		2
5706		1
5707		2
5708		1
5709		3
5710		1
5711		3
5712		1
5713		1
5714		1
5715		1
5718		2
5719		1
5720		1
5725		1
5726		4
5729		2
5730		1
5731		2
5732		2
5733		2
5734		1
5735		1
5737		1
5738		1
5739		1
5740		2
5742		1
5744		2
5745		1
5746		2
5747		1
5749		2
5754		3
5755		1
5756		1
5757		2
5761		1
5762		1
5766		2
5767		3
5768		1
5770		2
5771		1
5772		2
5774		2
5775		2
5776		1
5780		2
5784		1
5785		1
5787		1
5792		1
5793		1
5798		2
5799		1
5801		3
5803		1
5804		1
5806		1
5808		1
5809		1
5810		2
5811		2
5814		3
5816		3
5822		1
5824		2
5826		2
5827		1
5829		1
5830		3
5832		1
5833		1
5835		1
5836		1
5837		2
5839		2
5841		1
5842		1
5843		1
5845		3
5849		2
5852		1
5854		1
5856		2
5858		2
5859		1
5860		1
5862		1
5864		1
5865		3
5866		4
5867		1
5869		2
5870		1
5871		1
5873		1
5875		1
5878		1
5880		1
5883		1
5884		2
5889		3
5892		1
5893		1
5894		1
5895		3
5896		2
5897		1
5898		1
5901		1
5902		1
5903		2
5904		2
5907		2
5909		1
5910		1
5911		1
5912		1
5913		1
5914		1
5916		1
5918		1
5919		1
5920		1
5921		1
5922		1
5924		2
5926		1
5929		2
5930		3
5933		2
5935		1
5936		1
5937		1
5938		1
5939		1
5941		2
5943		1
5944		1
5946		1
5949		1
5950		3
5951		1
5953		2
5956		1
5958		3
5959		1
5961		3
5964		1
5968		3
5970		2
5971		1
5974		1
5975		1
5978		1
5979		1
5981		1
5988		1
5989		1
5994		1
5997		1
5998		2
5999		2
6004		1
6005		1
6008		1
6009		1
6011		1
6012		1
6013		2
6015		1
6016		1
6017		1
6018		2
6019		1
6020		2
6021		1
6023		1
6027		3
6028		1
6029		2
6030		5
6033		1
6037		1
6038		1
6041		1
6044		2
6045		1
6046		2
6048		1
6049		1
6051		1
6057		1
6058		1
6059		1
6060		1
6063		2
6064		2
6068		2
6071		2
6074		1
6076		2
6078		1
6081		1
6085		2
6086		2
6089		1
6093		1
6096		1
6098		1
6100		2
6101		2
6102		1
6105		1
6108		1
6109		2
6110		1
6111		1
6115		1
6116		2
6117		1
6120		2
6123		1
6129		1
6131		2
6136		1
6137		2
6149		2
6151		1
6155		1
6159		1
6161		1
6163		1
6164		2
6166		1
6167		1
6168		1
6171		1
6172		1
6176		1
6180		1
6181		1
6182		1
6184		1
6185		1
6187		1
6197		1
6200		3
6203		1
6206		1
6207		1
6211		1
6213		1
6214		1
6216		1
6221		1
6223		2
6227		1
6230		2
6235		2
6236		1
6237		1
6239		1
6240		1
6241		1
6245		1
6248		1
6251		1
6252		1
6259		1
6260		1
6261		1
6263		1
6271		1
6275		1
6280		1
6281		1
6282		1
6283		1
6289		2
6291		1
6292		1
6294		1
6299		1
6303		1
6307		1
6318		2
6323		1
6325		2
6326		2
6329		1
6331		1
6336		1
6337		2
6341		1
6342		1
6348		1
6351		1
6355		1
6359		1
6360		1
6367		1
6375		1
6391		1
6396		1
6397		1
6399		1
6400		1
6402		1
6403		1
6413		1
6424		1
6427		1
6433		2
6434		2
6440		1
6443		1
6444		1
6447		1
6450		1
6457		1
6459		1
6470		2
6472		1
6474		1
6477		1
6478		1
6482		1
6483		1
6492		1
6499		1
6504		1
6514		1
6526		1
6527		1
6532		1
6533		1
6544		1
6552		1
6556		1
6565		1
6572		1
6573		1
6577		1
6579		1
6583		1
6595		1
6596		1
6597		1
6602		1
6608		1
6609		1
6616		1
6621		1
6628		1
6640		1
6652		2
6657		1
6663		2
6665		1
6668		1
6671		1
6677		1
6683		1
6684		1
6685		1
6693		1
6697		1
6701		1
6704		1
6707		1
6715		1
6720		1
6728		1
6730		1
6742		1
6743		1
6749		1
6761		1
6763		1
6768		1
6776		1
6778		1
6787		1
6792		1
6798		1
6801		1
6817		1
6827		1
6834		1
6839		1
6850		1
6854		1
6856		1
6859		1
6876		1
6886		1
6924		1
6955		1
6968		1
6969		1
6987		1
7002		1
7010		1
7019		1
7037		1
7046		1
7084		1
7137		2
7146		1
7148		1
7167		1
7204		1
7236		1
7259		1
7266		1
7308		1
7320		1
7342		1
7396		1
7437		1
