Tamaños		Cantidades
1		7589665
2		1566056
3		923871
4		593807
5		411613
6		300608
7		229742
8		182145
9		148177
10		122864
11		103347
12		88700
13		76523
14		67053
15		59269
16		52610
17		47213
18		42788
19		38443
20		35556
21		32252
22		29345
23		27379
24		25533
25		23240
26		21882
27		20380
28		19192
29		18067
30		16525
31		15928
32		14775
33		14193
34		13319
35		12581
36		12146
37		11340
38		10958
39		10363
40		9877
41		9391
42		8913
43		8730
44		8220
45		8014
46		7643
47		7376
48		7051
49		6754
50		6524
51		6210
52		6152
53		5973
54		5584
55		5476
56		5435
57		5195
58		5031
59		4835
60		4675
61		4516
62		4384
63		4371
64		4282
65		4122
66		3957
67		3877
68		3762
69		3630
70		3513
71		3413
72		3376
73		3252
74		3159
75		3174
76		3134
77		2977
78		2954
79		2856
80		2747
81		2714
82		2653
83		2651
84		2565
85		2412
86		2460
87		2348
88		2353
89		2288
90		2247
91		2200
92		2121
93		2074
94		1996
95		2034
96		1993
97		1984
98		1909
99		1871
100		1878
101		1801
102		1788
103		1787
104		1748
105		1726
106		1689
107		1572
108		1612
109		1625
110		1584
111		1567
112		1456
113		1474
114		1436
115		1395
116		1363
117		1458
118		1332
119		1402
120		1326
121		1318
122		1291
123		1338
124		1181
125		1195
126		1182
127		1262
128		1149
129		1182
130		1129
131		1129
132		1168
133		1085
134		1072
135		1096
136		1073
137		1010
138		1026
139		1015
140		1001
141		959
142		1016
143		995
144		955
145		907
146		928
147		952
148		930
149		859
150		903
151		893
152		845
153		838
154		880
155		831
156		797
157		831
158		879
159		805
160		810
161		836
162		773
163		761
164		737
165		757
166		752
167		719
168		718
169		665
170		729
171		699
172		670
173		685
174		703
175		697
176		666
177		675
178		645
179		631
180		647
181		610
182		601
183		624
184		599
185		645
186		614
187		625
188		622
189		570
190		577
191		547
192		579
193		547
194		552
195		512
196		544
197		523
198		563
199		525
200		549
201		521
202		501
203		513
204		523
205		562
206		507
207		510
208		532
209		478
210		489
211		488
212		501
213		492
214		491
215		438
216		429
217		409
218		472
219		449
220		455
221		427
222		443
223		453
224		437
225		423
226		424
227		456
228		429
229		432
230		393
231		410
232		457
233		394
234		393
235		372
236		404
237		376
238		412
239		399
240		389
241		400
242		400
243		383
244		362
245		376
246		379
247		373
248		362
249		378
250		346
251		362
252		348
253		348
254		353
255		344
256		336
257		355
258		338
259		337
260		352
261		307
262		368
263		327
264		340
265		281
266		328
267		312
268		315
269		340
270		302
271		322
272		294
273		339
274		310
275		311
276		310
277		308
278		324
279		283
280		311
281		285
282		299
283		283
284		290
285		288
286		274
287		257
288		265
289		275
290		278
291		296
292		276
293		271
294		278
295		284
296		292
297		261
298		264
299		254
300		255
301		254
302		255
303		242
304		237
305		250
306		241
307		251
308		261
309		249
310		249
311		254
312		236
313		241
314		225
315		229
316		221
317		253
318		248
319		265
320		230
321		241
322		233
323		218
324		228
325		222
326		223
327		218
328		219
329		227
330		247
331		218
332		241
333		215
334		207
335		216
336		205
337		219
338		220
339		219
340		201
341		227
342		214
343		205
344		186
345		179
346		207
347		215
348		176
349		226
350		186
351		202
352		186
353		200
354		214
355		203
356		190
357		175
358		180
359		190
360		193
361		185
362		195
363		187
364		185
365		181
366		186
367		173
368		191
369		162
370		194
371		160
372		191
373		185
374		159
375		187
376		183
377		166
378		163
379		167
380		197
381		179
382		184
383		179
384		218
385		149
386		184
387		175
388		160
389		156
390		182
391		151
392		161
393		156
394		179
395		151
396		186
397		155
398		145
399		162
400		142
401		162
402		145
403		170
404		152
405		150
406		162
407		155
408		150
409		158
410		158
411		151
412		139
413		134
414		151
415		140
416		172
417		128
418		155
419		144
420		136
421		165
422		152
423		149
424		155
425		130
426		130
427		156
428		135
429		132
430		141
431		146
432		134
433		154
434		138
435		139
436		128
437		139
438		118
439		140
440		133
441		139
442		134
443		130
444		109
445		137
446		121
447		140
448		141
449		121
450		131
451		108
452		126
453		127
454		116
455		136
456		108
457		125
458		144
459		115
460		132
461		135
462		112
463		106
464		104
465		126
466		134
467		136
468		127
469		130
470		106
471		121
472		121
473		104
474		114
475		105
476		127
477		100
478		136
479		116
480		123
481		119
482		103
483		106
484		117
485		123
486		90
487		116
488		126
489		110
490		106
491		89
492		109
493		110
494		102
495		114
496		103
497		102
498		98
499		117
500		106
501		105
502		98
503		100
504		109
505		102
506		110
507		106
508		89
509		108
510		112
511		113
512		109
513		115
514		102
515		95
516		107
517		90
518		109
519		116
520		99
521		118
522		104
523		99
524		102
525		88
526		102
527		96
528		115
529		89
530		112
531		110
532		75
533		103
534		93
535		94
536		113
537		88
538		95
539		84
540		87
541		86
542		80
543		85
544		116
545		82
546		96
547		93
548		73
549		104
550		74
551		86
552		81
553		102
554		93
555		102
556		74
557		80
558		92
559		86
560		102
561		99
562		84
563		82
564		101
565		79
566		95
567		84
568		89
569		86
570		91
571		90
572		82
573		92
574		82
575		77
576		85
577		93
578		85
579		92
580		76
581		83
582		79
583		83
584		80
585		83
586		84
587		90
588		82
589		96
590		67
591		92
592		92
593		78
594		83
595		73
596		82
597		78
598		80
599		85
600		79
601		85
602		67
603		75
604		77
605		66
606		79
607		58
608		82
609		75
610		76
611		78
612		72
613		76
614		65
615		79
616		68
617		74
618		79
619		80
620		71
621		89
622		70
623		80
624		66
625		67
626		68
627		84
628		60
629		82
630		73
631		70
632		83
633		70
634		59
635		64
636		77
637		70
638		92
639		78
640		68
641		74
642		64
643		72
644		74
645		68
646		67
647		80
648		73
649		78
650		51
651		64
652		68
653		74
654		63
655		61
656		64
657		71
658		56
659		74
660		79
661		53
662		82
663		59
664		74
665		66
666		65
667		61
668		59
669		79
670		66
671		58
672		62
673		71
674		62
675		77
676		58
677		56
678		57
679		56
680		64
681		47
682		60
683		75
684		73
685		67
686		59
687		71
688		80
689		59
690		76
691		60
692		62
693		68
694		64
695		68
696		60
697		56
698		55
699		69
700		64
701		61
702		58
703		69
704		70
705		58
706		53
707		63
708		49
709		47
710		42
711		66
712		48
713		69
714		56
715		64
716		60
717		47
718		63
719		52
720		57
721		39
722		60
723		40
724		65
725		68
726		58
727		57
728		72
729		62
730		54
731		49
732		56
733		72
734		66
735		67
736		55
737		67
738		61
739		66
740		50
741		63
742		55
743		61
744		54
745		57
746		51
747		50
748		51
749		70
750		56
751		57
752		58
753		49
754		61
755		37
756		48
757		45
758		42
759		63
760		68
761		46
762		51
763		57
764		51
765		46
766		49
767		59
768		52
769		49
770		46
771		57
772		46
773		55
774		47
775		46
776		44
777		43
778		60
779		56
780		61
781		61
782		48
783		57
784		45
785		52
786		47
787		40
788		49
789		45
790		45
791		45
792		69
793		59
794		49
795		53
796		45
797		57
798		48
799		42
800		47
801		42
802		54
803		51
804		68
805		61
806		49
807		44
808		49
809		54
810		56
811		51
812		50
813		41
814		43
815		50
816		49
817		47
818		34
819		52
820		52
821		51
822		50
823		39
824		49
825		59
826		50
827		39
828		46
829		39
830		48
831		56
832		44
833		47
834		46
835		41
836		46
837		36
838		39
839		36
840		47
841		54
842		41
843		35
844		38
845		52
846		61
847		40
848		38
849		61
850		38
851		38
852		44
853		42
854		38
855		42
856		39
857		51
858		42
859		41
860		56
861		47
862		36
863		52
864		38
865		49
866		44
867		36
868		37
869		45
870		38
871		41
872		28
873		38
874		43
875		47
876		55
877		34
878		43
879		40
880		41
881		41
882		34
883		34
884		32
885		34
886		54
887		36
888		51
889		28
890		35
891		28
892		33
893		53
894		38
895		36
896		46
897		35
898		42
899		39
900		52
901		35
902		29
903		41
904		28
905		44
906		43
907		43
908		36
909		33
910		29
911		31
912		36
913		54
914		40
915		44
916		30
917		35
918		27
919		44
920		42
921		49
922		40
923		39
924		32
925		38
926		40
927		46
928		42
929		40
930		35
931		45
932		34
933		45
934		38
935		37
936		41
937		32
938		30
939		33
940		40
941		33
942		46
943		29
944		33
945		33
946		38
947		38
948		39
949		29
950		29
951		38
952		41
953		33
954		35
955		36
956		34
957		36
958		29
959		40
960		40
961		42
962		34
963		45
964		41
965		32
966		30
967		38
968		35
969		38
970		50
971		35
972		34
973		38
974		40
975		30
976		28
977		29
978		44
979		25
980		40
981		30
982		30
983		44
984		33
985		42
986		27
987		33
988		33
989		47
990		38
991		43
992		42
993		41
994		37
995		35
996		30
997		29
998		30
999		29
1000		32
1001		29
1002		27
1003		38
1004		27
1005		35
1006		36
1007		26
1008		23
1009		40
1010		37
1011		29
1012		26
1013		43
1014		31
1015		24
1016		34
1017		29
1018		35
1019		30
1020		35
1021		22
1022		27
1023		40
1024		24
1025		28
1026		31
1027		35
1028		31
1029		33
1030		34
1031		21
1032		28
1033		31
1034		34
1035		24
1036		37
1037		33
1038		28
1039		24
1040		28
1041		36
1042		14
1043		40
1044		36
1045		28
1046		36
1047		30
1048		24
1049		41
1050		28
1051		22
1052		30
1053		26
1054		36
1055		40
1056		24
1057		28
1058		31
1059		27
1060		42
1061		32
1062		35
1063		33
1064		28
1065		31
1066		37
1067		32
1068		38
1069		34
1070		26
1071		39
1072		28
1073		27
1074		40
1075		44
1076		45
1077		37
1078		25
1079		26
1080		26
1081		36
1082		22
1083		36
1084		30
1085		30
1086		38
1087		29
1088		34
1089		29
1090		22
1091		31
1092		27
1093		29
1094		25
1095		20
1096		29
1097		31
1098		33
1099		32
1100		29
1101		26
1102		32
1103		37
1104		25
1105		36
1106		25
1107		30
1108		21
1109		23
1110		24
1111		32
1112		21
1113		34
1114		33
1115		27
1116		25
1117		16
1118		33
1119		21
1120		29
1121		31
1122		34
1123		22
1124		35
1125		22
1126		32
1127		21
1128		17
1129		32
1130		31
1131		24
1132		35
1133		16
1134		24
1135		25
1136		35
1137		21
1138		21
1139		30
1140		37
1141		25
1142		22
1143		26
1144		33
1145		39
1146		23
1147		27
1148		34
1149		22
1150		29
1151		25
1152		29
1153		24
1154		28
1155		27
1156		22
1157		24
1158		21
1159		29
1160		26
1161		24
1162		17
1163		27
1164		19
1165		30
1166		22
1167		23
1168		31
1169		35
1170		25
1171		17
1172		21
1173		31
1174		31
1175		25
1176		20
1177		21
1178		26
1179		34
1180		38
1181		27
1182		22
1183		19
1184		26
1185		33
1186		25
1187		26
1188		22
1189		21
1190		21
1191		17
1192		25
1193		27
1194		24
1195		24
1196		28
1197		24
1198		23
1199		24
1200		20
1201		28
1202		17
1203		31
1204		21
1205		21
1206		26
1207		23
1208		24
1209		18
1210		21
1211		19
1212		24
1213		32
1214		32
1215		20
1216		32
1217		45
1218		25
1219		25
1220		32
1221		31
1222		17
1223		24
1224		20
1225		21
1226		20
1227		29
1228		21
1229		27
1230		21
1231		29
1232		20
1233		21
1234		23
1235		31
1236		21
1237		18
1238		33
1239		26
1240		17
1241		23
1242		27
1243		28
1244		18
1245		23
1246		22
1247		25
1248		15
1249		19
1250		21
1251		26
1252		21
1253		19
1254		19
1255		22
1256		19
1257		22
1258		26
1259		26
1260		27
1261		17
1262		28
1263		25
1264		24
1265		24
1266		24
1267		23
1268		22
1269		30
1270		25
1271		20
1272		24
1273		20
1274		23
1275		19
1276		30
1277		28
1278		31
1279		16
1280		29
1281		22
1282		31
1283		16
1284		20
1285		26
1286		22
1287		25
1288		22
1289		19
1290		20
1291		17
1292		34
1293		19
1294		24
1295		12
1296		16
1297		19
1298		20
1299		24
1300		29
1301		19
1302		16
1303		26
1304		20
1305		23
1306		19
1307		20
1308		24
1309		13
1310		14
1311		19
1312		23
1313		21
1314		19
1315		28
1316		28
1317		25
1318		22
1319		30
1320		15
1321		22
1322		28
1323		19
1324		28
1325		14
1326		17
1327		15
1328		18
1329		24
1330		24
1331		20
1332		21
1333		23
1334		23
1335		31
1336		29
1337		23
1338		33
1339		23
1340		25
1341		24
1342		29
1343		24
1344		15
1345		15
1346		14
1347		22
1348		18
1349		24
1350		17
1351		23
1352		22
1353		20
1354		22
1355		16
1356		16
1357		14
1358		23
1359		24
1360		20
1361		20
1362		26
1363		28
1364		19
1365		17
1366		21
1367		24
1368		17
1369		20
1370		17
1371		13
1372		20
1373		19
1374		23
1375		27
1376		20
1377		21
1378		14
1379		23
1380		25
1381		16
1382		16
1383		13
1384		23
1385		17
1386		14
1387		25
1388		18
1389		14
1390		20
1391		21
1392		16
1393		9
1394		29
1395		15
1396		17
1397		17
1398		24
1399		19
1400		17
1401		20
1402		18
1403		9
1404		20
1405		16
1406		21
1407		16
1408		16
1409		18
1410		19
1411		17
1412		16
1413		20
1414		17
1415		23
1416		21
1417		23
1418		22
1419		23
1420		20
1421		22
1422		18
1423		23
1424		19
1425		20
1426		19
1427		22
1428		7
1429		22
1430		22
1431		14
1432		18
1433		19
1434		24
1435		18
1436		20
1437		16
1438		26
1439		22
1440		22
1441		19
1442		25
1443		18
1444		22
1445		20
1446		21
1447		13
1448		25
1449		23
1450		20
1451		9
1452		15
1453		19
1454		17
1455		15
1456		19
1457		25
1458		21
1459		17
1460		20
1461		16
1462		22
1463		18
1464		19
1465		23
1466		22
1467		15
1468		16
1469		14
1470		16
1471		14
1472		13
1473		10
1474		29
1475		16
1476		23
1477		17
1478		22
1479		22
1480		13
1481		19
1482		11
1483		19
1484		25
1485		17
1486		17
1487		18
1488		17
1489		15
1490		20
1491		17
1492		19
1493		25
1494		16
1495		17
1496		13
1497		14
1498		26
1499		18
1500		20
1501		21
1502		16
1503		19
1504		21
1505		9
1506		21
1507		14
1508		19
1509		16
1510		15
1511		17
1512		17
1513		13
1514		17
1515		16
1516		19
1517		17
1518		14
1519		18
1520		10
1521		19
1522		17
1523		21
1524		27
1525		13
1526		14
1527		13
1528		18
1529		27
1530		28
1531		15
1532		15
1533		10
1534		16
1535		17
1536		16
1537		5
1538		17
1539		19
1540		12
1541		13
1542		15
1543		19
1544		19
1545		18
1546		14
1547		26
1548		13
1549		21
1550		17
1551		16
1552		13
1553		19
1554		20
1555		20
1556		16
1557		20
1558		15
1559		15
1560		13
1561		11
1562		16
1563		16
1564		16
1565		11
1566		16
1567		14
1568		21
1569		20
1570		18
1571		20
1572		17
1573		24
1574		18
1575		19
1576		22
1577		12
1578		15
1579		20
1580		14
1581		12
1582		14
1583		8
1584		22
1585		11
1586		18
1587		19
1588		18
1589		15
1590		14
1591		17
1592		12
1593		17
1594		18
1595		9
1596		19
1597		20
1598		12
1599		20
1600		23
1601		18
1602		20
1603		16
1604		18
1605		13
1606		7
1607		10
1608		19
1609		13
1610		11
1611		20
1612		14
1613		19
1614		16
1615		12
1616		14
1617		14
1618		12
1619		16
1620		23
1621		13
1622		12
1623		13
1624		21
1625		13
1626		21
1627		14
1628		25
1629		13
1630		7
1631		7
1632		17
1633		14
1634		13
1635		10
1636		12
1637		14
1638		14
1639		15
1640		20
1641		15
1642		13
1643		16
1644		11
1645		14
1646		10
1647		15
1648		14
1649		11
1650		7
1651		12
1652		15
1653		10
1654		17
1655		10
1656		11
1657		11
1658		9
1659		18
1660		18
1661		16
1662		10
1663		14
1664		12
1665		22
1666		16
1667		17
1668		20
1669		19
1670		16
1671		13
1672		12
1673		13
1674		10
1675		12
1676		14
1677		16
1678		16
1679		14
1680		10
1681		18
1682		14
1683		16
1684		19
1685		9
1686		17
1687		12
1688		25
1689		17
1690		12
1691		18
1692		11
1693		13
1694		10
1695		17
1696		16
1697		15
1698		5
1699		16
1700		17
1701		11
1702		17
1703		20
1704		13
1705		15
1706		22
1707		10
1708		15
1709		11
1710		10
1711		19
1712		24
1713		13
1714		12
1715		11
1716		11
1717		12
1718		21
1719		18
1720		13
1721		14
1722		14
1723		12
1724		2
1725		15
1726		18
1727		10
1728		12
1729		12
1730		15
1731		8
1732		10
1733		15
1734		14
1735		17
1736		12
1737		10
1738		16
1739		20
1740		14
1741		9
1742		15
1743		23
1744		13
1745		21
1746		16
1747		17
1748		13
1749		15
1750		16
1751		14
1752		16
1753		17
1754		12
1755		19
1756		4
1757		11
1758		12
1759		14
1760		15
1761		15
1762		15
1763		10
1764		11
1765		15
1766		13
1767		20
1768		15
1769		11
1770		20
1771		23
1772		10
1773		17
1774		11
1775		14
1776		22
1777		12
1778		8
1779		11
1780		9
1781		6
1782		16
1783		13
1784		9
1785		20
1786		11
1787		12
1788		10
1789		9
1790		8
1791		11
1792		12
1793		15
1794		15
1795		14
1796		15
1797		12
1798		8
1799		10
1800		11
1801		11
1802		15
1803		8
1804		9
1805		20
1806		10
1807		14
1808		8
1809		11
1810		14
1811		12
1812		9
1813		8
1814		15
1815		8
1816		10
1817		16
1818		14
1819		12
1820		10
1821		11
1822		10
1823		12
1824		17
1825		17
1826		19
1827		14
1828		11
1829		14
1830		6
1831		12
1832		11
1833		15
1834		13
1835		14
1836		15
1837		12
1838		14
1839		14
1840		16
1841		11
1842		13
1843		15
1844		11
1845		11
1846		16
1847		10
1848		6
1849		15
1850		15
1851		13
1852		9
1853		8
1854		7
1855		15
1856		12
1857		11
1858		17
1859		18
1860		10
1861		7
1862		20
1863		6
1864		12
1865		10
1866		23
1867		11
1868		15
1869		17
1870		8
1871		14
1872		12
1873		22
1874		11
1875		13
1876		16
1877		14
1878		16
1879		6
1880		12
1881		6
1882		8
1883		11
1884		10
1885		14
1886		14
1887		8
1888		17
1889		10
1890		8
1891		12
1892		13
1893		17
1894		10
1895		7
1896		10
1897		19
1898		15
1899		9
1900		11
1901		10
1902		18
1903		20
1904		11
1905		18
1906		8
1907		11
1908		9
1909		16
1910		12
1911		16
1912		9
1913		11
1914		8
1915		12
1916		8
1917		18
1918		2
1919		12
1920		9
1921		13
1922		12
1923		8
1924		13
1925		12
1926		11
1927		8
1928		16
1929		12
1930		7
1931		17
1932		12
1933		13
1934		14
1935		16
1936		15
1937		13
1938		17
1939		11
1940		13
1941		8
1942		10
1943		9
1944		7
1945		10
1946		8
1947		13
1948		14
1949		8
1950		16
1951		15
1952		17
1953		13
1954		20
1955		16
1956		7
1957		12
1958		16
1959		17
1960		12
1961		10
1962		12
1963		15
1964		6
1965		9
1966		11
1967		7
1968		12
1969		8
1970		15
1971		12
1972		14
1973		6
1974		13
1975		12
1976		7
1977		20
1978		10
1979		16
1980		12
1981		11
1982		11
1983		10
1984		12
1985		12
1986		9
1987		11
1988		9
1989		11
1990		8
1991		8
1992		8
1993		9
1994		11
1995		5
1996		12
1997		7
1998		11
1999		14
2000		11
2001		8
2002		17
2003		17
2004		8
2005		11
2006		11
2007		12
2008		10
2009		18
2010		8
2011		13
2012		5
2013		6
2014		9
2015		12
2016		9
2017		16
2018		13
2019		13
2020		14
2021		16
2022		9
2023		11
2024		12
2025		15
2026		13
2027		5
2028		7
2029		15
2030		5
2031		9
2032		19
2033		11
2034		12
2035		11
2036		10
2037		11
2038		9
2039		16
2040		9
2041		11
2042		12
2043		9
2044		11
2045		10
2046		10
2047		7
2048		14
2049		6
2050		13
2051		12
2052		15
2053		11
2054		9
2055		5
2056		11
2057		9
2058		7
2059		8
2060		11
2061		17
2062		11
2063		11
2064		12
2065		12
2066		12
2067		15
2068		8
2069		10
2070		10
2071		15
2072		9
2073		9
2074		10
2075		13
2076		11
2077		4
2078		12
2079		13
2080		9
2081		9
2082		13
2083		10
2084		9
2085		9
2086		16
2087		12
2088		15
2089		15
2090		12
2091		11
2092		6
2093		12
2094		10
2095		11
2096		8
2097		12
2098		6
2099		14
2100		18
2101		6
2102		11
2103		10
2104		8
2105		13
2106		14
2107		8
2108		12
2109		14
2110		10
2111		10
2112		9
2113		9
2114		5
2115		15
2116		8
2117		10
2118		6
2119		8
2120		12
2121		12
2122		13
2123		13
2124		7
2125		8
2126		12
2127		11
2128		10
2129		12
2130		12
2131		10
2132		15
2133		8
2134		9
2135		11
2136		7
2137		10
2138		11
2139		21
2140		8
2141		14
2142		12
2143		6
2144		7
2145		7
2146		15
2147		6
2148		11
2149		8
2150		5
2151		7
2152		6
2153		9
2154		12
2155		12
2156		11
2157		12
2158		10
2159		4
2160		9
2161		6
2162		11
2163		8
2164		9
2165		10
2166		5
2167		8
2168		13
2169		16
2170		3
2171		16
2172		12
2173		9
2174		7
2175		13
2176		13
2177		14
2178		9
2179		8
2180		11
2181		10
2182		11
2183		3
2184		12
2185		10
2186		5
2187		6
2188		11
2189		10
2190		8
2191		7
2192		8
2193		13
2194		14
2195		8
2196		10
2197		11
2198		10
2199		3
2200		10
2201		9
2202		9
2203		5
2204		3
2205		10
2206		10
2207		17
2208		14
2209		13
2210		12
2211		8
2212		8
2213		6
2214		11
2215		12
2216		15
2217		13
2218		8
2219		7
2220		8
2221		7
2222		7
2223		10
2224		11
2225		5
2226		13
2227		12
2228		9
2229		9
2230		8
2231		11
2232		8
2233		14
2234		8
2235		6
2236		16
2237		10
2238		9
2239		9
2240		5
2241		7
2242		10
2243		17
2244		6
2245		9
2246		10
2247		7
2248		11
2249		7
2250		15
2251		12
2252		10
2253		10
2254		5
2255		5
2256		10
2257		9
2258		2
2259		10
2260		8
2261		9
2262		9
2263		12
2264		6
2265		9
2266		6
2267		9
2268		9
2269		12
2270		8
2271		7
2272		11
2273		9
2274		5
2275		17
2276		6
2277		10
2278		15
2279		10
2280		11
2281		10
2282		13
2283		8
2284		13
2285		7
2286		6
2287		9
2288		11
2289		10
2290		14
2291		4
2292		10
2293		9
2294		8
2295		9
2296		12
2297		8
2298		10
2299		14
2300		10
2301		6
2302		4
2303		4
2304		5
2305		6
2306		9
2307		4
2308		8
2309		8
2310		9
2311		11
2312		10
2313		8
2314		11
2315		7
2316		8
2317		9
2318		14
2319		13
2320		14
2321		9
2322		14
2323		11
2324		6
2325		6
2326		9
2327		9
2328		7
2329		7
2330		7
2331		6
2332		8
2333		9
2334		6
2335		6
2336		9
2337		12
2338		14
2339		13
2340		4
2341		11
2342		16
2343		8
2344		7
2345		8
2346		13
2347		8
2348		14
2349		5
2350		11
2351		8
2352		6
2353		9
2354		5
2355		11
2356		15
2357		5
2358		6
2359		5
2360		10
2361		11
2362		4
2363		8
2364		9
2365		12
2366		10
2367		10
2368		15
2369		7
2370		7
2371		11
2372		10
2373		7
2374		5
2375		9
2376		6
2377		8
2378		10
2379		10
2380		5
2381		5
2382		7
2383		10
2384		11
2385		9
2386		12
2387		11
2388		10
2389		7
2390		13
2391		11
2392		6
2393		7
2394		6
2395		8
2396		11
2397		6
2398		5
2399		4
2400		8
2401		3
2402		12
2403		11
2404		7
2405		7
2406		10
2407		10
2408		4
2409		12
2410		8
2411		9
2412		13
2413		8
2414		8
2415		5
2416		8
2417		9
2418		6
2419		5
2420		10
2421		5
2422		9
2423		6
2424		8
2425		11
2426		4
2427		7
2428		1
2429		6
2430		9
2431		7
2432		9
2433		5
2434		10
2435		6
2436		8
2437		6
2438		8
2439		13
2440		8
2441		7
2442		7
2443		12
2444		11
2445		11
2446		12
2447		9
2448		7
2449		8
2450		6
2451		6
2452		8
2453		9
2454		6
2455		5
2456		7
2457		9
2458		7
2459		9
2460		8
2461		5
2462		7
2463		7
2464		13
2465		7
2466		5
2467		4
2468		7
2469		8
2470		13
2471		13
2472		10
2473		7
2474		7
2475		7
2476		8
2477		9
2478		10
2479		10
2480		2
2481		6
2482		7
2483		5
2484		7
2485		7
2486		8
2487		6
2488		10
2489		11
2490		4
2491		6
2492		6
2493		7
2494		8
2495		14
2496		1
2497		9
2498		7
2499		8
2500		5
2501		3
2502		7
2503		11
2504		3
2505		14
2506		8
2507		5
2508		5
2509		8
2510		4
2511		5
2512		8
2513		13
2514		9
2515		12
2516		4
2517		13
2518		8
2519		3
2520		9
2521		5
2522		12
2523		9
2524		12
2525		10
2526		5
2527		5
2528		5
2529		4
2530		9
2531		13
2532		12
2533		8
2534		3
2535		10
2536		4
2537		5
2538		7
2539		6
2540		9
2541		9
2542		5
2543		9
2544		2
2545		8
2546		10
2547		7
2548		10
2549		7
2550		11
2551		6
2552		10
2553		12
2554		4
2555		8
2556		11
2557		8
2558		7
2559		9
2560		6
2561		5
2562		7
2563		9
2564		9
2565		9
2566		12
2567		7
2568		9
2569		10
2570		8
2571		12
2572		8
2573		12
2574		6
2575		12
2576		8
2577		6
2578		3
2579		10
2580		4
2581		8
2582		9
2583		10
2584		8
2585		14
2586		9
2587		2
2588		10
2589		10
2590		7
2591		4
2592		7
2593		7
2594		4
2595		15
2596		2
2597		8
2598		5
2599		7
2600		9
2601		10
2602		8
2603		12
2604		5
2605		7
2606		1
2607		9
2608		5
2609		8
2610		3
2611		2
2612		13
2613		6
2614		5
2615		10
2616		6
2617		5
2618		13
2619		6
2620		5
2621		3
2622		7
2623		11
2624		8
2625		11
2626		11
2627		6
2628		7
2629		9
2630		8
2631		9
2632		11
2633		8
2634		8
2635		6
2636		5
2637		13
2638		6
2639		5
2640		8
2641		6
2642		4
2643		6
2644		10
2645		5
2646		4
2647		9
2648		9
2649		5
2650		4
2651		8
2652		4
2653		11
2654		8
2655		4
2656		4
2657		8
2658		6
2659		4
2660		5
2661		7
2662		8
2663		9
2664		14
2665		9
2666		8
2667		10
2668		8
2669		4
2670		9
2671		4
2672		5
2673		8
2674		11
2675		8
2676		6
2677		14
2678		6
2679		9
2680		11
2681		4
2682		7
2683		4
2684		7
2685		10
2686		6
2687		7
2688		9
2689		8
2690		7
2691		6
2692		5
2693		9
2694		5
2695		8
2696		5
2697		12
2698		4
2699		6
2700		8
2701		11
2702		4
2703		4
2704		10
2705		10
2706		8
2707		7
2708		6
2709		2
2710		3
2711		7
2712		8
2713		7
2714		6
2715		6
2716		4
2717		4
2718		7
2719		4
2720		4
2721		7
2722		5
2723		7
2724		7
2725		8
2726		6
2727		5
2728		10
2729		6
2730		4
2731		7
2732		8
2733		6
2734		3
2735		4
2736		6
2737		3
2738		5
2739		5
2740		4
2741		4
2742		6
2743		6
2744		13
2745		7
2746		10
2747		7
2748		6
2749		12
2750		10
2751		10
2752		8
2753		10
2754		6
2755		5
2756		10
2757		5
2758		7
2759		11
2760		9
2761		6
2762		6
2763		3
2764		7
2765		6
2766		5
2767		8
2768		9
2769		5
2770		12
2771		4
2772		9
2773		7
2774		6
2775		10
2776		3
2777		4
2778		7
2779		5
2780		6
2781		6
2782		5
2783		8
2784		8
2785		8
2786		10
2787		8
2788		4
2789		8
2790		2
2791		6
2792		7
2793		9
2794		5
2795		9
2796		4
2797		4
2798		5
2799		3
2800		12
2801		3
2802		2
2803		9
2804		6
2805		4
2806		3
2807		8
2808		8
2809		5
2810		2
2811		8
2812		8
2813		9
2814		4
2815		4
2816		4
2817		8
2818		4
2819		6
2820		2
2821		5
2822		2
2823		3
2824		2
2825		7
2826		5
2827		7
2828		10
2829		4
2830		7
2831		5
2832		11
2833		3
2834		8
2835		4
2836		7
2837		8
2838		7
2839		5
2840		10
2841		8
2842		5
2843		5
2844		7
2845		5
2846		8
2847		6
2848		5
2849		7
2850		7
2851		5
2852		12
2853		7
2854		7
2855		7
2856		6
2857		5
2858		11
2859		8
2860		8
2861		8
2862		4
2863		4
2864		6
2865		4
2866		5
2867		11
2868		4
2869		6
2870		3
2871		7
2872		13
2873		5
2874		7
2875		6
2876		5
2877		7
2878		3
2879		7
2880		6
2881		4
2882		2
2883		8
2884		6
2885		9
2886		5
2887		8
2888		6
2889		5
2890		5
2891		9
2892		6
2893		2
2894		10
2895		6
2896		11
2897		1
2898		8
2899		4
2900		7
2901		5
2902		1
2903		6
2904		3
2905		4
2906		4
2907		6
2908		4
2909		7
2910		7
2911		2
2912		2
2913		4
2914		4
2915		6
2916		6
2917		6
2918		6
2919		5
2920		5
2921		8
2922		7
2923		5
2924		6
2925		7
2926		6
2927		6
2928		5
2929		3
2930		4
2931		4
2932		8
2933		4
2934		4
2935		7
2936		6
2937		5
2938		3
2939		6
2940		5
2941		5
2942		6
2943		7
2944		8
2945		7
2946		4
2947		5
2948		8
2949		6
2950		3
2951		10
2952		4
2953		7
2954		7
2955		7
2956		4
2957		4
2958		6
2959		3
2960		7
2961		2
2962		6
2963		3
2964		4
2965		10
2966		6
2967		4
2968		8
2969		5
2970		8
2971		6
2972		5
2973		4
2974		9
2975		5
2976		2
2977		4
2978		4
2979		5
2980		5
2981		7
2982		6
2983		3
2984		4
2985		6
2986		4
2987		7
2988		3
2989		5
2990		3
2991		3
2992		7
2993		7
2994		9
2995		4
2996		7
2997		6
2998		6
2999		9
3000		6
3001		7
3002		7
3003		5
3004		10
3005		7
3006		6
3007		5
3008		6
3009		3
3010		8
3011		5
3012		4
3013		4
3014		4
3015		10
3016		11
3017		8
3018		8
3019		9
3020		5
3021		9
3022		5
3023		10
3024		3
3025		3
3026		5
3027		6
3028		4
3029		11
3030		4
3031		3
3032		3
3033		7
3034		5
3035		4
3036		5
3037		8
3039		5
3040		5
3041		6
3042		8
3043		6
3044		7
3045		5
3046		8
3047		8
3048		3
3049		2
3050		8
3051		3
3052		3
3053		6
3054		3
3055		7
3056		3
3057		4
3058		5
3059		5
3060		9
3061		4
3062		2
3063		11
3064		5
3065		11
3066		9
3067		8
3068		6
3069		3
3070		6
3071		4
3072		2
3073		8
3074		4
3075		7
3076		4
3077		8
3078		4
3079		5
3080		7
3081		1
3083		4
3084		8
3085		1
3086		3
3087		5
3088		7
3089		8
3090		6
3091		9
3092		6
3093		2
3094		7
3095		7
3096		4
3097		4
3098		13
3099		6
3100		10
3101		1
3102		5
3103		1
3104		8
3105		6
3106		6
3107		6
3108		6
3109		6
3110		7
3111		9
3112		5
3113		6
3114		5
3115		1
3116		6
3117		10
3118		6
3119		6
3120		7
3121		4
3122		4
3123		6
3124		8
3125		5
3126		1
3127		6
3128		4
3129		3
3130		6
3131		7
3132		3
3133		9
3134		11
3135		2
3136		4
3137		4
3138		4
3139		6
3140		6
3141		1
3142		1
3143		3
3144		6
3145		9
3146		4
3147		7
3148		8
3149		2
3150		6
3151		5
3152		10
3153		1
3154		6
3155		9
3156		8
3157		4
3158		7
3159		4
3160		9
3161		6
3162		2
3163		5
3164		6
3165		7
3166		7
3167		4
3168		5
3169		4
3170		5
3171		5
3172		4
3173		3
3174		4
3175		4
3176		7
3177		7
3178		10
3179		6
3180		3
3181		9
3182		8
3183		3
3184		7
3185		4
3186		8
3187		4
3188		2
3189		3
3190		3
3191		7
3192		3
3193		2
3194		5
3195		2
3196		6
3197		7
3198		4
3199		4
3200		7
3201		3
3202		9
3203		8
3204		5
3205		7
3206		1
3207		7
3208		6
3209		4
3210		7
3211		6
3212		7
3213		4
3214		10
3215		7
3216		7
3217		4
3218		6
3219		8
3220		6
3221		2
3222		5
3223		6
3224		6
3225		9
3226		5
3227		4
3228		6
3229		6
3230		4
3231		3
3232		7
3233		4
3234		1
3235		5
3236		9
3237		11
3238		2
3239		2
3240		6
3241		5
3242		9
3243		5
3244		4
3245		8
3246		4
3247		4
3248		4
3249		3
3250		3
3251		4
3252		7
3253		8
3254		8
3255		3
3256		8
3257		3
3258		4
3259		5
3260		2
3261		4
3262		7
3263		7
3264		3
3265		4
3266		5
3267		5
3268		8
3269		4
3270		10
3271		4
3272		2
3273		4
3274		6
3275		10
3276		7
3277		6
3278		3
3279		4
3280		5
3281		14
3282		2
3283		2
3284		5
3285		3
3286		5
3287		5
3288		5
3289		6
3290		5
3291		5
3292		5
3293		3
3294		6
3295		8
3296		7
3297		2
3298		3
3299		4
3300		5
3301		7
3302		7
3303		8
3304		4
3305		2
3306		7
3307		4
3308		3
3309		9
3310		6
3311		5
3312		5
3313		6
3314		5
3315		7
3316		5
3317		5
3318		5
3319		6
3320		3
3321		5
3322		1
3323		5
3324		3
3325		3
3326		1
3327		3
3328		5
3329		3
3330		5
3331		6
3332		10
3333		7
3334		4
3335		5
3336		9
3337		4
3338		7
3339		6
3340		1
3341		5
3342		9
3343		2
3344		9
3345		7
3346		8
3347		7
3348		6
3349		5
3351		1
3352		3
3353		10
3354		6
3355		2
3356		4
3357		6
3358		4
3359		1
3360		6
3361		5
3362		5
3363		6
3364		1
3365		2
3366		5
3367		4
3368		3
3369		5
3370		4
3371		5
3372		5
3373		7
3374		5
3375		3
3376		3
3377		5
3378		3
3379		4
3380		3
3381		5
3382		2
3383		7
3384		5
3385		3
3386		5
3387		3
3388		4
3389		7
3390		6
3391		7
3392		1
3393		6
3394		2
3395		6
3396		5
3397		5
3398		1
3399		4
3400		6
3401		3
3402		8
3403		5
3404		3
3405		3
3406		3
3407		4
3408		4
3409		3
3410		2
3411		5
3412		5
3414		5
3415		3
3416		2
3417		5
3418		4
3419		4
3420		7
3421		4
3422		2
3423		3
3425		9
3426		1
3427		3
3428		5
3429		2
3430		4
3431		7
3432		2
3433		5
3434		3
3435		7
3436		1
3437		5
3438		6
3439		4
3440		3
3441		2
3442		4
3443		2
3444		4
3445		8
3446		9
3447		1
3448		2
3449		8
3450		2
3451		5
3452		5
3453		2
3454		3
3455		1
3456		5
3457		8
3458		2
3459		3
3460		9
3461		5
3462		7
3463		4
3464		6
3465		4
3466		4
3467		8
3468		1
3469		9
3470		3
3471		2
3472		4
3473		3
3474		4
3475		3
3476		3
3477		3
3478		5
3479		4
3481		3
3482		4
3483		7
3484		2
3485		1
3486		7
3487		6
3488		4
3489		4
3490		2
3491		1
3492		8
3493		2
3494		2
3495		1
3496		5
3497		3
3498		6
3499		4
3500		2
3501		6
3502		2
3503		3
3505		7
3506		3
3507		4
3508		6
3509		3
3510		6
3511		4
3512		5
3513		4
3514		4
3515		3
3516		6
3517		6
3518		5
3519		8
3520		7
3521		2
3522		6
3523		2
3524		3
3525		5
3526		6
3527		4
3528		2
3529		3
3531		2
3532		9
3533		3
3534		5
3535		5
3536		9
3537		5
3538		5
3539		4
3540		3
3541		5
3542		5
3543		7
3544		2
3545		4
3547		3
3548		7
3550		1
3551		3
3552		4
3553		4
3554		4
3555		5
3556		4
3557		2
3558		4
3559		2
3560		3
3561		6
3562		4
3563		2
3564		4
3565		3
3566		3
3567		2
3568		3
3569		7
3570		4
3571		5
3572		4
3573		4
3574		5
3575		2
3576		3
3577		3
3578		4
3579		5
3580		1
3581		4
3582		2
3583		8
3584		8
3585		5
3586		3
3587		8
3588		2
3589		3
3590		4
3591		6
3592		4
3593		5
3594		3
3595		4
3596		5
3597		6
3598		4
3599		2
3600		4
3601		3
3602		8
3603		1
3604		4
3605		2
3606		6
3607		3
3608		4
3609		6
3610		2
3611		3
3612		5
3613		7
3614		2
3616		2
3617		4
3618		5
3619		3
3620		1
3621		4
3622		4
3623		6
3624		5
3625		3
3626		2
3627		7
3628		2
3629		3
3630		6
3631		1
3632		3
3633		6
3634		3
3635		5
3636		8
3637		5
3638		4
3639		5
3640		5
3641		7
3642		2
3643		7
3644		5
3645		4
3646		7
3647		8
3648		1
3649		7
3650		3
3651		6
3652		4
3653		4
3654		9
3655		6
3656		5
3657		4
3658		5
3659		6
3660		2
3661		1
3662		3
3663		10
3664		6
3665		5
3666		2
3667		3
3668		5
3669		5
3670		3
3671		2
3672		5
3673		3
3674		3
3675		5
3676		5
3677		3
3678		5
3679		4
3680		6
3681		3
3682		3
3683		8
3684		2
3685		2
3686		2
3687		3
3688		4
3689		4
3690		3
3691		1
3692		1
3693		5
3694		6
3695		6
3696		6
3697		5
3699		8
3700		4
3701		7
3702		3
3704		5
3705		4
3706		5
3707		3
3708		3
3709		5
3710		2
3711		2
3712		6
3713		5
3714		7
3715		4
3716		4
3717		3
3718		4
3719		4
3720		3
3721		2
3722		4
3723		4
3724		3
3725		5
3726		5
3727		7
3728		2
3729		3
3730		7
3731		6
3732		5
3733		3
3734		2
3735		2
3736		4
3737		4
3738		4
3739		4
3740		4
3741		2
3742		2
3743		4
3744		4
3745		6
3746		3
3747		5
3748		4
3749		4
3750		3
3751		5
3752		3
3753		6
3754		5
3755		6
3756		5
3757		3
3758		7
3759		3
3760		5
3761		1
3762		5
3763		2
3764		1
3765		4
3766		7
3767		4
3768		1
3769		2
3770		3
3771		4
3772		6
3773		3
3774		3
3775		6
3776		1
3777		1
3778		2
3779		2
3780		4
3781		6
3782		3
3783		1
3784		4
3785		4
3786		6
3787		3
3788		5
3789		4
3790		4
3791		4
3792		3
3793		2
3794		6
3795		5
3796		8
3797		5
3798		4
3799		1
3800		6
3801		2
3802		3
3803		3
3804		4
3806		3
3807		4
3808		6
3809		3
3810		2
3811		3
3812		2
3813		2
3814		5
3816		8
3817		7
3819		4
3820		4
3821		7
3822		5
3823		12
3824		3
3825		3
3826		3
3827		4
3828		5
3829		5
3830		2
3831		1
3832		3
3833		1
3834		4
3835		3
3836		4
3837		2
3838		4
3839		1
3840		8
3841		5
3842		4
3843		1
3844		6
3845		1
3846		7
3847		4
3848		4
3849		4
3850		4
3851		2
3852		5
3853		3
3854		1
3855		5
3856		6
3857		5
3858		3
3859		5
3860		8
3861		5
3862		2
3863		6
3864		3
3865		3
3866		2
3867		4
3868		1
3869		2
3870		5
3871		2
3872		1
3873		4
3874		3
3875		6
3876		3
3877		3
3878		3
3879		5
3880		3
3881		2
3882		2
3884		3
3885		4
3886		2
3887		3
3888		5
3889		2
3890		2
3891		6
3893		5
3894		2
3895		3
3896		4
3897		4
3898		1
3899		2
3900		2
3901		7
3902		4
3903		7
3904		4
3905		3
3906		2
3907		2
3908		5
3909		3
3910		6
3912		3
3913		1
3915		2
3916		3
3917		1
3918		4
3919		3
3920		3
3921		4
3922		2
3923		4
3924		2
3925		4
3926		6
3927		4
3928		3
3929		6
3930		1
3931		5
3932		3
3933		1
3934		1
3935		2
3936		5
3937		4
3938		2
3939		5
3940		6
3941		2
3942		5
3943		1
3944		5
3945		6
3946		5
3947		1
3948		5
3949		3
3950		2
3951		2
3952		4
3953		2
3954		3
3955		2
3956		3
3957		5
3958		1
3959		4
3960		3
3961		5
3962		5
3963		4
3964		5
3965		5
3966		4
3967		3
3968		3
3969		4
3970		1
3971		2
3972		6
3973		3
3974		6
3975		1
3976		4
3977		4
3978		4
3979		1
3980		5
3981		3
3982		3
3983		7
3984		3
3985		2
3986		4
3987		7
3988		4
3990		4
3991		2
3992		3
3993		4
3994		1
3995		2
3996		4
3997		3
3998		4
3999		5
4000		5
4001		4
4002		6
4003		5
4004		1
4005		4
4006		3
4007		8
4008		2
4009		3
4010		2
4011		2
4012		4
4013		1
4014		4
4015		6
4016		9
4017		2
4018		2
4019		5
4020		1
4021		1
4022		6
4023		5
4024		4
4025		9
4026		2
4027		2
4028		3
4029		4
4030		3
4031		4
4033		5
4034		5
4035		3
4036		2
4037		4
4038		3
4039		2
4040		6
4041		3
4042		6
4043		4
4044		2
4045		1
4046		5
4047		4
4048		4
4050		2
4051		3
4052		3
4053		2
4054		2
4055		2
4056		3
4057		3
4058		7
4059		1
4060		6
4061		2
4063		1
4064		1
4065		2
4066		5
4067		5
4068		4
4069		2
4070		1
4072		3
4073		4
4074		3
4075		4
4076		7
4077		3
4078		5
4079		4
4080		3
4081		6
4083		3
4084		2
4085		1
4086		2
4088		3
4089		2
4090		1
4091		2
4092		1
4093		8
4094		4
4095		1
4096		7
4097		4
4098		3
4099		2
4100		2
4101		4
4102		1
4104		2
4105		4
4106		4
4107		1
4108		2
4110		2
4111		4
4112		4
4113		4
4114		2
4115		6
4116		5
4117		2
4118		4
4119		2
4120		2
4121		1
4122		5
4123		1
4124		2
4125		1
4126		2
4127		5
4128		4
4129		3
4130		3
4131		2
4132		3
4133		3
4134		3
4135		3
4136		2
4137		7
4138		6
4139		3
4140		3
4141		3
4142		6
4143		3
4144		1
4146		3
4147		1
4148		1
4149		1
4150		4
4151		1
4152		5
4153		4
4154		2
4155		2
4156		2
4157		2
4158		4
4159		7
4160		5
4161		4
4162		2
4163		8
4164		5
4165		2
4166		1
4167		1
4168		5
4169		4
4170		1
4171		4
4172		3
4175		5
4177		4
4178		1
4179		1
4180		4
4181		3
4182		4
4183		2
4184		3
4185		6
4186		1
4187		5
4188		1
4189		6
4190		2
4191		8
4192		2
4193		4
4194		2
4195		1
4197		3
4198		3
4199		3
4200		2
4201		1
4202		3
4203		1
4204		2
4205		7
4206		4
4207		2
4208		3
4209		1
4210		1
4211		7
4212		3
4213		3
4214		2
4215		3
4216		4
4217		5
4218		2
4219		2
4220		1
4221		4
4222		5
4223		5
4225		3
4226		3
4227		7
4228		4
4229		1
4230		2
4231		1
4232		6
4233		2
4234		5
4235		3
4236		1
4237		4
4238		1
4239		4
4240		4
4241		4
4242		2
4243		3
4244		3
4245		3
4246		1
4247		4
4248		2
4249		3
4250		4
4251		4
4252		3
4253		3
4254		4
4255		2
4256		1
4257		4
4258		2
4259		6
4260		1
4262		1
4263		2
4264		3
4265		2
4267		1
4268		3
4269		3
4270		3
4271		2
4272		2
4273		5
4274		3
4275		4
4277		1
4278		2
4279		3
4280		3
4281		2
4282		1
4284		7
4285		2
4286		2
4287		5
4288		2
4289		3
4290		3
4291		7
4292		5
4293		2
4294		3
4295		2
4296		4
4297		3
4298		2
4299		1
4300		2
4301		4
4302		2
4304		3
4305		5
4306		6
4307		3
4308		4
4311		1
4312		2
4313		5
4314		1
4315		4
4316		3
4317		2
4318		2
4319		4
4320		1
4321		1
4323		2
4324		7
4325		1
4328		5
4329		6
4330		2
4331		3
4332		3
4333		1
4334		1
4336		6
4337		2
4338		3
4339		4
4340		1
4341		5
4342		1
4343		4
4344		2
4345		6
4346		2
4347		3
4348		1
4349		3
4350		3
4351		1
4352		3
4353		4
4354		4
4355		5
4356		6
4357		5
4358		7
4359		1
4360		3
4361		2
4362		2
4363		5
4364		3
4365		4
4366		1
4368		3
4369		2
4370		5
4371		2
4373		3
4374		4
4375		3
4376		1
4377		1
4378		2
4379		3
4380		3
4381		3
4382		2
4383		2
4384		3
4385		2
4386		3
4387		7
4388		2
4389		1
4390		2
4391		3
4392		4
4394		1
4395		1
4396		2
4397		1
4399		5
4400		2
4401		5
4403		3
4404		1
4405		3
4406		5
4407		4
4408		2
4409		1
4410		2
4411		4
4412		2
4413		2
4414		1
4415		2
4416		3
4417		8
4418		3
4419		3
4420		2
4421		1
4422		4
4423		3
4425		5
4426		2
4427		2
4428		1
4429		1
4430		1
4431		1
4432		3
4433		3
4434		4
4435		2
4436		2
4437		3
4438		5
4439		4
4440		1
4441		1
4442		5
4443		4
4445		3
4446		2
4447		5
4448		4
4449		3
4450		3
4451		5
4452		2
4453		3
4454		2
4455		3
4456		4
4457		1
4458		2
4459		1
4460		2
4461		1
4462		6
4463		1
4464		5
4465		2
4466		6
4467		4
4468		4
4469		3
4471		3
4472		3
4473		1
4475		3
4477		3
4478		4
4479		2
4480		5
4481		4
4482		6
4483		3
4484		4
4485		3
4486		2
4487		4
4488		5
4489		3
4490		3
4492		3
4493		2
4496		1
4497		5
4498		1
4500		2
4501		3
4502		4
4503		1
4504		2
4505		5
4506		3
4507		3
4508		5
4509		3
4510		1
4511		3
4512		4
4513		2
4514		4
4515		3
4516		2
4517		2
4518		1
4519		2
4520		1
4521		3
4522		2
4523		3
4524		3
4525		2
4526		2
4527		1
4528		4
4529		7
4530		2
4531		3
4532		2
4533		5
4535		3
4536		4
4537		5
4538		2
4539		4
4540		2
4541		2
4542		1
4543		2
4545		3
4546		2
4547		2
4548		2
4549		3
4550		1
4551		3
4553		3
4554		1
4555		2
4556		3
4557		5
4558		4
4559		2
4560		4
4561		4
4563		4
4564		1
4565		3
4566		1
4567		5
4568		1
4569		2
4570		1
4572		2
4573		3
4574		1
4575		6
4576		1
4577		1
4578		1
4579		2
4580		1
4581		1
4582		1
4583		1
4584		2
4585		4
4586		1
4587		3
4588		3
4589		2
4590		2
4591		1
4592		1
4593		2
4594		2
4596		2
4597		2
4598		1
4599		4
4600		3
4601		3
4602		4
4603		1
4604		1
4605		1
4606		3
4607		3
4608		3
4609		6
4610		4
4611		2
4612		1
4613		3
4614		3
4615		2
4617		1
4618		1
4619		1
4620		3
4623		1
4624		1
4625		3
4626		1
4628		2
4629		1
4630		3
4631		2
4632		2
4633		4
4634		1
4635		3
4636		3
4637		1
4638		3
4639		2
4640		4
4641		1
4642		2
4643		1
4644		1
4645		2
4646		2
4647		2
4649		2
4650		2
4651		3
4652		4
4654		3
4655		2
4656		1
4657		1
4658		1
4659		1
4660		6
4661		4
4662		1
4663		4
4664		3
4665		1
4666		3
4667		2
4668		2
4669		2
4670		2
4671		1
4673		1
4674		2
4675		1
4676		2
4677		4
4678		1
4681		2
4682		2
4683		2
4684		3
4685		3
4686		3
4688		1
4689		2
4690		2
4691		2
4692		3
4693		2
4694		2
4695		1
4696		2
4697		4
4698		4
4699		1
4700		2
4701		3
4702		1
4703		2
4704		2
4705		6
4706		3
4707		3
4708		1
4709		1
4710		3
4711		4
4712		1
4713		7
4714		1
4715		2
4716		4
4717		1
4718		2
4719		1
4720		3
4721		2
4722		1
4723		2
4724		3
4725		1
4727		5
4728		2
4729		4
4730		2
4731		1
4732		1
4734		2
4735		1
4737		1
4738		1
4739		1
4740		1
4741		3
4742		2
4743		1
4744		5
4745		1
4746		1
4747		6
4749		4
4751		2
4753		5
4754		1
4755		1
4756		2
4757		2
4758		4
4759		1
4760		1
4761		1
4762		1
4763		2
4764		2
4765		2
4766		2
4768		2
4769		3
4770		2
4771		4
4772		1
4773		1
4774		3
4775		2
4776		4
4777		3
4778		1
4779		3
4780		2
4781		3
4782		1
4783		1
4785		3
4786		1
4787		1
4788		3
4789		4
4790		2
4791		1
4792		2
4793		2
4794		2
4796		2
4798		1
4799		2
4800		3
4802		1
4803		3
4804		1
4805		4
4806		1
4809		2
4810		4
4813		3
4814		4
4815		3
4816		1
4817		2
4818		1
4819		1
4820		1
4821		1
4822		3
4823		1
4824		1
4825		2
4826		1
4828		1
4829		3
4830		2
4831		3
4832		3
4834		2
4835		4
4837		3
4838		2
4839		1
4840		1
4841		1
4842		1
4843		1
4844		2
4845		1
4846		1
4847		1
4848		2
4849		2
4852		2
4853		2
4854		3
4855		3
4857		2
4858		4
4859		1
4860		3
4861		2
4862		1
4863		1
4865		1
4866		3
4867		2
4868		4
4869		1
4870		2
4871		3
4872		1
4873		1
4874		2
4875		6
4877		4
4879		1
4881		2
4882		4
4883		1
4884		2
4885		2
4886		1
4887		1
4888		2
4889		1
4890		3
4891		4
4892		5
4893		4
4895		2
4896		3
4897		2
4898		2
4899		5
4900		2
4901		2
4902		1
4903		4
4904		1
4905		3
4906		1
4907		4
4908		5
4910		1
4911		2
4914		3
4915		1
4916		4
4917		1
4918		1
4919		2
4920		3
4922		3
4923		2
4924		1
4925		1
4926		3
4927		5
4928		3
4929		3
4930		2
4933		1
4934		1
4935		2
4936		1
4938		3
4939		2
4940		2
4941		1
4942		2
4946		3
4947		2
4948		3
4949		3
4950		1
4952		1
4953		1
4954		1
4955		6
4956		3
4957		3
4959		5
4962		1
4963		3
4964		5
4965		1
4966		1
4967		3
4968		3
4969		2
4971		2
4973		1
4974		2
4976		3
4977		3
4978		1
4981		2
4982		1
4983		1
4984		3
4985		2
4987		1
4990		1
4991		2
4992		1
4993		3
4994		1
4995		2
4996		1
4997		2
4998		1
4999		1
5000		1
5001		2
5003		2
5005		1
5007		2
5011		1
5013		2
5014		2
5015		1
5017		2
5019		1
5020		4
5021		2
5022		1
5025		4
5026		2
5027		2
5028		1
5029		1
5031		2
5033		2
5034		3
5035		1
5036		3
5037		4
5038		2
5040		2
5042		2
5043		3
5044		3
5045		2
5046		2
5047		5
5048		1
5049		2
5050		1
5051		2
5053		3
5054		2
5056		1
5057		1
5058		3
5060		1
5061		1
5062		1
5063		3
5065		1
5066		1
5068		2
5070		2
5071		1
5072		4
5074		2
5075		2
5076		1
5077		1
5078		1
5079		1
5080		1
5081		5
5082		3
5086		1
5087		3
5089		1
5091		3
5092		2
5093		1
5095		1
5096		1
5097		4
5100		1
5101		2
5102		2
5106		1
5107		1
5108		3
5109		1
5110		3
5112		1
5113		1
5114		1
5115		1
5116		2
5119		2
5120		2
5121		5
5122		1
5123		1
5126		2
5127		1
5128		3
5130		2
5131		2
5133		2
5134		3
5136		1
5137		2
5138		1
5139		1
5140		1
5141		4
5142		4
5144		5
5145		1
5147		2
5148		2
5150		1
5152		3
5153		1
5154		1
5155		1
5156		2
5158		2
5163		3
5164		2
5165		1
5166		2
5168		2
5169		3
5170		2
5172		4
5174		2
5175		3
5176		1
5177		2
5178		2
5179		2
5181		2
5183		1
5184		1
5185		1
5186		4
5187		2
5188		1
5189		1
5190		1
5191		1
5192		3
5193		1
5194		3
5196		2
5197		2
5198		1
5199		1
5200		1
5201		2
5203		2
5205		4
5207		1
5209		1
5210		3
5211		1
5212		2
5213		1
5215		2
5216		1
5218		1
5220		1
5221		1
5222		3
5223		1
5225		2
5226		1
5227		2
5228		1
5229		2
5230		2
5231		1
5232		1
5233		2
5234		1
5235		4
5236		1
5237		1
5239		2
5240		2
5241		3
5244		1
5245		4
5251		1
5253		1
5255		1
5256		1
5257		1
5259		1
5260		1
5261		2
5262		2
5263		1
5264		1
5266		1
5267		4
5268		3
5269		3
5270		1
5271		4
5272		1
5273		5
5274		1
5275		1
5276		2
5277		2
5278		2
5281		2
5282		1
5283		1
5284		1
5285		1
5286		1
5288		1
5291		1
5294		1
5295		3
5296		1
5297		1
5299		3
5300		1
5301		1
5302		3
5303		1
5305		1
5307		1
5313		1
5315		1
5316		3
5317		2
5318		2
5319		1
5320		1
5321		1
5322		1
5323		2
5325		1
5326		1
5327		1
5329		1
5330		4
5331		1
5332		1
5335		1
5336		1
5341		2
5343		3
5344		3
5345		1
5346		1
5348		4
5350		1
5352		1
5354		1
5355		1
5356		1
5360		1
5361		2
5362		1
5363		1
5364		1
5365		2
5366		2
5368		2
5369		1
5370		1
5371		4
5372		1
5373		1
5377		1
5379		2
5381		1
5382		1
5383		1
5385		1
5387		2
5388		1
5389		2
5391		1
5392		1
5394		1
5395		2
5397		1
5399		1
5401		1
5403		2
5405		3
5407		1
5408		1
5409		2
5410		3
5411		1
5414		2
5415		2
5418		2
5420		1
5424		3
5427		2
5429		3
5431		2
5433		1
5435		2
5436		3
5437		2
5440		2
5442		3
5443		1
5445		3
5446		1
5447		1
5448		1
5452		2
5453		1
5454		3
5457		1
5459		1
5460		1
5461		1
5462		2
5463		1
5466		1
5468		1
5471		1
5472		1
5473		2
5474		2
5476		1
5480		1
5481		1
5482		1
5483		3
5484		1
5486		2
5489		1
5490		1
5491		1
5492		1
5493		1
5495		1
5496		2
5498		3
5500		2
5502		1
5503		3
5505		1
5507		2
5508		2
5511		1
5512		1
5513		1
5516		1
5518		3
5519		1
5520		2
5521		2
5522		1
5523		1
5525		1
5526		1
5527		1
5530		1
5534		1
5539		1
5540		1
5543		3
5548		2
5550		1
5553		1
5554		1
5557		1
5560		1
5563		1
5565		1
5567		1
5569		1
5571		3
5572		1
5574		2
5575		2
5576		1
5578		1
5579		2
5580		2
5581		1
5582		3
5584		1
5586		1
5589		1
5591		1
5594		1
5597		2
5598		1
5601		1
5603		1
5607		1
5609		1
5612		1
5613		1
5615		1
5617		2
5618		1
5620		1
5625		2
5626		1
5628		2
5631		1
5632		1
5633		1
5635		3
5636		1
5637		1
5641		1
5642		1
5650		2
5652		1
5653		2
5656		1
5658		1
5661		2
5666		1
5668		1
5674		1
5675		1
5677		2
5682		1
5687		1
5690		1
5691		1
5692		1
5693		1
5696		1
5697		1
5699		1
5700		1
5701		1
5702		1
5705		1
5712		1
5714		1
5716		3
5717		1
5718		1
5722		1
5724		1
5726		2
5727		1
5736		1
5737		2
5738		1
5739		1
5741		1
5744		1
5746		1
5747		1
5748		1
5750		2
5751		1
5753		1
5755		1
5756		1
5757		1
5759		1
5760		1
5762		1
5763		1
5766		1
5769		1
5772		1
5773		2
5775		1
5779		2
5780		1
5782		1
5791		2
5793		1
5795		1
5800		1
5802		1
5803		1
5804		1
5806		1
5807		1
5812		1
5813		1
5816		2
5819		1
5823		1
5824		1
5826		1
5827		2
5829		2
5831		1
5835		1
5838		1
5843		1
5846		1
5850		1
5853		1
5855		1
5860		1
5870		1
5872		1
5873		2
5875		1
5876		1
5877		1
5878		1
5881		1
5882		1
5883		1
5885		1
5886		1
5887		1
5891		1
5893		3
5894		1
5895		1
5899		1
5906		2
5911		1
5915		1
5916		1
5919		1
5920		1
5922		1
5925		1
5927		2
5928		1
5929		1
5930		2
5934		1
5935		1
5936		1
5941		1
5943		1
5944		2
5947		1
5950		1
5952		1
5958		1
5964		1
5971		1
5972		1
5973		1
5981		1
5984		1
5988		1
5990		1
5994		1
5995		1
5999		1
6006		1
6007		1
6009		1
6010		1
6011		1
6012		1
6013		1
6014		1
6018		1
6021		1
6024		1
6026		3
6029		1
6030		1
6031		3
6034		1
6036		1
6037		1
6042		3
6046		1
6051		1
6055		1
6056		1
6057		1
6072		1
6074		1
6082		1
6083		1
6087		1
6090		1
6091		1
6094		1
6097		1
6102		1
6106		2
6107		2
6108		1
6110		1
6112		1
6128		1
6132		1
6134		1
6137		1
6138		1
6146		1
6148		1
6150		1
6153		1
6155		2
6164		1
6171		1
6175		1
6180		1
6182		1
6183		1
6189		1
6193		1
6195		2
6198		1
6203		2
6204		1
6209		1
6225		2
6233		1
6249		1
6256		2
6269		1
6270		1
6276		1
6283		1
6286		1
6290		2
6296		1
6301		1
6306		2
6325		1
6334		1
6339		1
6342		1
6346		2
6358		2
6365		3
6380		1
6417		1
6443		1
6447		1
6485		1
6509		1
6514		1
6523		1
6526		1
6546		1
6562		1
6564		1
6612		2
6628		1
6635		1
6636		2
6646		1
6661		1
6667		1
6677		1
6685		1
6691		1
6696		1
6704		1
6706		2
6714		2
6733		1
6745		1
6788		1
6792		1
6800		1
6817		1
6827		1
6927		1
7048		1
7058		1
7382		1
