Tamaños		Cantidades
1		7469291
2		1531308
3		899792
4		578110
5		400493
6		291323
7		222671
8		176980
9		143579
10		118946
11		100065
12		85647
13		73634
14		64814
15		57152
16		50596
17		45453
18		41178
19		36897
20		33969
21		30928
22		28245
23		26057
24		24268
25		22425
26		20830
27		19374
28		18105
29		16812
30		16086
31		15022
32		14255
33		13353
34		12696
35		12097
36		11373
37		10875
38		10425
39		9777
40		9372
41		8957
42		8659
43		8127
44		7929
45		7590
46		7215
47		7025
48		6778
49		6494
50		6137
51		5876
52		5719
53		5644
54		5450
55		5066
56		4989
57		4932
58		4738
59		4490
60		4382
61		4378
62		4158
63		4118
64		3926
65		3797
66		3769
67		3667
68		3608
69		3445
70		3285
71		3174
72		3114
73		3148
74		3039
75		2948
76		2841
77		2794
78		2691
79		2662
80		2593
81		2563
82		2390
83		2456
84		2369
85		2322
86		2359
87		2253
88		2225
89		2107
90		2171
91		2038
92		2043
93		1977
94		1986
95		1932
96		1892
97		1840
98		1810
99		1825
100		1702
101		1794
102		1608
103		1637
104		1659
105		1611
106		1538
107		1509
108		1561
109		1513
110		1440
111		1459
112		1396
113		1386
114		1397
115		1350
116		1318
117		1294
118		1277
119		1299
120		1222
121		1214
122		1187
123		1212
124		1166
125		1142
126		1096
127		1147
128		1092
129		1124
130		1087
131		1062
132		999
133		1062
134		1016
135		1040
136		980
137		992
138		954
139		937
140		950
141		981
142		887
143		868
144		890
145		874
146		842
147		829
148		839
149		819
150		824
151		849
152		829
153		785
154		807
155		826
156		762
157		761
158		710
159		722
160		747
161		757
162		697
163		673
164		721
165		695
166		658
167		677
168		700
169		672
170		705
171		701
172		622
173		654
174		605
175		617
176		598
177		585
178		643
179		597
180		555
181		591
182		593
183		574
184		621
185		575
186		576
187		597
188		554
189		514
190		531
191		548
192		527
193		510
194		530
195		473
196		528
197		513
198		494
199		497
200		490
201		479
202		444
203		458
204		470
205		466
206		462
207		472
208		456
209		483
210		457
211		452
212		435
213		447
214		428
215		455
216		459
217		425
218		388
219		425
220		420
221		425
222		422
223		388
224		414
225		383
226		377
227		399
228		406
229		385
230		365
231		382
232		364
233		405
234		394
235		341
236		374
237		348
238		368
239		362
240		363
241		369
242		369
243		344
244		349
245		345
246		354
247		317
248		338
249		330
250		342
251		369
252		323
253		337
254		307
255		313
256		309
257		304
258		307
259		344
260		287
261		306
262		293
263		321
264		308
265		292
266		270
267		297
268		281
269		290
270		268
271		296
272		291
273		285
274		313
275		302
276		284
277		279
278		282
279		257
280		289
281		250
282		251
283		265
284		300
285		243
286		265
287		263
288		246
289		243
290		287
291		252
292		255
293		264
294		261
295		255
296		231
297		238
298		265
299		252
300		256
301		252
302		226
303		264
304		260
305		211
306		225
307		245
308		236
309		218
310		227
311		233
312		266
313		220
314		220
315		239
316		220
317		228
318		231
319		231
320		238
321		226
322		211
323		193
324		191
325		207
326		195
327		233
328		185
329		201
330		217
331		238
332		203
333		216
334		197
335		196
336		207
337		185
338		192
339		200
340		198
341		197
342		201
343		183
344		174
345		178
346		207
347		183
348		194
349		181
350		168
351		170
352		204
353		176
354		175
355		182
356		198
357		185
358		169
359		160
360		159
361		158
362		179
363		142
364		157
365		203
366		157
367		173
368		176
369		172
370		154
371		169
372		159
373		165
374		167
375		183
376		146
377		148
378		174
379		147
380		153
381		155
382		143
383		134
384		134
385		163
386		131
387		153
388		138
389		121
390		160
391		160
392		149
393		143
394		161
395		159
396		171
397		137
398		157
399		160
400		146
401		153
402		132
403		122
404		134
405		156
406		139
407		144
408		123
409		160
410		159
411		111
412		125
413		148
414		137
415		127
416		130
417		132
418		131
419		148
420		152
421		141
422		128
423		145
424		128
425		131
426		95
427		133
428		138
429		161
430		129
431		125
432		128
433		125
434		113
435		133
436		140
437		109
438		104
439		148
440		122
441		115
442		116
443		115
444		121
445		116
446		108
447		130
448		121
449		139
450		115
451		139
452		122
453		111
454		152
455		79
456		130
457		127
458		108
459		113
460		110
461		121
462		120
463		118
464		105
465		114
466		120
467		110
468		120
469		132
470		114
471		120
472		109
473		113
474		121
475		111
476		116
477		96
478		98
479		112
480		101
481		98
482		106
483		126
484		104
485		95
486		84
487		107
488		112
489		111
490		99
491		101
492		108
493		98
494		81
495		93
496		95
497		96
498		107
499		110
500		78
501		121
502		102
503		97
504		93
505		104
506		92
507		93
508		96
509		96
510		110
511		90
512		94
513		88
514		105
515		82
516		97
517		84
518		86
519		98
520		96
521		110
522		96
523		109
524		96
525		90
526		96
527		102
528		79
529		98
530		102
531		86
532		99
533		100
534		92
535		74
536		90
537		82
538		92
539		89
540		102
541		82
542		79
543		75
544		102
545		73
546		71
547		68
548		67
549		70
550		81
551		95
552		65
553		74
554		80
555		100
556		82
557		86
558		89
559		65
560		81
561		87
562		90
563		86
564		93
565		69
566		70
567		82
568		80
569		66
570		82
571		75
572		90
573		81
574		69
575		75
576		61
577		85
578		64
579		86
580		67
581		87
582		81
583		77
584		69
585		58
586		86
587		76
588		82
589		79
590		79
591		71
592		87
593		90
594		82
595		71
596		76
597		70
598		87
599		65
600		67
601		69
602		66
603		78
604		58
605		80
606		67
607		76
608		58
609		78
610		68
611		76
612		78
613		67
614		70
615		76
616		72
617		68
618		69
619		55
620		87
621		59
622		69
623		72
624		75
625		71
626		68
627		75
628		59
629		56
630		45
631		73
632		53
633		72
634		58
635		64
636		68
637		68
638		82
639		61
640		60
641		69
642		78
643		56
644		54
645		81
646		63
647		74
648		57
649		75
650		54
651		65
652		67
653		61
654		43
655		71
656		68
657		67
658		66
659		76
660		51
661		56
662		52
663		58
664		62
665		55
666		66
667		48
668		65
669		49
670		56
671		71
672		68
673		49
674		56
675		55
676		53
677		64
678		56
679		54
680		43
681		61
682		48
683		55
684		63
685		60
686		54
687		54
688		47
689		72
690		50
691		54
692		58
693		48
694		49
695		68
696		66
697		53
698		54
699		43
700		56
701		61
702		47
703		50
704		58
705		64
706		51
707		67
708		53
709		45
710		56
711		59
712		42
713		48
714		52
715		55
716		54
717		46
718		52
719		43
720		57
721		45
722		55
723		52
724		49
725		54
726		44
727		50
728		43
729		56
730		48
731		54
732		53
733		46
734		47
735		53
736		44
737		50
738		61
739		40
740		43
741		58
742		52
743		51
744		58
745		35
746		48
747		54
748		37
749		49
750		56
751		55
752		57
753		48
754		45
755		54
756		51
757		48
758		49
759		58
760		56
761		38
762		49
763		54
764		52
765		43
766		42
767		46
768		31
769		51
770		46
771		55
772		41
773		50
774		49
775		45
776		51
777		51
778		45
779		45
780		34
781		48
782		52
783		36
784		54
785		41
786		47
787		41
788		43
789		42
790		56
791		55
792		49
793		41
794		39
795		33
796		44
797		46
798		25
799		46
800		48
801		45
802		42
803		47
804		37
805		48
806		45
807		50
808		53
809		43
810		45
811		35
812		45
813		55
814		46
815		37
816		52
817		30
818		41
819		34
820		45
821		35
822		45
823		36
824		34
825		44
826		40
827		41
828		43
829		34
830		54
831		41
832		52
833		36
834		39
835		27
836		47
837		41
838		48
839		45
840		43
841		46
842		43
843		43
844		37
845		33
846		37
847		34
848		47
849		27
850		32
851		44
852		39
853		36
854		40
855		45
856		38
857		36
858		44
859		38
860		49
861		30
862		42
863		31
864		32
865		41
866		42
867		37
868		45
869		39
870		31
871		44
872		44
873		31
874		39
875		24
876		42
877		46
878		40
879		37
880		35
881		35
882		45
883		37
884		35
885		38
886		33
887		32
888		34
889		37
890		41
891		40
892		38
893		44
894		40
895		29
896		29
897		38
898		37
899		51
900		41
901		29
902		50
903		37
904		45
905		36
906		41
907		39
908		50
909		38
910		38
911		50
912		35
913		44
914		36
915		33
916		33
917		33
918		33
919		36
920		39
921		34
922		35
923		21
924		43
925		27
926		39
927		39
928		39
929		37
930		41
931		33
932		33
933		29
934		38
935		46
936		36
937		52
938		33
939		38
940		33
941		37
942		29
943		34
944		40
945		35
946		35
947		25
948		37
949		28
950		37
951		31
952		33
953		24
954		41
955		31
956		40
957		34
958		34
959		30
960		37
961		36
962		44
963		36
964		44
965		35
966		39
967		32
968		35
969		30
970		35
971		38
972		42
973		29
974		35
975		28
976		37
977		34
978		30
979		44
980		32
981		30
982		22
983		35
984		29
985		30
986		30
987		28
988		32
989		28
990		26
991		31
992		33
993		26
994		30
995		29
996		29
997		33
998		37
999		31
1000		29
1001		31
1002		32
1003		29
1004		33
1005		30
1006		34
1007		31
1008		23
1009		32
1010		27
1011		32
1012		37
1013		21
1014		36
1015		31
1016		30
1017		40
1018		30
1019		26
1020		29
1021		33
1022		25
1023		37
1024		27
1025		22
1026		27
1027		27
1028		27
1029		34
1030		29
1031		24
1032		26
1033		22
1034		33
1035		31
1036		29
1037		38
1038		28
1039		40
1040		25
1041		28
1042		28
1043		24
1044		25
1045		21
1046		31
1047		39
1048		30
1049		27
1050		26
1051		28
1052		19
1053		25
1054		40
1055		23
1056		25
1057		20
1058		30
1059		33
1060		27
1061		27
1062		30
1063		30
1064		24
1065		27
1066		30
1067		35
1068		26
1069		21
1070		37
1071		20
1072		28
1073		24
1074		24
1075		21
1076		22
1077		29
1078		36
1079		27
1080		33
1081		32
1082		28
1083		21
1084		27
1085		32
1086		13
1087		30
1088		31
1089		26
1090		17
1091		24
1092		26
1093		20
1094		33
1095		27
1096		23
1097		30
1098		27
1099		24
1100		30
1101		30
1102		28
1103		20
1104		32
1105		37
1106		18
1107		26
1108		24
1109		32
1110		28
1111		22
1112		31
1113		23
1114		25
1115		22
1116		27
1117		31
1118		21
1119		30
1120		24
1121		20
1122		24
1123		26
1124		25
1125		31
1126		26
1127		20
1128		22
1129		29
1130		27
1131		25
1132		20
1133		22
1134		26
1135		23
1136		28
1137		24
1138		22
1139		21
1140		28
1141		29
1142		28
1143		22
1144		20
1145		28
1146		24
1147		18
1148		23
1149		31
1150		19
1151		27
1152		24
1153		22
1154		25
1155		21
1156		24
1157		29
1158		33
1159		30
1160		25
1161		11
1162		28
1163		29
1164		26
1165		18
1166		24
1167		28
1168		24
1169		22
1170		38
1171		19
1172		17
1173		31
1174		14
1175		19
1176		21
1177		25
1178		22
1179		19
1180		20
1181		18
1182		14
1183		22
1184		16
1185		19
1186		15
1187		21
1188		17
1189		21
1190		19
1191		24
1192		23
1193		38
1194		36
1195		17
1196		24
1197		18
1198		22
1199		26
1200		19
1201		31
1202		22
1203		23
1204		30
1205		16
1206		25
1207		19
1208		28
1209		21
1210		26
1211		21
1212		19
1213		21
1214		25
1215		21
1216		23
1217		29
1218		27
1219		18
1220		18
1221		23
1222		25
1223		24
1224		20
1225		22
1226		13
1227		29
1228		20
1229		23
1230		22
1231		33
1232		20
1233		19
1234		19
1235		15
1236		20
1237		21
1238		28
1239		22
1240		26
1241		27
1242		23
1243		29
1244		27
1245		14
1246		35
1247		17
1248		17
1249		21
1250		18
1251		20
1252		18
1253		23
1254		12
1255		26
1256		22
1257		19
1258		21
1259		14
1260		16
1261		18
1262		30
1263		21
1264		29
1265		28
1266		18
1267		21
1268		18
1269		26
1270		27
1271		17
1272		15
1273		16
1274		25
1275		27
1276		21
1277		19
1278		22
1279		18
1280		27
1281		26
1282		20
1283		20
1284		22
1285		21
1286		25
1287		22
1288		12
1289		15
1290		13
1291		23
1292		18
1293		15
1294		17
1295		17
1296		23
1297		21
1298		21
1299		16
1300		17
1301		20
1302		14
1303		20
1304		21
1305		22
1306		16
1307		20
1308		20
1309		20
1310		27
1311		29
1312		16
1313		18
1314		14
1315		22
1316		21
1317		14
1318		19
1319		23
1320		29
1321		12
1322		23
1323		15
1324		25
1325		14
1326		19
1327		20
1328		13
1329		21
1330		29
1331		17
1332		20
1333		15
1334		18
1335		20
1336		19
1337		21
1338		20
1339		24
1340		14
1341		15
1342		18
1343		13
1344		20
1345		19
1346		21
1347		15
1348		11
1349		18
1350		24
1351		22
1352		14
1353		20
1354		21
1355		17
1356		26
1357		14
1358		8
1359		19
1360		26
1361		17
1362		31
1363		12
1364		12
1365		19
1366		22
1367		17
1368		16
1369		21
1370		15
1371		12
1372		22
1373		27
1374		17
1375		19
1376		24
1377		16
1378		21
1379		11
1380		19
1381		22
1382		20
1383		27
1384		13
1385		16
1386		12
1387		19
1388		21
1389		19
1390		18
1391		19
1392		8
1393		22
1394		15
1395		9
1396		11
1397		21
1398		18
1399		13
1400		19
1401		19
1402		15
1403		21
1404		19
1405		12
1406		21
1407		13
1408		16
1409		19
1410		21
1411		12
1412		23
1413		17
1414		18
1415		19
1416		23
1417		19
1418		8
1419		18
1420		21
1421		13
1422		15
1423		20
1424		17
1425		16
1426		13
1427		17
1428		16
1429		13
1430		12
1431		14
1432		16
1433		20
1434		20
1435		13
1436		23
1437		15
1438		23
1439		21
1440		14
1441		19
1442		13
1443		18
1444		16
1445		9
1446		21
1447		10
1448		14
1449		20
1450		13
1451		17
1452		4
1453		15
1454		16
1455		19
1456		15
1457		16
1458		11
1459		13
1460		17
1461		10
1462		11
1463		4
1464		23
1465		15
1466		13
1467		15
1468		15
1469		17
1470		17
1471		19
1472		13
1473		14
1474		14
1475		15
1476		14
1477		20
1478		13
1479		15
1480		18
1481		13
1482		19
1483		11
1484		15
1485		12
1486		16
1487		15
1488		11
1489		20
1490		21
1491		16
1492		10
1493		14
1494		19
1495		20
1496		15
1497		17
1498		23
1499		20
1500		19
1501		13
1502		17
1503		13
1504		17
1505		17
1506		14
1507		19
1508		13
1509		12
1510		9
1511		19
1512		18
1513		15
1514		19
1515		18
1516		19
1517		16
1518		14
1519		16
1520		12
1521		19
1522		16
1523		15
1524		20
1525		23
1526		11
1527		18
1528		11
1529		26
1530		11
1531		18
1532		8
1533		24
1534		15
1535		18
1536		12
1537		13
1538		11
1539		20
1540		21
1541		13
1542		14
1543		14
1544		10
1545		16
1546		13
1547		33
1548		18
1549		16
1550		14
1551		21
1552		13
1553		12
1554		12
1555		14
1556		15
1557		15
1558		16
1559		30
1560		19
1561		12
1562		16
1563		8
1564		17
1565		26
1566		12
1567		16
1568		12
1569		12
1570		17
1571		15
1572		13
1573		9
1574		12
1575		14
1576		14
1577		13
1578		17
1579		15
1580		6
1581		15
1582		12
1583		12
1584		14
1585		9
1586		11
1587		13
1588		14
1589		19
1590		14
1591		8
1592		18
1593		12
1594		11
1595		16
1596		13
1597		17
1598		13
1599		12
1600		9
1601		13
1602		13
1603		18
1604		9
1605		15
1606		11
1607		15
1608		16
1609		15
1610		13
1611		15
1612		15
1613		13
1614		12
1615		16
1616		11
1617		12
1618		21
1619		16
1620		17
1621		26
1622		13
1623		13
1624		19
1625		15
1626		11
1627		13
1628		15
1629		14
1630		11
1631		7
1632		10
1633		15
1634		12
1635		16
1636		9
1637		14
1638		17
1639		6
1640		18
1641		17
1642		17
1643		9
1644		23
1645		12
1646		13
1647		16
1648		19
1649		15
1650		14
1651		14
1652		12
1653		14
1654		21
1655		10
1656		11
1657		15
1658		18
1659		11
1660		11
1661		11
1662		6
1663		13
1664		10
1665		13
1666		19
1667		11
1668		15
1669		18
1670		10
1671		19
1672		13
1673		14
1674		13
1675		17
1676		15
1677		11
1678		13
1679		16
1680		20
1681		17
1682		13
1683		10
1684		15
1685		14
1686		12
1687		13
1688		16
1689		10
1690		19
1691		13
1692		11
1693		12
1694		16
1695		10
1696		9
1697		8
1698		17
1699		12
1700		10
1701		18
1702		9
1703		10
1704		16
1705		13
1706		18
1707		19
1708		14
1709		21
1710		13
1711		15
1712		12
1713		11
1714		13
1715		14
1716		19
1717		10
1718		7
1719		15
1720		24
1721		18
1722		14
1723		7
1724		12
1725		14
1726		12
1727		11
1728		16
1729		11
1730		10
1731		12
1732		16
1733		12
1734		13
1735		8
1736		12
1737		13
1738		11
1739		13
1740		10
1741		9
1742		12
1743		11
1744		11
1745		12
1746		10
1747		11
1748		8
1749		11
1750		13
1751		16
1752		10
1753		9
1754		14
1755		18
1756		13
1757		9
1758		11
1759		5
1760		12
1761		13
1762		12
1763		19
1764		7
1765		16
1766		22
1767		9
1768		10
1769		12
1770		10
1771		10
1772		7
1773		12
1774		13
1775		5
1776		10
1777		10
1778		12
1779		16
1780		12
1781		13
1782		16
1783		12
1784		21
1785		8
1786		9
1787		16
1788		14
1789		6
1790		14
1791		13
1792		10
1793		12
1794		12
1795		14
1796		11
1797		11
1798		10
1799		13
1800		11
1801		9
1802		11
1803		12
1804		16
1805		22
1806		10
1807		5
1808		8
1809		22
1810		11
1811		14
1812		12
1813		17
1814		10
1815		6
1816		8
1817		9
1818		9
1819		9
1820		10
1821		15
1822		15
1823		21
1824		9
1825		10
1826		8
1827		14
1828		11
1829		12
1830		12
1831		16
1832		15
1833		5
1834		11
1835		10
1836		11
1837		9
1838		12
1839		11
1840		9
1841		13
1842		16
1843		11
1844		10
1845		9
1846		7
1847		14
1848		11
1849		7
1850		13
1851		8
1852		12
1853		11
1854		9
1855		10
1856		10
1857		12
1858		15
1859		8
1860		10
1861		9
1862		5
1863		12
1864		13
1865		11
1866		12
1867		8
1868		12
1869		15
1870		19
1871		14
1872		10
1873		13
1874		16
1875		7
1876		8
1877		6
1878		12
1879		9
1880		11
1881		12
1882		15
1883		12
1884		18
1885		9
1886		12
1887		12
1888		8
1889		10
1890		7
1891		8
1892		8
1893		8
1894		11
1895		17
1896		9
1897		12
1898		7
1899		9
1900		16
1901		14
1902		9
1903		17
1904		7
1905		15
1906		8
1907		10
1908		6
1909		14
1910		11
1911		8
1912		12
1913		13
1914		11
1915		11
1916		10
1917		11
1918		12
1919		11
1920		11
1921		6
1922		13
1923		15
1924		15
1925		12
1926		14
1927		12
1928		8
1929		15
1930		10
1931		20
1932		11
1933		12
1934		11
1935		7
1936		14
1937		15
1938		12
1939		8
1940		12
1941		11
1942		20
1943		10
1944		11
1945		11
1946		13
1947		12
1948		11
1949		9
1950		15
1951		16
1952		11
1953		11
1954		9
1955		8
1956		11
1957		10
1958		11
1959		17
1960		13
1961		15
1962		10
1963		9
1964		4
1965		9
1966		9
1967		15
1968		6
1969		12
1970		10
1971		9
1972		8
1973		7
1974		10
1975		11
1976		12
1977		9
1978		6
1979		9
1980		7
1981		14
1982		7
1983		10
1984		10
1985		10
1986		8
1987		7
1988		10
1989		8
1990		8
1991		13
1992		13
1993		11
1994		12
1995		16
1996		13
1997		8
1998		8
1999		16
2000		11
2001		10
2002		10
2003		8
2004		9
2005		13
2006		11
2007		7
2008		14
2009		12
2010		5
2011		10
2012		7
2013		6
2014		14
2015		11
2016		10
2017		5
2018		16
2019		2
2020		10
2021		8
2022		8
2023		8
2024		14
2025		8
2026		12
2027		8
2028		7
2029		7
2030		11
2031		8
2032		12
2033		12
2034		11
2035		12
2036		9
2037		7
2038		6
2039		9
2040		7
2041		11
2042		11
2043		9
2044		10
2045		10
2046		13
2047		8
2048		13
2049		9
2050		16
2051		6
2052		15
2053		8
2054		7
2055		5
2056		9
2057		16
2058		9
2059		17
2060		10
2061		8
2062		14
2063		5
2064		8
2065		11
2066		7
2067		10
2068		19
2069		14
2070		7
2071		6
2072		8
2073		6
2074		10
2075		9
2076		5
2077		9
2078		9
2079		9
2080		11
2081		13
2082		8
2083		3
2084		9
2085		9
2086		6
2087		5
2088		7
2089		10
2090		5
2091		14
2092		6
2093		11
2094		17
2095		4
2096		10
2097		11
2098		5
2099		7
2100		8
2101		8
2102		16
2103		5
2104		8
2105		6
2106		9
2107		14
2108		10
2109		5
2110		9
2111		3
2112		11
2113		13
2114		7
2115		12
2116		5
2117		9
2118		11
2119		10
2120		11
2121		11
2122		6
2123		9
2124		8
2125		6
2126		5
2127		7
2128		11
2129		3
2130		10
2131		12
2132		6
2133		4
2134		4
2135		7
2136		8
2137		6
2138		8
2139		15
2140		9
2141		3
2142		7
2143		11
2144		14
2145		9
2146		10
2147		5
2148		8
2149		10
2150		8
2151		8
2152		6
2153		11
2154		7
2155		8
2156		20
2157		10
2158		6
2159		7
2160		9
2161		4
2162		6
2163		8
2164		9
2165		9
2166		6
2167		10
2168		6
2169		13
2170		7
2171		10
2172		11
2173		7
2174		11
2175		8
2176		10
2177		5
2178		13
2179		8
2180		10
2181		7
2182		8
2183		13
2184		6
2185		3
2186		8
2187		8
2188		11
2189		4
2190		10
2191		14
2192		14
2193		12
2194		4
2195		5
2196		9
2197		4
2198		10
2199		8
2200		6
2201		9
2202		12
2203		8
2204		10
2205		14
2206		12
2207		7
2208		9
2209		7
2210		5
2211		8
2212		10
2213		8
2214		4
2215		3
2216		6
2217		10
2218		10
2219		6
2220		12
2221		5
2222		7
2223		12
2224		12
2225		8
2226		5
2227		5
2228		7
2229		10
2230		12
2231		8
2232		5
2233		8
2234		9
2235		7
2236		13
2237		8
2238		6
2239		7
2240		15
2241		9
2242		6
2243		7
2244		7
2245		9
2246		8
2247		7
2248		12
2249		6
2250		5
2251		6
2252		13
2253		11
2254		8
2255		8
2256		9
2257		5
2258		8
2259		8
2260		11
2261		9
2262		4
2263		8
2264		13
2266		2
2267		8
2268		10
2269		9
2270		8
2271		9
2272		5
2273		6
2274		2
2275		10
2276		7
2277		3
2278		11
2279		8
2280		7
2281		9
2282		10
2283		9
2284		10
2285		8
2286		5
2287		11
2288		7
2289		5
2290		4
2291		8
2292		12
2293		8
2294		11
2295		8
2296		7
2297		9
2298		13
2299		8
2300		12
2301		9
2302		7
2303		4
2304		12
2305		6
2306		8
2307		11
2308		6
2309		2
2310		13
2311		11
2312		12
2313		12
2314		10
2315		2
2316		8
2317		12
2318		4
2319		6
2320		9
2321		5
2322		5
2323		6
2324		11
2325		3
2326		4
2327		8
2328		7
2329		7
2330		3
2331		6
2332		7
2333		7
2334		9
2335		6
2336		6
2337		8
2338		13
2339		5
2340		7
2341		14
2342		5
2343		8
2344		7
2345		9
2346		1
2347		7
2348		12
2349		12
2350		6
2351		9
2352		8
2353		13
2354		11
2355		8
2356		4
2357		15
2358		9
2359		14
2360		6
2361		10
2362		6
2363		10
2364		7
2365		7
2366		1
2367		4
2368		10
2369		4
2370		9
2371		8
2372		12
2373		3
2374		8
2375		6
2376		4
2377		6
2378		6
2379		11
2380		13
2381		12
2382		4
2383		7
2384		7
2385		10
2386		5
2387		4
2388		6
2389		7
2390		8
2391		6
2392		11
2393		2
2394		7
2395		11
2396		6
2397		6
2398		7
2399		1
2400		6
2401		11
2402		9
2403		8
2404		5
2405		11
2406		9
2407		9
2408		6
2409		6
2410		9
2411		3
2412		8
2413		3
2414		5
2415		3
2416		8
2417		6
2418		7
2419		10
2420		4
2421		10
2422		10
2423		8
2424		15
2425		5
2426		9
2427		7
2428		9
2429		7
2430		2
2431		7
2432		9
2433		13
2434		8
2435		12
2436		10
2437		5
2438		8
2439		4
2440		6
2441		4
2442		6
2443		8
2444		11
2445		10
2446		5
2447		8
2448		9
2449		8
2450		8
2451		12
2452		9
2453		10
2454		7
2455		10
2456		8
2457		13
2458		5
2459		7
2460		12
2461		4
2462		8
2463		12
2464		8
2465		11
2466		5
2467		11
2468		6
2469		10
2470		8
2471		5
2472		10
2473		7
2474		5
2475		4
2476		11
2477		8
2478		9
2479		11
2480		9
2481		3
2482		10
2483		8
2484		11
2485		6
2486		7
2487		7
2488		6
2489		15
2490		7
2491		1
2492		9
2493		8
2494		6
2495		8
2496		7
2497		7
2498		11
2499		9
2500		5
2501		13
2502		9
2503		6
2504		6
2505		8
2506		8
2507		2
2508		9
2509		6
2510		4
2511		6
2512		5
2513		4
2514		3
2515		3
2516		7
2517		8
2518		6
2519		7
2520		4
2521		5
2522		8
2523		6
2524		7
2525		7
2526		9
2527		8
2528		10
2529		9
2530		5
2531		10
2532		8
2533		7
2534		8
2535		7
2536		16
2537		3
2538		14
2539		4
2540		5
2541		8
2542		11
2543		6
2544		5
2545		7
2546		6
2547		6
2548		6
2549		4
2550		3
2551		5
2552		6
2553		9
2554		7
2555		8
2556		8
2557		6
2558		8
2559		8
2560		6
2561		6
2562		11
2563		8
2564		6
2565		5
2566		5
2567		7
2568		10
2569		8
2570		3
2571		9
2572		8
2573		5
2574		6
2575		13
2576		9
2577		5
2578		9
2579		4
2580		3
2581		7
2582		6
2583		8
2584		5
2585		5
2586		4
2587		6
2588		7
2589		6
2590		6
2591		5
2592		2
2593		5
2594		10
2595		4
2596		1
2597		7
2598		4
2599		8
2600		6
2601		6
2602		4
2603		8
2604		13
2605		10
2606		6
2607		8
2608		10
2609		10
2610		2
2611		7
2612		4
2613		8
2614		3
2615		8
2616		5
2617		7
2618		6
2619		5
2620		6
2621		8
2622		4
2623		4
2624		6
2625		4
2626		7
2627		7
2628		5
2629		9
2630		10
2631		8
2632		6
2633		9
2634		9
2635		6
2636		5
2637		5
2638		2
2639		7
2640		7
2641		6
2642		5
2643		8
2644		5
2645		8
2646		4
2647		6
2648		9
2649		7
2650		4
2651		9
2652		5
2653		1
2654		8
2655		8
2656		3
2657		5
2658		12
2659		12
2660		8
2661		12
2662		4
2663		5
2664		6
2665		4
2666		1
2667		8
2668		7
2669		9
2670		8
2671		6
2672		8
2673		6
2674		3
2675		6
2676		9
2677		3
2678		9
2679		5
2680		6
2681		8
2682		6
2683		6
2684		8
2685		7
2686		3
2687		4
2688		6
2689		4
2690		5
2691		5
2692		9
2693		10
2694		5
2695		17
2696		3
2697		11
2698		3
2699		6
2700		4
2701		9
2702		5
2703		5
2704		4
2705		3
2706		1
2707		5
2708		3
2709		2
2710		4
2711		5
2712		2
2713		7
2714		6
2715		8
2716		6
2717		6
2718		6
2719		11
2720		7
2721		8
2722		7
2723		6
2724		5
2725		4
2726		9
2727		5
2728		5
2729		6
2730		3
2731		7
2732		3
2733		3
2734		8
2735		2
2736		10
2737		7
2738		9
2739		7
2740		5
2741		6
2742		12
2743		3
2744		5
2745		6
2746		8
2747		7
2748		8
2749		5
2750		4
2751		12
2752		5
2753		7
2754		8
2755		5
2756		8
2757		7
2758		4
2759		4
2760		5
2761		10
2762		3
2763		6
2764		4
2765		4
2766		4
2767		5
2768		13
2769		6
2770		5
2771		2
2772		9
2773		7
2774		6
2775		7
2776		3
2777		4
2778		7
2779		7
2780		8
2781		5
2782		6
2783		10
2784		5
2785		10
2786		7
2787		4
2788		7
2789		8
2790		9
2791		7
2792		10
2793		7
2794		3
2795		8
2796		5
2797		7
2798		4
2799		6
2800		9
2801		7
2802		5
2803		7
2804		7
2805		4
2806		6
2807		9
2808		7
2809		7
2810		9
2811		5
2812		9
2813		3
2814		7
2815		8
2816		4
2817		5
2818		4
2819		7
2820		4
2821		6
2822		5
2823		3
2824		8
2825		7
2826		5
2827		3
2828		7
2829		6
2830		3
2831		6
2832		5
2833		5
2834		3
2835		8
2836		3
2837		9
2838		5
2839		3
2840		10
2841		3
2842		6
2843		5
2844		7
2845		6
2846		2
2847		8
2848		7
2849		8
2850		9
2851		11
2852		5
2853		3
2854		10
2855		6
2856		9
2857		11
2858		7
2859		2
2860		3
2861		6
2862		5
2863		2
2864		2
2865		8
2866		9
2867		8
2868		7
2869		6
2870		3
2871		8
2872		6
2873		4
2874		5
2875		4
2876		4
2877		4
2878		5
2879		6
2880		4
2881		4
2882		7
2883		4
2884		7
2885		7
2886		7
2887		5
2888		6
2889		3
2890		2
2891		3
2892		2
2893		9
2894		4
2895		4
2896		4
2897		3
2898		6
2899		4
2900		3
2901		7
2902		4
2903		4
2904		4
2905		3
2906		5
2907		4
2908		3
2909		8
2910		4
2911		3
2912		7
2913		2
2914		6
2915		7
2916		5
2917		3
2918		2
2919		9
2920		6
2921		3
2922		4
2923		8
2924		3
2925		6
2926		2
2927		5
2928		5
2929		2
2930		10
2931		10
2932		7
2933		6
2934		7
2935		3
2936		3
2937		8
2938		7
2939		7
2940		6
2941		4
2943		7
2944		5
2945		4
2946		7
2947		6
2948		3
2949		6
2950		7
2951		6
2952		7
2953		5
2954		4
2955		8
2956		7
2957		8
2958		2
2959		2
2960		4
2961		3
2962		5
2963		4
2964		5
2965		3
2966		4
2967		5
2968		6
2969		5
2970		6
2971		6
2972		3
2973		3
2974		6
2975		7
2976		5
2977		5
2978		4
2979		6
2980		8
2981		7
2982		4
2983		6
2984		5
2985		6
2986		4
2987		8
2988		2
2989		6
2990		9
2991		8
2992		3
2993		9
2994		6
2995		4
2996		2
2997		5
2998		6
2999		6
3000		5
3001		10
3002		9
3003		7
3004		9
3005		8
3006		5
3007		5
3008		5
3009		2
3010		3
3011		8
3012		3
3013		8
3014		4
3015		4
3016		10
3017		6
3018		3
3019		8
3020		2
3021		5
3022		6
3023		8
3024		8
3025		6
3026		3
3027		4
3028		3
3029		1
3030		4
3031		5
3032		7
3033		7
3034		5
3035		5
3036		4
3037		4
3038		5
3039		8
3040		2
3041		2
3042		5
3043		3
3044		5
3045		9
3046		6
3047		5
3048		8
3049		4
3050		9
3051		7
3052		2
3053		7
3054		1
3055		5
3056		3
3057		3
3058		2
3059		6
3060		4
3061		2
3062		4
3063		4
3064		10
3065		5
3067		1
3068		8
3069		1
3070		8
3071		2
3072		4
3073		10
3074		3
3075		4
3076		5
3077		3
3078		3
3079		4
3080		4
3081		5
3082		6
3083		8
3084		5
3085		8
3086		2
3087		5
3088		4
3089		5
3090		6
3091		4
3092		3
3093		4
3094		5
3095		4
3096		2
3097		6
3098		7
3099		5
3100		6
3101		3
3102		5
3103		4
3104		4
3105		4
3106		4
3107		5
3108		7
3109		7
3110		5
3111		8
3112		5
3113		3
3114		10
3115		5
3116		4
3117		5
3118		3
3119		4
3120		3
3121		8
3122		8
3123		4
3124		5
3125		4
3126		10
3127		8
3128		4
3129		4
3130		7
3131		7
3132		5
3133		4
3134		4
3135		7
3136		4
3137		5
3138		5
3139		3
3140		3
3141		5
3142		4
3143		3
3144		4
3145		6
3146		5
3147		6
3148		7
3149		6
3150		5
3151		8
3152		7
3153		5
3154		7
3155		7
3156		8
3157		6
3158		9
3159		8
3160		4
3161		5
3162		4
3163		7
3164		5
3165		4
3166		6
3167		4
3168		3
3169		7
3170		6
3171		4
3172		6
3173		2
3174		4
3175		6
3176		5
3177		7
3178		4
3179		6
3180		9
3181		3
3182		2
3183		8
3184		3
3185		8
3186		2
3187		4
3188		5
3189		9
3190		7
3191		5
3192		6
3193		7
3194		4
3195		5
3196		5
3197		3
3198		1
3199		4
3200		2
3201		4
3202		4
3203		8
3204		3
3205		6
3206		2
3207		8
3208		4
3209		4
3210		5
3211		2
3212		5
3213		5
3214		6
3215		5
3216		6
3217		1
3218		7
3219		3
3220		4
3221		4
3222		3
3223		2
3224		2
3225		6
3226		5
3227		5
3228		5
3229		5
3230		6
3231		5
3232		3
3233		8
3234		1
3235		1
3236		3
3237		8
3238		4
3239		8
3240		7
3241		4
3242		4
3243		1
3244		4
3245		4
3246		6
3247		3
3248		5
3249		13
3250		10
3251		5
3252		5
3253		3
3254		2
3255		2
3256		5
3257		3
3258		11
3259		9
3260		9
3261		7
3262		6
3263		4
3264		6
3265		6
3266		6
3267		6
3268		4
3269		5
3270		5
3271		1
3272		5
3273		8
3274		5
3275		1
3276		6
3277		3
3278		2
3279		8
3280		2
3281		3
3282		3
3283		7
3284		4
3285		6
3286		4
3287		7
3288		4
3289		3
3290		3
3291		3
3292		1
3293		2
3294		4
3295		5
3296		2
3297		4
3298		2
3299		7
3300		7
3301		7
3302		6
3303		4
3304		4
3305		5
3306		7
3307		5
3308		3
3309		3
3310		7
3311		5
3312		5
3313		3
3314		4
3315		8
3316		4
3317		2
3318		3
3319		6
3320		5
3321		7
3322		5
3323		5
3324		4
3325		1
3326		3
3327		6
3328		4
3329		7
3330		4
3331		2
3332		2
3333		6
3334		5
3335		3
3336		11
3337		1
3338		4
3339		9
3340		6
3341		3
3342		5
3343		5
3344		4
3345		6
3346		5
3347		5
3348		2
3349		4
3350		3
3351		2
3352		4
3354		5
3355		7
3356		7
3357		3
3358		5
3359		5
3360		3
3361		3
3362		3
3363		2
3364		4
3365		2
3366		4
3367		5
3368		4
3369		5
3370		6
3371		8
3372		2
3373		2
3374		4
3375		2
3376		5
3377		2
3378		5
3379		2
3380		3
3381		4
3382		5
3383		4
3384		2
3385		6
3386		4
3387		4
3388		2
3389		6
3390		3
3391		4
3392		3
3394		2
3395		2
3396		4
3397		8
3398		6
3399		6
3400		8
3401		2
3402		5
3403		5
3404		2
3405		9
3406		6
3407		2
3408		3
3409		6
3410		6
3411		5
3412		1
3413		4
3414		6
3415		5
3416		5
3417		3
3418		1
3419		5
3420		6
3421		9
3422		5
3423		2
3424		2
3425		4
3426		5
3427		4
3428		4
3429		6
3430		5
3431		2
3432		5
3433		4
3434		3
3435		4
3436		4
3437		6
3438		3
3439		1
3440		4
3441		3
3442		3
3443		1
3444		5
3445		6
3446		6
3447		8
3448		6
3449		4
3450		4
3451		2
3452		2
3453		4
3454		6
3455		4
3456		3
3458		5
3459		4
3460		6
3461		6
3462		6
3463		3
3464		2
3465		6
3466		3
3467		1
3468		7
3469		3
3470		7
3471		5
3472		3
3473		4
3474		1
3475		8
3476		5
3477		3
3478		3
3479		3
3480		7
3481		4
3482		6
3483		3
3484		5
3485		4
3486		4
3487		4
3488		6
3489		7
3490		5
3491		7
3492		2
3493		7
3494		4
3495		5
3496		3
3497		10
3498		4
3499		4
3500		5
3501		6
3503		3
3504		5
3505		2
3506		5
3507		3
3508		5
3509		6
3510		4
3511		5
3512		4
3513		5
3514		1
3515		3
3516		6
3517		4
3518		2
3519		7
3520		5
3521		2
3522		4
3523		1
3524		3
3525		5
3526		3
3527		7
3528		3
3529		2
3530		1
3531		8
3532		1
3533		4
3534		7
3535		6
3536		4
3537		2
3538		5
3539		5
3540		1
3541		4
3542		2
3543		5
3544		9
3545		3
3546		3
3547		4
3548		6
3549		4
3550		4
3551		5
3552		9
3553		4
3554		7
3555		5
3556		5
3557		1
3558		3
3559		2
3560		3
3561		3
3562		6
3563		4
3564		5
3565		6
3566		7
3567		4
3568		5
3569		5
3570		6
3571		4
3572		5
3573		5
3574		3
3575		1
3576		5
3577		6
3578		2
3579		5
3580		6
3581		3
3582		3
3583		3
3584		8
3585		7
3586		4
3587		4
3588		2
3589		8
3590		2
3591		3
3592		6
3593		5
3594		2
3595		3
3596		2
3597		3
3598		3
3599		3
3600		8
3601		9
3602		3
3603		3
3604		2
3605		6
3606		1
3607		5
3608		8
3609		5
3610		2
3611		5
3612		4
3613		6
3614		1
3615		3
3616		4
3617		4
3618		2
3619		1
3620		3
3621		6
3622		3
3623		2
3624		8
3625		2
3626		11
3627		3
3628		4
3629		6
3630		3
3631		6
3632		7
3633		8
3634		9
3635		3
3636		2
3637		3
3638		4
3639		7
3640		2
3641		4
3642		3
3643		6
3644		5
3645		7
3646		4
3647		1
3648		7
3649		5
3650		5
3651		2
3652		2
3653		3
3654		3
3655		3
3656		1
3657		3
3658		4
3659		2
3660		4
3661		7
3662		4
3663		9
3664		5
3665		5
3666		1
3667		2
3668		2
3669		3
3670		6
3671		4
3672		5
3673		3
3674		4
3675		3
3676		2
3677		4
3678		3
3679		1
3680		4
3681		4
3682		4
3683		3
3684		4
3685		7
3686		3
3687		3
3688		3
3689		3
3690		3
3691		1
3692		2
3693		4
3694		5
3695		4
3696		2
3697		2
3698		6
3699		5
3700		5
3701		3
3702		7
3703		6
3704		6
3705		2
3706		2
3707		3
3708		2
3709		4
3710		4
3711		2
3712		2
3713		5
3714		5
3715		2
3717		2
3718		2
3719		2
3720		3
3721		3
3722		7
3723		4
3724		1
3725		2
3726		6
3727		5
3728		8
3729		3
3730		5
3731		3
3732		6
3733		5
3734		5
3735		2
3736		1
3737		3
3738		5
3739		10
3741		1
3742		3
3743		4
3744		6
3745		3
3746		9
3747		2
3748		4
3749		2
3750		6
3751		3
3753		2
3754		4
3755		3
3756		2
3757		5
3758		4
3759		4
3760		4
3761		3
3762		4
3763		3
3764		2
3765		4
3766		4
3767		2
3768		2
3769		4
3770		3
3771		4
3772		1
3773		5
3774		3
3775		2
3776		4
3777		5
3778		4
3779		4
3780		6
3781		5
3782		2
3783		6
3784		2
3785		4
3786		5
3787		4
3788		3
3791		4
3792		3
3793		6
3794		6
3795		3
3796		3
3797		5
3798		1
3800		6
3801		2
3802		4
3803		2
3804		8
3805		6
3806		4
3807		6
3808		4
3809		4
3810		1
3811		2
3812		1
3813		5
3814		4
3815		4
3816		3
3817		4
3818		1
3819		7
3820		2
3821		3
3822		4
3823		2
3824		2
3825		2
3826		1
3827		5
3828		5
3829		4
3830		2
3831		8
3832		4
3833		4
3834		1
3835		4
3836		6
3837		1
3838		3
3839		5
3840		5
3841		6
3842		5
3843		2
3844		4
3845		7
3846		4
3847		3
3848		2
3849		5
3850		2
3851		2
3852		5
3853		6
3854		1
3855		3
3856		3
3857		6
3858		3
3859		1
3860		4
3861		1
3862		2
3863		2
3864		4
3865		2
3867		4
3868		2
3869		2
3870		4
3871		1
3872		5
3873		2
3875		7
3876		5
3877		4
3878		2
3879		2
3880		2
3881		2
3882		3
3883		2
3884		6
3885		3
3886		5
3887		4
3888		1
3889		3
3890		2
3891		1
3892		2
3893		6
3894		3
3895		2
3896		3
3897		2
3898		5
3899		1
3900		2
3901		2
3902		2
3903		3
3904		1
3905		4
3906		4
3907		2
3908		1
3909		7
3910		4
3911		1
3912		4
3913		2
3914		2
3915		4
3916		5
3917		7
3918		3
3919		3
3920		1
3921		3
3922		3
3923		6
3924		4
3925		4
3926		3
3927		3
3928		4
3929		4
3930		6
3931		4
3932		5
3933		3
3934		1
3935		1
3936		4
3937		4
3938		4
3939		3
3941		4
3942		4
3943		3
3944		5
3945		2
3946		3
3947		3
3948		8
3949		3
3950		4
3951		3
3952		1
3953		6
3954		3
3955		9
3956		1
3957		2
3958		2
3959		1
3960		3
3961		5
3962		7
3963		3
3964		1
3965		4
3966		3
3967		5
3968		1
3969		3
3970		1
3971		3
3972		5
3973		4
3974		2
3975		5
3976		3
3977		6
3978		3
3980		3
3981		3
3982		3
3983		3
3985		3
3986		6
3987		2
3988		1
3989		5
3990		3
3991		1
3992		3
3993		1
3994		1
3995		4
3996		3
3997		1
3998		3
3999		6
4000		1
4001		3
4002		2
4003		1
4004		4
4005		3
4006		3
4007		2
4008		2
4009		10
4010		3
4011		4
4012		3
4013		5
4014		3
4015		5
4016		4
4017		5
4018		5
4019		3
4020		5
4021		4
4022		3
4023		4
4024		2
4025		2
4027		3
4028		3
4029		2
4030		2
4031		4
4032		4
4033		2
4034		1
4035		1
4036		6
4037		3
4038		2
4039		2
4040		3
4041		3
4042		4
4043		3
4044		4
4045		3
4046		3
4047		1
4048		4
4049		4
4050		4
4051		5
4052		2
4053		1
4054		5
4055		4
4056		2
4057		3
4058		6
4059		6
4060		3
4061		3
4062		1
4063		1
4064		3
4065		3
4066		5
4067		6
4068		2
4069		5
4070		4
4071		4
4072		1
4073		3
4074		5
4075		1
4076		3
4077		5
4078		5
4079		5
4080		6
4081		4
4082		2
4083		2
4084		1
4085		3
4086		4
4087		3
4088		3
4089		4
4091		2
4092		2
4093		8
4094		2
4095		2
4096		4
4097		3
4098		2
4099		1
4100		2
4101		1
4102		2
4103		3
4104		4
4105		6
4106		5
4107		1
4108		3
4109		3
4110		3
4111		1
4112		5
4113		3
4114		3
4115		1
4116		3
4117		3
4118		1
4119		2
4120		2
4121		4
4122		4
4123		1
4124		3
4125		3
4126		2
4127		4
4128		5
4129		3
4130		1
4131		1
4132		4
4133		4
4134		6
4135		5
4136		1
4137		6
4138		1
4139		5
4140		2
4141		2
4143		4
4144		4
4145		6
4146		2
4147		1
4148		1
4149		4
4150		4
4151		8
4152		1
4153		3
4154		5
4155		2
4156		1
4157		6
4158		3
4159		1
4161		3
4162		2
4163		2
4164		7
4165		6
4166		3
4167		5
4169		2
4170		6
4171		4
4172		1
4173		3
4174		4
4175		3
4176		6
4178		1
4179		4
4180		4
4181		4
4182		3
4183		2
4184		5
4185		2
4186		5
4187		4
4188		3
4189		6
4190		1
4191		4
4192		2
4193		2
4194		2
4195		2
4196		4
4197		4
4198		3
4199		3
4200		3
4201		3
4202		3
4203		3
4204		3
4205		3
4206		2
4207		1
4208		1
4209		3
4210		3
4211		2
4212		3
4213		2
4214		3
4215		3
4216		3
4217		6
4218		4
4219		4
4220		5
4221		3
4222		1
4223		3
4224		1
4225		4
4226		5
4227		4
4228		5
4230		4
4232		3
4233		2
4234		4
4235		4
4236		5
4237		1
4239		3
4240		1
4241		5
4242		5
4243		1
4244		1
4245		8
4246		6
4247		3
4248		3
4249		4
4250		2
4251		1
4252		1
4253		3
4254		3
4255		1
4256		9
4258		3
4259		1
4260		3
4261		7
4262		7
4263		3
4264		3
4265		4
4266		1
4267		1
4268		4
4269		3
4270		3
4271		4
4272		4
4273		1
4274		2
4275		3
4276		2
4277		3
4278		2
4279		3
4280		4
4281		2
4282		3
4283		2
4284		3
4285		2
4287		5
4288		4
4289		2
4291		4
4292		3
4293		4
4294		4
4295		2
4296		5
4297		4
4298		3
4299		2
4300		4
4301		3
4302		3
4303		4
4305		5
4306		1
4308		4
4309		3
4310		2
4311		4
4312		2
4313		3
4315		3
4316		2
4317		3
4318		1
4319		2
4320		1
4321		4
4322		4
4323		4
4324		4
4325		3
4326		5
4327		3
4328		4
4329		4
4330		2
4331		3
4332		1
4334		3
4335		1
4336		5
4337		1
4338		4
4339		2
4340		3
4341		4
4343		4
4344		9
4346		2
4347		4
4348		3
4349		5
4350		4
4352		4
4353		3
4354		2
4355		1
4356		2
4357		5
4358		1
4359		4
4360		1
4361		2
4362		5
4363		2
4364		3
4365		3
4366		1
4367		1
4368		1
4369		4
4370		1
4371		1
4372		1
4373		5
4374		2
4375		2
4376		2
4377		2
4378		3
4380		4
4381		1
4382		1
4383		3
4384		4
4385		3
4386		3
4387		2
4388		3
4389		3
4390		3
4391		3
4392		5
4393		3
4394		2
4395		3
4396		3
4397		3
4398		2
4399		3
4400		1
4401		1
4402		4
4403		4
4404		1
4405		2
4406		1
4407		2
4408		4
4409		1
4410		4
4411		1
4412		3
4413		2
4414		4
4415		3
4416		2
4417		2
4418		2
4419		1
4420		2
4421		2
4422		2
4423		2
4424		5
4425		2
4426		3
4427		1
4428		4
4429		2
4430		3
4431		5
4432		4
4433		2
4434		2
4435		3
4436		2
4437		4
4438		3
4439		1
4440		3
4441		5
4442		3
4444		2
4445		3
4446		3
4447		2
4448		5
4449		7
4450		1
4451		2
4452		5
4453		2
4454		2
4455		5
4456		3
4457		2
4458		1
4459		3
4460		3
4461		2
4462		3
4463		3
4464		1
4465		2
4467		3
4468		2
4469		3
4470		2
4471		1
4472		1
4473		1
4474		3
4476		1
4477		2
4478		3
4479		1
4480		3
4481		4
4482		4
4483		1
4484		1
4485		1
4486		3
4487		2
4488		3
4489		3
4490		2
4492		1
4493		2
4494		1
4496		4
4497		3
4498		3
4499		4
4501		2
4502		3
4503		5
4504		3
4505		3
4506		3
4507		3
4508		4
4509		4
4510		4
4511		1
4512		1
4513		4
4514		1
4515		6
4516		3
4517		3
4518		3
4519		1
4520		1
4521		1
4522		5
4523		3
4524		4
4525		3
4526		3
4528		3
4529		5
4530		3
4531		3
4532		2
4533		2
4534		1
4535		3
4536		3
4538		2
4539		5
4540		1
4542		4
4543		1
4544		1
4545		1
4546		2
4547		1
4548		3
4549		3
4550		2
4551		1
4552		5
4553		1
4555		1
4556		1
4557		4
4559		3
4560		1
4561		2
4562		2
4563		5
4564		4
4565		4
4566		4
4567		3
4568		1
4569		3
4570		2
4571		5
4572		1
4573		6
4574		1
4575		3
4576		2
4577		2
4578		4
4579		3
4580		1
4582		2
4583		5
4585		3
4586		1
4587		4
4588		3
4589		3
4590		2
4591		2
4592		2
4593		2
4594		1
4595		1
4596		2
4597		4
4598		1
4599		3
4600		3
4602		3
4603		2
4604		2
4605		4
4606		5
4607		3
4608		4
4609		2
4611		4
4612		3
4613		1
4614		1
4615		1
4616		2
4617		2
4618		3
4619		4
4620		1
4621		4
4622		2
4623		3
4624		3
4625		2
4626		4
4627		3
4628		3
4629		1
4630		1
4631		1
4632		1
4633		2
4634		1
4636		2
4638		1
4639		2
4640		3
4641		1
4643		3
4644		7
4645		2
4647		4
4649		3
4651		2
4652		2
4653		1
4654		1
4656		4
4657		4
4658		1
4659		1
4660		3
4661		1
4662		6
4663		2
4664		3
4665		1
4666		2
4667		2
4668		2
4669		1
4671		1
4672		1
4673		1
4674		3
4675		2
4676		2
4677		2
4679		2
4680		1
4681		6
4682		4
4683		2
4684		1
4685		1
4688		3
4689		2
4690		2
4691		2
4692		1
4693		3
4694		2
4695		3
4696		2
4697		1
4698		2
4699		4
4700		1
4701		4
4702		1
4703		2
4704		2
4706		2
4707		4
4708		2
4709		3
4710		3
4711		5
4712		1
4713		1
4714		1
4715		1
4716		2
4717		1
4718		2
4719		2
4720		2
4721		9
4722		2
4723		2
4724		3
4725		5
4726		4
4728		4
4729		1
4730		2
4731		2
4733		2
4734		2
4735		3
4736		7
4737		3
4738		3
4739		2
4741		2
4742		2
4743		1
4744		7
4745		5
4746		2
4748		5
4749		6
4750		1
4751		1
4752		1
4753		1
4754		4
4755		4
4756		5
4757		1
4758		4
4759		3
4760		5
4761		6
4762		3
4763		1
4764		3
4766		3
4767		1
4768		4
4770		2
4771		1
4772		4
4773		2
4774		2
4775		2
4776		4
4777		3
4778		1
4780		5
4781		1
4782		2
4783		2
4784		2
4785		1
4786		4
4787		2
4788		1
4789		2
4791		3
4792		3
4793		3
4795		1
4796		4
4797		2
4799		3
4800		4
4801		3
4802		1
4803		1
4804		1
4805		1
4806		1
4807		3
4808		3
4809		2
4810		2
4811		2
4812		3
4813		3
4815		1
4816		1
4817		4
4818		3
4819		1
4820		2
4821		3
4822		1
4823		4
4825		1
4826		4
4827		2
4829		1
4830		2
4831		5
4832		1
4833		1
4834		1
4835		2
4838		4
4839		3
4840		2
4842		3
4843		1
4844		3
4845		1
4846		2
4848		3
4849		1
4850		1
4851		1
4853		1
4854		3
4855		2
4856		2
4857		1
4858		1
4859		4
4860		2
4862		4
4863		3
4864		1
4865		2
4866		1
4867		2
4868		5
4869		1
4870		1
4871		2
4872		2
4873		2
4874		3
4875		2
4876		1
4877		2
4878		2
4879		4
4880		4
4881		1
4883		3
4884		1
4885		4
4886		1
4887		4
4888		3
4889		1
4890		2
4891		2
4892		2
4893		3
4894		2
4896		4
4898		3
4900		1
4901		4
4902		2
4903		1
4904		1
4905		2
4906		1
4907		2
4910		2
4911		2
4912		4
4913		1
4914		1
4915		2
4916		2
4918		1
4921		2
4922		2
4923		5
4924		1
4925		6
4926		2
4927		4
4928		4
4929		1
4931		2
4932		2
4934		4
4935		3
4936		1
4937		1
4938		2
4939		3
4940		4
4941		2
4942		2
4943		2
4944		1
4945		1
4946		3
4948		2
4950		5
4951		5
4952		1
4954		3
4955		4
4956		3
4957		3
4958		2
4959		2
4960		1
4962		1
4963		1
4964		2
4965		3
4966		3
4968		2
4969		3
4970		1
4971		1
4972		1
4975		1
4976		1
4977		2
4978		2
4979		3
4980		1
4981		1
4982		3
4983		2
4984		1
4985		4
4986		2
4987		1
4988		2
4989		1
4991		1
4992		1
4993		4
4994		2
4995		1
4996		2
4997		1
4999		2
5000		3
5001		1
5002		1
5004		1
5006		2
5007		3
5008		1
5010		2
5011		2
5013		1
5014		1
5015		1
5016		1
5020		3
5021		1
5022		2
5024		3
5025		4
5027		5
5028		3
5029		2
5033		1
5034		2
5035		3
5036		3
5037		2
5039		2
5040		3
5041		4
5042		3
5043		2
5044		2
5045		2
5046		2
5048		1
5049		1
5050		2
5051		2
5052		4
5054		2
5055		1
5056		1
5057		2
5058		3
5059		3
5061		1
5062		2
5063		1
5065		1
5066		1
5067		1
5069		3
5071		4
5072		1
5073		4
5074		3
5077		1
5078		1
5080		3
5083		4
5085		1
5086		1
5087		2
5088		2
5090		2
5091		1
5096		1
5097		1
5098		1
5099		3
5100		1
5101		1
5103		3
5105		1
5106		1
5107		1
5108		1
5109		1
5110		4
5111		1
5113		1
5115		1
5116		3
5117		2
5118		1
5121		2
5122		1
5124		2
5126		4
5127		1
5128		3
5131		1
5134		1
5135		1
5136		1
5137		4
5138		1
5139		1
5140		1
5141		2
5142		1
5143		2
5144		2
5145		3
5146		2
5148		1
5150		4
5151		2
5152		1
5153		1
5154		1
5156		1
5157		4
5159		2
5160		1
5161		1
5163		2
5166		3
5168		1
5169		1
5170		1
5171		1
5176		3
5180		2
5182		3
5183		2
5184		2
5186		2
5187		2
5188		1
5189		3
5192		2
5193		1
5194		1
5195		1
5196		2
5197		1
5198		1
5199		2
5202		1
5204		1
5205		1
5206		1
5208		2
5209		2
5211		2
5212		1
5213		1
5214		2
5215		2
5218		3
5219		4
5220		1
5221		1
5223		2
5225		3
5226		1
5228		3
5231		1
5233		2
5234		2
5235		1
5236		1
5241		1
5242		2
5244		1
5246		1
5247		2
5248		1
5249		1
5250		3
5251		1
5252		2
5253		1
5254		1
5256		1
5257		2
5258		2
5259		4
5260		1
5261		1
5263		2
5264		1
5265		2
5266		2
5267		2
5268		1
5269		1
5271		2
5276		2
5277		2
5278		2
5280		3
5282		1
5283		1
5284		1
5286		2
5287		3
5289		2
5290		2
5291		2
5292		1
5295		2
5296		1
5299		4
5300		1
5301		1
5303		1
5304		2
5305		2
5306		2
5307		2
5309		3
5310		3
5311		1
5312		1
5314		1
5315		1
5316		1
5317		1
5319		1
5320		3
5322		1
5323		4
5327		1
5328		1
5330		1
5331		4
5332		1
5333		2
5334		1
5335		1
5336		1
5338		1
5339		2
5340		2
5343		1
5344		3
5346		2
5348		2
5349		2
5350		2
5351		2
5353		4
5354		2
5356		3
5357		1
5360		2
5361		1
5363		2
5366		2
5369		1
5370		1
5371		1
5374		1
5377		1
5379		1
5380		2
5381		1
5382		2
5383		1
5384		1
5388		1
5389		2
5391		2
5392		1
5393		3
5394		2
5396		1
5397		1
5398		2
5399		2
5400		3
5401		3
5404		1
5405		3
5407		1
5410		1
5411		3
5414		2
5415		2
5417		1
5419		1
5420		1
5422		1
5424		1
5425		2
5427		2
5430		2
5431		1
5433		1
5434		2
5435		2
5437		1
5438		2
5440		1
5441		2
5443		1
5444		1
5445		1
5446		3
5447		1
5448		1
5449		1
5450		2
5451		1
5452		3
5453		1
5456		3
5457		1
5459		2
5460		1
5461		1
5466		2
5469		1
5472		2
5473		1
5474		2
5480		1
5482		2
5485		1
5486		1
5488		1
5491		2
5492		2
5493		2
5494		1
5496		1
5497		2
5498		2
5499		1
5502		1
5503		1
5504		3
5505		1
5509		3
5510		4
5511		1
5513		2
5515		1
5518		2
5520		1
5522		3
5527		1
5528		1
5529		1
5531		1
5532		2
5533		1
5534		2
5535		2
5536		1
5538		2
5539		2
5542		1
5544		1
5545		1
5548		1
5549		1
5550		2
5552		1
5554		1
5556		2
5558		2
5559		1
5561		1
5564		1
5566		3
5568		1
5569		1
5571		2
5572		1
5573		1
5574		1
5575		1
5576		2
5577		2
5580		4
5581		1
5582		2
5584		2
5586		3
5587		1
5588		3
5589		1
5590		1
5591		1
5592		2
5594		2
5595		1
5596		1
5597		2
5598		1
5599		1
5601		1
5602		1
5604		1
5605		1
5607		1
5608		1
5609		1
5611		1
5612		2
5613		1
5614		1
5617		3
5619		1
5620		2
5624		3
5627		1
5628		1
5630		1
5631		5
5632		1
5633		1
5635		1
5636		2
5637		1
5639		2
5640		1
5641		1
5643		1
5644		1
5645		1
5648		1
5649		1
5650		2
5651		1
5652		1
5656		2
5658		1
5661		1
5665		2
5666		3
5671		1
5676		1
5679		3
5680		4
5682		3
5686		2
5688		1
5689		2
5690		1
5691		1
5694		1
5699		1
5700		1
5702		1
5703		1
5707		2
5709		1
5710		2
5711		1
5713		1
5714		1
5715		2
5718		1
5721		2
5722		1
5723		1
5724		1
5726		2
5727		2
5728		1
5729		2
5730		1
5731		4
5732		1
5733		3
5742		1
5744		2
5745		1
5746		1
5747		1
5749		1
5750		2
5752		1
5753		1
5755		1
5756		1
5757		1
5758		1
5759		1
5761		1
5762		1
5763		1
5764		1
5766		1
5768		1
5769		3
5770		2
5772		1
5775		2
5777		1
5779		1
5784		1
5786		2
5787		1
5788		2
5790		1
5793		1
5794		1
5795		3
5796		1
5797		1
5798		1
5806		2
5807		2
5809		1
5810		3
5812		1
5815		1
5817		2
5819		1
5822		1
5823		1
5824		2
5826		1
5830		2
5831		1
5834		1
5835		1
5836		1
5838		1
5839		1
5840		2
5841		1
5843		1
5845		1
5849		3
5851		3
5855		1
5856		1
5860		1
5861		1
5862		1
5866		2
5867		1
5869		2
5872		2
5873		1
5874		2
5878		2
5879		1
5883		1
5886		1
5888		1
5889		1
5892		2
5893		3
5894		1
5895		2
5896		1
5898		2
5904		1
5905		2
5909		1
5911		2
5912		2
5916		2
5917		1
5918		1
5922		1
5924		1
5925		1
5931		2
5932		1
5933		1
5934		1
5935		1
5938		1
5939		1
5940		2
5946		2
5951		1
5957		1
5960		2
5961		1
5962		1
5964		1
5965		1
5966		1
5967		1
5971		1
5972		1
5974		1
5977		2
5980		2
5981		1
5984		1
5987		1
5989		1
5993		2
5994		2
5995		1
5996		1
6000		1
6004		1
6005		2
6007		1
6012		2
6014		1
6021		1
6026		1
6028		1
6030		1
6040		1
6043		1
6044		1
6047		1
6050		1
6055		1
6056		2
6057		2
6058		1
6059		2
6062		1
6064		1
6065		1
6066		1
6069		1
6074		2
6077		1
6082		1
6084		1
6087		1
6088		1
6089		1
6094		1
6102		1
6107		2
6112		1
6113		2
6120		1
6122		1
6123		1
6124		1
6127		1
6130		1
6134		4
6136		1
6138		1
6140		1
6145		1
6150		1
6154		1
6160		1
6167		1
6183		1
6190		2
6191		1
6195		1
6196		1
6197		1
6199		2
6201		1
6203		1
6217		1
6221		1
6226		1
6232		1
6242		1
6244		1
6247		1
6254		2
6258		1
6259		1
6260		1
6262		1
6263		1
6266		1
6268		2
6270		1
6279		1
6287		2
6288		1
6293		1
6294		2
6298		2
6300		1
6304		1
6306		1
6313		1
6316		1
6320		1
6321		1
6322		1
6329		1
6331		1
6334		1
6338		1
6353		1
6355		1
6363		1
6376		1
6381		1
6384		1
6393		1
6397		1
6400		1
6406		1
6411		1
6414		1
6431		1
6432		1
6435		1
6442		1
6443		1
6446		1
6450		1
6454		1
6459		1
6460		1
6490		1
6503		1
6509		1
6513		2
6529		1
6530		1
6534		2
6547		1
6549		2
6558		1
6571		1
6577		1
6588		1
6595		1
6629		1
6640		1
6646		1
6653		1
6656		1
6673		1
6680		1
6701		1
6715		1
6729		1
6735		1
6742		1
6746		1
6786		1
6790		1
6797		1
6802		1
6806		1
6819		1
6836		1
6884		1
6893		1
6923		1
6937		1
6999		1
7002		1
7029		1
7079		1
7087		1
7099		1
7159		1
7188		1
7193		1
7239		1
7355		1
7455		1
