Tamaños		Cantidades
1		7553255
2		1557309
3		916912
4		588509
5		407984
6		298151
7		228575
8		180787
9		146417
10		121440
11		102846
12		87495
13		75662
14		66288
15		58521
16		52347
17		46652
18		42451
19		38053
20		34880
21		31705
22		29162
23		26993
24		25102
25		23279
26		21722
27		20238
28		18808
29		17594
30		16624
31		15418
32		14591
33		13974
34		13248
35		12330
36		11778
37		11366
38		10706
39		10316
40		9725
41		9149
42		8789
43		8604
44		8059
45		7762
46		7471
47		7237
48		7050
49		6594
50		6513
51		6207
52		6039
53		5747
54		5668
55		5417
56		5198
57		5009
58		4902
59		4764
60		4575
61		4503
62		4321
63		4258
64		4130
65		3891
66		3859
67		3846
68		3746
69		3641
70		3447
71		3399
72		3348
73		3183
74		3149
75		2976
76		2962
77		2963
78		2940
79		2863
80		2729
81		2757
82		2606
83		2512
84		2449
85		2459
86		2297
87		2344
88		2327
89		2236
90		2191
91		2135
92		2105
93		2039
94		1987
95		2012
96		1990
97		1918
98		1876
99		1829
100		1845
101		1799
102		1692
103		1755
104		1702
105		1781
106		1566
107		1580
108		1533
109		1534
110		1495
111		1510
112		1438
113		1429
114		1394
115		1449
116		1393
117		1388
118		1372
119		1279
120		1269
121		1330
122		1271
123		1266
124		1226
125		1269
126		1244
127		1169
128		1153
129		1119
130		1099
131		1086
132		1066
133		1052
134		1060
135		1072
136		1035
137		1067
138		1026
139		1043
140		1025
141		971
142		962
143		969
144		942
145		908
146		913
147		884
148		906
149		880
150		893
151		820
152		821
153		834
154		814
155		810
156		841
157		837
158		744
159		806
160		801
161		750
162		801
163		788
164		792
165		671
166		688
167		726
168		727
169		662
170		735
171		685
172		718
173		679
174		645
175		665
176		645
177		649
178		641
179		628
180		644
181		646
182		626
183		618
184		646
185		652
186		635
187		621
188		549
189		604
190		586
191		544
192		547
193		507
194		562
195		519
196		544
197		535
198		563
199		484
200		539
201		505
202		498
203		533
204		471
205		547
206		492
207		478
208		474
209		487
210		472
211		491
212		484
213		474
214		485
215		502
216		433
217		484
218		434
219		458
220		440
221		425
222		413
223		408
224		435
225		448
226		453
227		406
228		411
229		410
230		412
231		403
232		427
233		372
234		387
235		453
236		395
237		375
238		388
239		377
240		374
241		344
242		353
243		361
244		374
245		369
246		349
247		359
248		365
249		379
250		338
251		339
252		361
253		323
254		340
255		356
256		344
257		316
258		355
259		304
260		333
261		346
262		318
263		331
264		341
265		308
266		320
267		311
268		294
269		289
270		332
271		315
272		311
273		276
274		322
275		303
276		275
277		312
278		311
279		293
280		292
281		315
282		267
283		270
284		281
285		295
286		250
287		271
288		277
289		263
290		298
291		260
292		267
293		265
294		279
295		249
296		244
297		250
298		272
299		271
300		238
301		271
302		279
303		266
304		278
305		262
306		231
307		253
308		246
309		259
310		238
311		245
312		246
313		230
314		232
315		239
316		247
317		245
318		258
319		241
320		218
321		244
322		228
323		229
324		231
325		228
326		205
327		214
328		206
329		230
330		220
331		200
332		220
333		207
334		221
335		206
336		199
337		214
338		223
339		228
340		199
341		201
342		214
343		196
344		220
345		204
346		223
347		216
348		187
349		208
350		183
351		202
352		196
353		192
354		200
355		175
356		163
357		181
358		174
359		190
360		214
361		177
362		185
363		184
364		168
365		152
366		202
367		188
368		170
369		157
370		190
371		176
372		178
373		199
374		148
375		193
376		195
377		177
378		159
379		182
380		150
381		160
382		156
383		195
384		173
385		166
386		150
387		166
388		160
389		189
390		171
391		182
392		177
393		173
394		152
395		144
396		155
397		169
398		193
399		152
400		161
401		143
402		155
403		156
404		166
405		141
406		156
407		114
408		149
409		154
410		133
411		157
412		162
413		130
414		125
415		120
416		140
417		140
418		145
419		158
420		158
421		135
422		133
423		128
424		156
425		146
426		139
427		141
428		134
429		149
430		134
431		140
432		162
433		128
434		144
435		144
436		129
437		148
438		128
439		130
440		137
441		144
442		122
443		131
444		115
445		150
446		134
447		146
448		122
449		119
450		122
451		120
452		117
453		141
454		101
455		121
456		137
457		137
458		117
459		156
460		122
461		127
462		131
463		127
464		117
465		98
466		123
467		129
468		111
469		120
470		120
471		107
472		114
473		128
474		134
475		96
476		128
477		114
478		107
479		108
480		112
481		125
482		112
483		111
484		112
485		124
486		112
487		107
488		109
489		95
490		126
491		96
492		114
493		97
494		113
495		90
496		101
497		97
498		111
499		97
500		100
501		105
502		105
503		110
504		99
505		85
506		104
507		106
508		122
509		88
510		103
511		102
512		119
513		88
514		94
515		98
516		95
517		112
518		113
519		92
520		107
521		88
522		103
523		96
524		85
525		91
526		100
527		92
528		109
529		84
530		104
531		78
532		98
533		102
534		101
535		92
536		81
537		92
538		89
539		98
540		91
541		95
542		98
543		85
544		95
545		100
546		85
547		110
548		89
549		88
550		98
551		85
552		92
553		70
554		104
555		86
556		92
557		83
558		92
559		77
560		103
561		96
562		90
563		84
564		90
565		88
566		91
567		91
568		92
569		105
570		88
571		76
572		88
573		79
574		80
575		81
576		89
577		73
578		79
579		83
580		66
581		85
582		76
583		74
584		71
585		79
586		71
587		77
588		80
589		64
590		93
591		74
592		81
593		73
594		73
595		62
596		70
597		69
598		66
599		72
600		83
601		70
602		73
603		89
604		78
605		80
606		71
607		72
608		71
609		60
610		79
611		79
612		82
613		74
614		72
615		69
616		66
617		68
618		73
619		75
620		71
621		63
622		71
623		60
624		62
625		68
626		78
627		73
628		58
629		56
630		65
631		68
632		47
633		98
634		84
635		71
636		64
637		62
638		71
639		79
640		77
641		83
642		71
643		60
644		60
645		65
646		62
647		76
648		66
649		58
650		55
651		67
652		74
653		62
654		73
655		71
656		69
657		67
658		61
659		60
660		78
661		59
662		74
663		68
664		63
665		64
666		60
667		57
668		59
669		59
670		73
671		71
672		68
673		70
674		60
675		58
676		56
677		65
678		40
679		63
680		55
681		69
682		68
683		60
684		54
685		56
686		67
687		73
688		58
689		72
690		54
691		44
692		66
693		60
694		57
695		44
696		64
697		53
698		67
699		63
700		47
701		62
702		52
703		68
704		63
705		68
706		59
707		53
708		61
709		49
710		56
711		53
712		52
713		43
714		57
715		44
716		52
717		58
718		61
719		49
720		44
721		48
722		44
723		61
724		48
725		51
726		58
727		66
728		59
729		69
730		51
731		55
732		55
733		54
734		49
735		77
736		62
737		69
738		52
739		53
740		42
741		43
742		65
743		48
744		51
745		57
746		56
747		58
748		51
749		56
750		56
751		44
752		46
753		52
754		42
755		56
756		49
757		58
758		60
759		58
760		59
761		46
762		59
763		61
764		56
765		56
766		49
767		48
768		52
769		48
770		50
771		47
772		55
773		41
774		53
775		46
776		48
777		66
778		51
779		49
780		45
781		72
782		42
783		41
784		53
785		48
786		42
787		41
788		50
789		49
790		52
791		46
792		36
793		75
794		56
795		47
796		45
797		42
798		44
799		49
800		53
801		42
802		54
803		55
804		53
805		43
806		44
807		48
808		45
809		47
810		50
811		52
812		38
813		51
814		49
815		48
816		39
817		46
818		47
819		51
820		48
821		38
822		55
823		42
824		50
825		59
826		57
827		60
828		45
829		40
830		38
831		38
832		44
833		58
834		45
835		51
836		43
837		46
838		37
839		38
840		31
841		55
842		42
843		49
844		32
845		48
846		45
847		46
848		44
849		40
850		43
851		35
852		28
853		35
854		39
855		32
856		38
857		38
858		29
859		42
860		54
861		40
862		40
863		42
864		51
865		39
866		52
867		45
868		43
869		42
870		34
871		43
872		37
873		37
874		49
875		46
876		44
877		48
878		40
879		36
880		35
881		58
882		47
883		43
884		47
885		38
886		52
887		45
888		46
889		43
890		43
891		33
892		48
893		30
894		38
895		38
896		45
897		38
898		48
899		30
900		47
901		38
902		44
903		36
904		42
905		34
906		41
907		38
908		34
909		39
910		46
911		31
912		42
913		37
914		28
915		29
916		43
917		48
918		40
919		36
920		30
921		36
922		32
923		48
924		55
925		33
926		45
927		55
928		42
929		37
930		33
931		38
932		41
933		41
934		45
935		39
936		42
937		33
938		37
939		35
940		39
941		27
942		21
943		40
944		35
945		42
946		41
947		36
948		20
949		33
950		32
951		38
952		33
953		32
954		32
955		34
956		40
957		34
958		38
959		43
960		37
961		38
962		28
963		34
964		26
965		34
966		36
967		38
968		33
969		34
970		42
971		38
972		34
973		38
974		42
975		40
976		39
977		27
978		28
979		29
980		35
981		41
982		34
983		37
984		30
985		20
986		24
987		40
988		30
989		39
990		41
991		36
992		39
993		33
994		41
995		33
996		31
997		38
998		35
999		34
1000		31
1001		43
1002		34
1003		39
1004		31
1005		34
1006		36
1007		29
1008		33
1009		42
1010		25
1011		41
1012		27
1013		43
1014		34
1015		38
1016		35
1017		35
1018		35
1019		29
1020		29
1021		21
1022		33
1023		26
1024		30
1025		38
1026		31
1027		32
1028		31
1029		33
1030		45
1031		32
1032		32
1033		33
1034		39
1035		27
1036		35
1037		32
1038		31
1039		42
1040		30
1041		26
1042		29
1043		31
1044		32
1045		20
1046		36
1047		28
1048		28
1049		42
1050		29
1051		28
1052		25
1053		33
1054		28
1055		29
1056		28
1057		29
1058		32
1059		36
1060		28
1061		28
1062		19
1063		29
1064		19
1065		35
1066		31
1067		36
1068		36
1069		32
1070		36
1071		35
1072		25
1073		24
1074		20
1075		29
1076		26
1077		33
1078		31
1079		36
1080		26
1081		34
1082		32
1083		31
1084		38
1085		32
1086		35
1087		26
1088		15
1089		24
1090		31
1091		27
1092		29
1093		29
1094		32
1095		28
1096		26
1097		25
1098		27
1099		25
1100		31
1101		25
1102		29
1103		39
1104		30
1105		30
1106		29
1107		19
1108		21
1109		24
1110		28
1111		32
1112		36
1113		34
1114		22
1115		31
1116		28
1117		27
1118		25
1119		23
1120		31
1121		28
1122		36
1123		20
1124		15
1125		27
1126		32
1127		30
1128		23
1129		31
1130		31
1131		15
1132		32
1133		29
1134		29
1135		29
1136		30
1137		25
1138		37
1139		27
1140		27
1141		26
1142		29
1143		21
1144		26
1145		32
1146		28
1147		23
1148		24
1149		23
1150		23
1151		26
1152		21
1153		22
1154		18
1155		33
1156		24
1157		20
1158		35
1159		27
1160		25
1161		22
1162		28
1163		23
1164		22
1165		22
1166		23
1167		27
1168		26
1169		28
1170		33
1171		35
1172		29
1173		25
1174		24
1175		29
1176		20
1177		30
1178		38
1179		27
1180		20
1181		26
1182		15
1183		28
1184		21
1185		29
1186		33
1187		16
1188		23
1189		19
1190		18
1191		17
1192		14
1193		23
1194		22
1195		28
1196		27
1197		22
1198		27
1199		15
1200		29
1201		25
1202		23
1203		26
1204		26
1205		24
1206		30
1207		17
1208		26
1209		20
1210		20
1211		35
1212		19
1213		27
1214		24
1215		19
1216		20
1217		22
1218		12
1219		30
1220		32
1221		22
1222		28
1223		26
1224		26
1225		22
1226		24
1227		24
1228		25
1229		19
1230		18
1231		21
1232		21
1233		20
1234		25
1235		23
1236		21
1237		24
1238		26
1239		26
1240		19
1241		18
1242		21
1243		16
1244		24
1245		22
1246		15
1247		22
1248		27
1249		23
1250		25
1251		22
1252		22
1253		16
1254		19
1255		23
1256		19
1257		24
1258		14
1259		17
1260		17
1261		28
1262		26
1263		19
1264		26
1265		24
1266		32
1267		17
1268		24
1269		17
1270		15
1271		26
1272		22
1273		22
1274		20
1275		23
1276		19
1277		13
1278		11
1279		22
1280		26
1281		22
1282		21
1283		30
1284		15
1285		16
1286		18
1287		19
1288		13
1289		12
1290		21
1291		29
1292		27
1293		24
1294		29
1295		20
1296		24
1297		17
1298		24
1299		17
1300		23
1301		25
1302		22
1303		16
1304		22
1305		27
1306		20
1307		20
1308		21
1309		21
1310		25
1311		19
1312		23
1313		19
1314		14
1315		20
1316		25
1317		18
1318		21
1319		27
1320		16
1321		28
1322		18
1323		27
1324		23
1325		19
1326		20
1327		22
1328		25
1329		17
1330		24
1331		21
1332		25
1333		23
1334		17
1335		13
1336		20
1337		13
1338		25
1339		28
1340		14
1341		21
1342		27
1343		18
1344		20
1345		25
1346		16
1347		29
1348		21
1349		29
1350		26
1351		21
1352		18
1353		27
1354		11
1355		17
1356		17
1357		23
1358		20
1359		21
1360		11
1361		23
1362		20
1363		25
1364		21
1365		24
1366		21
1367		24
1368		23
1369		16
1370		14
1371		19
1372		15
1373		26
1374		11
1375		22
1376		23
1377		24
1378		26
1379		20
1380		16
1381		17
1382		27
1383		20
1384		18
1385		13
1386		17
1387		20
1388		21
1389		14
1390		19
1391		31
1392		26
1393		17
1394		22
1395		25
1396		18
1397		18
1398		18
1399		17
1400		23
1401		16
1402		16
1403		16
1404		19
1405		19
1406		24
1407		17
1408		26
1409		9
1410		25
1411		16
1412		17
1413		16
1414		17
1415		17
1416		16
1417		17
1418		20
1419		14
1420		13
1421		14
1422		18
1423		25
1424		18
1425		22
1426		12
1427		19
1428		18
1429		18
1430		14
1431		14
1432		18
1433		13
1434		20
1435		13
1436		22
1437		17
1438		23
1439		24
1440		8
1441		19
1442		17
1443		14
1444		18
1445		20
1446		18
1447		19
1448		17
1449		20
1450		18
1451		15
1452		20
1453		16
1454		21
1455		18
1456		22
1457		12
1458		20
1459		21
1460		11
1461		22
1462		18
1463		27
1464		17
1465		13
1466		23
1467		25
1468		14
1469		18
1470		22
1471		21
1472		17
1473		11
1474		19
1475		18
1476		17
1477		13
1478		21
1479		15
1480		6
1481		14
1482		20
1483		18
1484		18
1485		9
1486		21
1487		18
1488		9
1489		20
1490		21
1491		14
1492		18
1493		13
1494		13
1495		21
1496		19
1497		15
1498		16
1499		14
1500		13
1501		15
1502		23
1503		20
1504		16
1505		17
1506		12
1507		14
1508		27
1509		13
1510		16
1511		13
1512		14
1513		20
1514		14
1515		17
1516		12
1517		23
1518		21
1519		14
1520		17
1521		15
1522		9
1523		19
1524		16
1525		13
1526		16
1527		15
1528		8
1529		17
1530		12
1531		13
1532		22
1533		14
1534		18
1535		16
1536		19
1537		14
1538		12
1539		18
1540		15
1541		16
1542		18
1543		14
1544		19
1545		17
1546		15
1547		12
1548		13
1549		19
1550		18
1551		19
1552		7
1553		20
1554		14
1555		17
1556		16
1557		18
1558		17
1559		16
1560		17
1561		10
1562		12
1563		13
1564		20
1565		11
1566		18
1567		14
1568		14
1569		20
1570		15
1571		15
1572		22
1573		24
1574		16
1575		18
1576		17
1577		12
1578		12
1579		14
1580		9
1581		9
1582		14
1583		12
1584		16
1585		19
1586		16
1587		23
1588		11
1589		20
1590		18
1591		16
1592		18
1593		12
1594		15
1595		19
1596		13
1597		18
1598		25
1599		15
1600		22
1601		18
1602		17
1603		15
1604		9
1605		20
1606		16
1607		10
1608		20
1609		13
1610		12
1611		15
1612		8
1613		10
1614		21
1615		15
1616		15
1617		9
1618		21
1619		14
1620		17
1621		11
1622		20
1623		11
1624		12
1625		16
1626		18
1627		18
1628		11
1629		18
1630		17
1631		14
1632		9
1633		11
1634		10
1635		19
1636		11
1637		15
1638		18
1639		23
1640		11
1641		17
1642		23
1643		20
1644		15
1645		17
1646		13
1647		8
1648		21
1649		15
1650		13
1651		17
1652		24
1653		16
1654		13
1655		21
1656		21
1657		23
1658		20
1659		15
1660		14
1661		18
1662		16
1663		12
1664		10
1665		12
1666		11
1667		17
1668		14
1669		16
1670		16
1671		13
1672		13
1673		9
1674		19
1675		19
1676		13
1677		12
1678		10
1679		10
1680		8
1681		18
1682		12
1683		11
1684		15
1685		13
1686		23
1687		17
1688		15
1689		9
1690		10
1691		15
1692		15
1693		11
1694		8
1695		10
1696		20
1697		15
1698		13
1699		15
1700		18
1701		12
1702		10
1703		18
1704		15
1705		15
1706		9
1707		15
1708		12
1709		12
1710		13
1711		6
1712		14
1713		12
1714		5
1715		10
1716		15
1717		7
1718		15
1719		20
1720		7
1721		8
1722		16
1723		16
1724		19
1725		17
1726		10
1727		10
1728		13
1729		8
1730		11
1731		13
1732		10
1733		13
1734		14
1735		9
1736		15
1737		11
1738		13
1739		9
1740		9
1741		14
1742		14
1743		15
1744		14
1745		11
1746		11
1747		11
1748		8
1749		14
1750		22
1751		10
1752		13
1753		12
1754		13
1755		10
1756		17
1757		13
1758		13
1759		11
1760		13
1761		11
1762		13
1763		10
1764		15
1765		14
1766		15
1767		11
1768		10
1769		8
1770		10
1771		7
1772		19
1773		13
1774		16
1775		13
1776		15
1777		12
1778		7
1779		18
1780		13
1781		8
1782		12
1783		8
1784		15
1785		11
1786		16
1787		19
1788		9
1789		8
1790		17
1791		13
1792		14
1793		15
1794		12
1795		14
1796		12
1797		10
1798		10
1799		15
1800		11
1801		15
1802		6
1803		10
1804		8
1805		12
1806		12
1807		15
1808		14
1809		6
1810		23
1811		13
1812		9
1813		2
1814		10
1815		10
1816		10
1817		14
1818		13
1819		14
1820		15
1821		20
1822		15
1823		12
1824		13
1825		19
1826		11
1827		13
1828		10
1829		15
1830		9
1831		8
1832		12
1833		11
1834		12
1835		17
1836		12
1837		17
1838		11
1839		10
1840		12
1841		11
1842		9
1843		15
1844		14
1845		11
1846		10
1847		9
1848		11
1849		15
1850		14
1851		3
1852		5
1853		19
1854		11
1855		16
1856		18
1857		16
1858		12
1859		14
1860		10
1861		10
1862		13
1863		10
1864		14
1865		16
1866		9
1867		8
1868		7
1869		8
1870		12
1871		14
1872		10
1873		16
1874		9
1875		10
1876		12
1877		11
1878		12
1879		11
1880		12
1881		13
1882		10
1883		14
1884		12
1885		19
1886		3
1887		11
1888		11
1889		16
1890		8
1891		11
1892		7
1893		12
1894		11
1895		15
1896		10
1897		15
1898		5
1899		13
1900		10
1901		11
1902		18
1903		11
1904		14
1905		8
1906		19
1907		12
1908		15
1909		16
1910		14
1911		12
1912		9
1913		9
1914		10
1915		16
1916		11
1917		13
1918		14
1919		11
1920		21
1921		6
1922		7
1923		10
1924		10
1925		15
1926		6
1927		16
1928		15
1929		16
1930		7
1931		9
1932		13
1933		9
1934		6
1935		13
1936		7
1937		7
1938		13
1939		10
1940		17
1941		11
1942		13
1943		9
1944		7
1945		7
1946		10
1947		12
1948		11
1949		15
1950		18
1951		11
1952		14
1953		11
1954		7
1955		10
1956		9
1957		9
1958		13
1959		6
1960		18
1961		13
1962		13
1963		9
1964		7
1965		12
1966		11
1967		10
1968		14
1969		12
1970		13
1971		13
1972		11
1973		11
1974		10
1975		6
1976		14
1977		14
1978		13
1979		10
1980		12
1981		9
1982		9
1983		10
1984		10
1985		14
1986		14
1987		5
1988		15
1989		14
1990		16
1991		8
1992		16
1993		6
1994		14
1995		13
1996		15
1997		11
1998		9
1999		8
2000		9
2001		9
2002		12
2003		10
2004		14
2005		9
2006		14
2007		8
2008		8
2009		11
2010		14
2011		14
2012		6
2013		8
2014		13
2015		9
2016		10
2017		9
2018		14
2019		7
2020		10
2021		14
2022		13
2023		12
2024		12
2025		8
2026		17
2027		9
2028		11
2029		13
2030		10
2031		8
2032		10
2033		18
2034		10
2035		10
2036		8
2037		9
2038		9
2039		8
2040		14
2041		11
2042		8
2043		9
2044		11
2045		12
2046		8
2047		9
2048		6
2049		5
2050		7
2051		11
2052		15
2053		9
2054		9
2055		6
2056		7
2057		7
2058		14
2059		6
2060		7
2061		17
2062		12
2063		13
2064		7
2065		11
2066		11
2067		10
2068		10
2069		12
2070		10
2071		9
2072		13
2073		12
2074		7
2075		13
2076		17
2077		5
2078		8
2079		9
2080		3
2081		10
2082		11
2083		16
2084		7
2085		7
2086		9
2087		15
2088		8
2089		6
2090		12
2091		5
2092		7
2093		16
2094		12
2095		7
2096		10
2097		5
2098		13
2099		14
2100		12
2101		13
2102		4
2103		9
2104		10
2105		10
2106		9
2107		12
2108		10
2109		9
2110		8
2111		6
2112		10
2113		13
2114		14
2115		13
2116		12
2117		11
2118		3
2119		12
2120		9
2121		7
2122		6
2123		13
2124		8
2125		13
2126		10
2127		8
2128		8
2129		9
2130		14
2131		7
2132		14
2133		7
2134		5
2135		11
2136		8
2137		17
2138		12
2139		14
2140		12
2141		11
2142		7
2143		9
2144		13
2145		13
2146		9
2147		13
2148		8
2149		13
2150		9
2151		16
2152		5
2153		12
2154		7
2155		12
2156		7
2157		3
2158		10
2159		8
2160		10
2161		6
2162		13
2163		12
2164		6
2165		7
2166		9
2167		9
2168		12
2169		8
2170		9
2171		11
2172		7
2173		8
2174		11
2175		7
2176		9
2177		13
2178		15
2179		7
2180		11
2181		7
2182		7
2183		7
2184		11
2185		17
2186		12
2187		8
2188		5
2189		13
2190		5
2191		9
2192		7
2193		6
2194		11
2195		11
2196		8
2197		13
2198		7
2199		14
2200		7
2201		11
2202		9
2203		3
2204		4
2205		9
2206		12
2207		5
2208		7
2209		8
2210		10
2211		11
2212		14
2213		6
2214		9
2215		9
2216		10
2217		11
2218		9
2219		7
2220		12
2221		12
2222		8
2223		15
2224		10
2225		6
2226		8
2227		17
2228		4
2229		9
2230		6
2231		8
2232		8
2233		9
2234		6
2235		13
2236		7
2237		3
2238		15
2239		6
2240		11
2241		3
2242		6
2243		17
2244		18
2245		8
2246		7
2247		6
2248		9
2249		6
2250		10
2251		7
2252		8
2253		10
2254		11
2255		8
2256		17
2257		7
2258		6
2259		11
2260		9
2261		15
2262		5
2263		5
2264		8
2265		8
2266		9
2267		11
2268		6
2269		9
2270		7
2271		9
2272		13
2273		6
2274		8
2275		11
2276		10
2277		7
2278		11
2279		6
2280		6
2281		13
2282		12
2283		5
2284		9
2285		11
2286		10
2287		10
2288		6
2289		7
2290		15
2291		8
2292		9
2293		7
2294		10
2295		10
2296		6
2297		9
2298		9
2299		9
2300		16
2301		12
2302		15
2303		10
2304		7
2305		11
2306		11
2307		14
2308		17
2309		11
2310		10
2311		11
2312		7
2313		4
2314		14
2315		3
2316		13
2317		10
2318		7
2319		9
2320		13
2321		6
2322		4
2323		7
2324		13
2325		10
2326		12
2327		10
2328		9
2329		10
2330		8
2331		9
2332		7
2333		5
2334		5
2335		12
2336		7
2337		8
2338		11
2339		12
2340		8
2341		3
2342		10
2343		8
2344		16
2345		11
2346		4
2347		6
2348		15
2349		13
2350		13
2351		5
2352		3
2353		6
2354		10
2355		10
2356		9
2357		7
2358		15
2359		10
2360		11
2361		7
2362		5
2363		10
2364		8
2365		10
2366		6
2367		5
2368		6
2369		9
2370		8
2371		11
2372		13
2373		6
2374		12
2375		9
2376		10
2377		6
2378		12
2379		6
2380		6
2381		7
2382		10
2383		8
2384		9
2385		6
2386		11
2387		10
2388		17
2389		10
2390		7
2391		7
2392		6
2393		9
2394		10
2395		9
2396		9
2397		7
2398		17
2399		8
2400		14
2401		4
2402		10
2403		9
2404		11
2405		4
2406		15
2407		13
2408		8
2409		4
2410		7
2411		9
2412		11
2413		6
2414		9
2415		12
2416		6
2417		11
2418		8
2419		12
2420		5
2421		15
2422		15
2423		4
2424		9
2425		5
2426		4
2427		5
2428		3
2429		5
2430		4
2431		11
2432		11
2433		10
2434		7
2435		9
2436		7
2437		7
2438		7
2439		8
2440		6
2441		8
2442		6
2443		12
2444		9
2445		8
2446		12
2447		8
2448		3
2449		11
2450		9
2451		5
2452		10
2453		6
2454		9
2455		10
2456		5
2457		8
2458		16
2459		4
2460		12
2461		5
2462		9
2463		4
2464		3
2465		12
2466		9
2467		5
2468		12
2469		9
2470		10
2471		12
2472		7
2473		12
2474		7
2475		10
2476		8
2477		6
2478		3
2479		5
2480		4
2481		5
2482		7
2483		8
2484		8
2485		8
2486		14
2487		10
2488		9
2489		3
2490		10
2491		8
2492		12
2493		6
2494		6
2495		17
2496		5
2497		9
2498		8
2499		2
2500		10
2501		2
2502		5
2503		8
2504		9
2505		9
2506		6
2507		12
2508		12
2509		7
2510		8
2511		9
2512		8
2513		12
2514		8
2515		10
2516		10
2517		9
2518		5
2519		6
2520		14
2521		5
2522		4
2523		9
2524		12
2525		8
2526		6
2527		5
2528		7
2529		8
2530		5
2531		12
2532		8
2533		9
2534		9
2535		6
2536		10
2537		9
2538		10
2539		10
2540		7
2541		6
2542		7
2543		5
2544		9
2545		7
2546		11
2547		8
2548		8
2549		6
2550		8
2551		7
2552		6
2553		12
2554		12
2555		4
2556		11
2557		10
2558		4
2559		7
2560		11
2561		4
2562		6
2563		8
2564		5
2565		15
2566		4
2567		11
2568		2
2569		6
2570		9
2571		6
2572		8
2573		3
2574		7
2575		11
2576		13
2577		11
2578		7
2579		3
2580		2
2581		8
2582		8
2583		12
2584		8
2585		7
2586		6
2587		6
2588		5
2589		4
2590		8
2591		10
2592		5
2593		13
2594		3
2595		4
2596		8
2597		11
2598		5
2599		13
2600		3
2601		5
2602		15
2603		5
2604		5
2605		6
2606		5
2607		4
2608		7
2609		9
2610		7
2611		10
2612		10
2613		8
2614		8
2615		8
2616		7
2617		7
2618		5
2619		5
2620		6
2621		8
2622		6
2623		10
2624		8
2625		6
2626		8
2627		4
2628		11
2629		8
2630		13
2631		8
2632		5
2633		9
2634		3
2635		4
2636		11
2637		5
2638		6
2639		6
2640		8
2641		7
2642		10
2643		7
2644		8
2645		5
2646		6
2647		3
2648		6
2649		3
2650		9
2651		8
2652		9
2653		9
2654		6
2655		4
2656		5
2657		12
2658		8
2659		5
2660		6
2661		8
2662		10
2663		10
2664		4
2665		6
2666		10
2667		8
2668		4
2669		9
2670		3
2671		7
2672		9
2673		10
2674		7
2675		5
2676		9
2677		11
2678		7
2679		7
2680		7
2681		5
2682		7
2683		13
2684		7
2685		6
2686		6
2687		5
2688		7
2689		7
2690		7
2691		11
2692		7
2693		5
2694		12
2695		12
2696		3
2697		6
2698		11
2699		3
2700		8
2701		11
2702		6
2703		12
2704		7
2705		8
2706		7
2707		6
2708		9
2709		1
2710		7
2711		10
2712		9
2713		11
2714		10
2715		6
2716		12
2717		9
2718		12
2719		6
2720		9
2721		8
2722		7
2723		8
2724		11
2725		2
2726		4
2727		13
2728		5
2729		7
2730		9
2731		5
2732		5
2733		5
2734		4
2735		4
2736		9
2737		7
2738		5
2739		7
2740		8
2741		7
2742		5
2743		6
2744		4
2745		3
2746		11
2747		13
2748		9
2749		3
2750		4
2751		6
2752		10
2753		11
2754		8
2755		6
2756		11
2757		8
2758		9
2759		2
2760		14
2761		10
2762		7
2763		4
2764		7
2765		10
2766		7
2767		7
2768		3
2769		5
2770		4
2771		9
2772		8
2773		8
2774		9
2775		12
2776		6
2777		8
2778		10
2779		9
2780		7
2781		5
2782		10
2783		3
2784		12
2785		8
2786		6
2787		8
2788		5
2789		2
2790		5
2791		7
2792		8
2793		8
2794		1
2795		6
2796		2
2797		7
2798		5
2799		4
2800		6
2801		11
2802		9
2803		3
2804		5
2805		6
2806		6
2807		9
2808		5
2809		6
2810		10
2811		5
2812		6
2813		10
2814		6
2815		4
2816		14
2817		3
2818		6
2819		7
2820		8
2821		8
2822		14
2823		4
2824		7
2825		6
2826		8
2827		6
2828		4
2829		9
2830		9
2831		6
2832		6
2833		6
2834		8
2835		9
2836		7
2837		9
2838		2
2839		7
2840		7
2841		11
2842		7
2843		13
2844		8
2845		9
2846		9
2847		8
2848		3
2849		6
2850		11
2851		4
2852		4
2853		7
2854		5
2855		6
2856		13
2857		7
2858		5
2859		7
2860		8
2861		9
2862		4
2863		9
2864		9
2865		6
2866		11
2867		8
2868		6
2869		6
2870		7
2871		7
2872		5
2873		10
2874		2
2875		8
2876		4
2877		10
2878		11
2879		2
2880		5
2881		7
2882		5
2883		4
2884		9
2885		4
2886		5
2887		9
2888		4
2889		5
2890		6
2891		4
2892		6
2893		11
2894		2
2895		9
2896		4
2897		6
2898		11
2899		9
2900		6
2901		5
2902		2
2903		6
2904		8
2905		3
2906		9
2907		10
2908		4
2909		10
2910		9
2911		5
2912		12
2913		4
2914		5
2915		6
2916		8
2917		7
2918		3
2919		4
2920		12
2921		4
2922		4
2923		9
2924		7
2925		8
2926		7
2927		6
2928		8
2929		5
2930		8
2931		9
2932		7
2933		10
2934		4
2935		5
2936		3
2937		5
2938		2
2939		8
2940		3
2941		8
2942		10
2943		6
2944		7
2945		10
2946		5
2947		4
2948		6
2949		3
2950		7
2951		12
2952		7
2953		5
2954		12
2955		11
2956		7
2957		4
2958		2
2959		11
2960		7
2961		10
2962		4
2963		6
2964		8
2965		9
2966		5
2967		7
2968		9
2969		9
2970		7
2971		9
2972		3
2973		7
2974		12
2975		9
2976		10
2977		9
2978		7
2979		4
2980		4
2981		6
2982		7
2983		6
2984		6
2985		6
2986		10
2987		6
2988		6
2989		8
2990		5
2991		9
2992		5
2993		7
2994		8
2995		4
2996		7
2997		11
2998		6
2999		10
3000		10
3001		5
3002		8
3003		6
3004		7
3005		7
3006		8
3007		11
3008		8
3009		5
3010		13
3011		3
3012		7
3013		5
3014		9
3015		5
3016		7
3017		3
3018		5
3019		4
3020		8
3021		5
3022		8
3023		6
3024		8
3025		7
3026		5
3027		6
3028		3
3029		11
3030		10
3031		4
3032		8
3033		5
3034		10
3035		2
3036		8
3037		12
3038		7
3039		8
3040		5
3041		14
3042		10
3043		6
3044		7
3045		12
3046		5
3047		10
3048		9
3049		11
3050		4
3051		5
3052		5
3053		4
3054		2
3055		5
3056		7
3057		2
3058		5
3059		6
3060		9
3061		3
3062		4
3063		7
3064		12
3065		5
3066		7
3067		4
3068		3
3069		4
3070		3
3071		2
3072		8
3073		7
3074		11
3075		9
3076		9
3077		5
3078		6
3079		5
3080		3
3081		10
3082		8
3083		11
3084		3
3085		5
3086		4
3087		8
3088		6
3089		6
3090		4
3091		5
3092		7
3093		6
3094		6
3095		6
3096		5
3097		5
3098		6
3099		8
3100		6
3101		7
3102		9
3103		3
3104		7
3105		3
3106		12
3107		7
3108		6
3109		11
3110		6
3111		1
3112		6
3113		6
3114		5
3115		7
3116		6
3117		6
3118		13
3119		5
3120		7
3121		6
3122		5
3123		2
3124		7
3125		8
3126		5
3127		4
3128		8
3129		7
3130		11
3131		3
3132		6
3133		5
3134		8
3135		7
3136		4
3137		8
3138		4
3139		9
3140		4
3141		7
3142		8
3143		6
3144		7
3145		4
3146		13
3147		4
3148		7
3149		2
3150		9
3151		8
3152		8
3153		16
3154		7
3155		5
3156		4
3157		1
3158		10
3159		5
3160		4
3161		7
3162		5
3163		9
3164		5
3165		2
3166		15
3167		11
3168		12
3169		9
3170		9
3171		7
3172		8
3173		10
3174		4
3175		5
3176		10
3177		8
3178		4
3179		9
3180		2
3181		5
3182		5
3183		5
3184		2
3185		13
3186		7
3187		6
3188		8
3189		6
3190		9
3191		7
3192		7
3193		7
3194		9
3195		4
3196		5
3197		6
3198		9
3199		8
3200		7
3201		4
3202		12
3203		7
3204		6
3205		3
3206		7
3207		8
3208		1
3209		4
3210		10
3211		6
3212		12
3213		2
3214		8
3215		3
3216		7
3217		8
3218		7
3219		7
3220		8
3221		5
3222		5
3223		4
3224		4
3225		10
3226		14
3227		9
3228		10
3229		9
3230		6
3231		7
3232		10
3233		9
3234		5
3235		7
3236		9
3237		8
3238		6
3239		6
3240		5
3241		10
3242		5
3243		11
3244		8
3245		6
3246		6
3247		6
3248		8
3249		5
3250		7
3251		9
3252		5
3253		3
3254		7
3255		10
3256		5
3257		4
3258		3
3259		2
3260		4
3261		4
3262		7
3263		8
3264		8
3265		4
3266		9
3267		5
3268		9
3269		7
3270		8
3271		10
3272		3
3273		10
3274		7
3275		6
3276		7
3277		5
3278		5
3279		7
3280		5
3281		4
3282		11
3283		2
3284		7
3285		6
3286		6
3287		7
3288		5
3289		11
3290		6
3291		6
3292		3
3293		8
3294		7
3295		9
3296		8
3297		11
3298		4
3299		4
3300		5
3301		5
3302		4
3303		7
3304		4
3305		3
3306		9
3307		8
3308		7
3309		10
3310		6
3311		5
3312		1
3313		5
3314		7
3315		7
3316		8
3317		10
3318		8
3319		6
3320		3
3321		4
3322		6
3323		4
3324		5
3325		3
3326		4
3327		6
3328		5
3329		4
3330		14
3331		6
3332		5
3333		5
3334		8
3335		3
3336		8
3337		6
3338		9
3339		4
3340		11
3341		4
3342		7
3343		8
3344		4
3345		1
3346		4
3347		4
3348		9
3349		5
3350		7
3351		5
3352		10
3353		2
3354		3
3355		5
3356		8
3357		11
3358		5
3359		7
3360		6
3361		4
3362		6
3363		9
3364		2
3365		3
3366		7
3367		5
3368		7
3369		7
3370		3
3371		4
3372		15
3373		8
3374		5
3375		6
3376		8
3377		6
3378		8
3379		6
3380		2
3381		3
3382		7
3383		10
3384		6
3385		4
3386		7
3387		5
3388		6
3389		8
3390		1
3391		3
3392		3
3393		3
3394		6
3395		5
3396		6
3397		9
3398		6
3399		2
3400		4
3401		4
3402		5
3403		11
3404		7
3405		9
3406		6
3407		9
3408		4
3409		6
3410		10
3411		7
3412		10
3413		3
3414		9
3415		3
3416		9
3417		8
3418		6
3419		5
3420		12
3421		9
3422		7
3423		5
3424		5
3425		7
3426		11
3427		4
3428		6
3429		2
3430		6
3431		6
3432		8
3433		9
3434		3
3435		8
3436		5
3437		2
3438		3
3439		2
3440		13
3441		3
3442		6
3443		7
3444		9
3445		6
3446		5
3447		6
3448		4
3449		3
3450		5
3451		6
3452		6
3453		4
3454		4
3455		10
3456		1
3457		8
3458		8
3459		2
3460		8
3461		9
3462		5
3463		5
3464		3
3465		4
3466		6
3467		4
3468		1
3469		7
3470		6
3471		11
3472		3
3473		5
3474		5
3475		6
3476		10
3478		3
3479		5
3480		9
3481		6
3482		1
3483		4
3484		2
3485		9
3486		7
3487		9
3489		3
3490		7
3491		7
3492		8
3493		7
3494		3
3495		6
3496		4
3497		6
3498		8
3499		4
3500		8
3501		9
3502		7
3503		12
3504		3
3505		6
3506		6
3507		6
3508		3
3509		7
3510		6
3511		3
3512		5
3513		11
3514		11
3515		8
3516		8
3517		9
3518		6
3519		8
3520		7
3521		4
3522		4
3523		8
3524		4
3525		7
3526		4
3527		7
3528		5
3529		4
3530		8
3531		3
3532		8
3533		7
3534		6
3535		6
3536		1
3537		8
3538		4
3539		4
3540		4
3541		6
3542		4
3543		5
3544		7
3545		6
3547		5
3548		6
3549		6
3550		7
3551		6
3552		5
3553		3
3554		1
3555		6
3556		5
3557		5
3558		4
3559		9
3560		8
3561		5
3562		2
3563		5
3564		7
3565		3
3566		5
3567		5
3568		8
3569		7
3570		9
3571		7
3572		6
3573		6
3574		6
3575		9
3576		3
3577		5
3578		3
3579		5
3580		3
3581		3
3582		4
3583		11
3584		7
3585		7
3586		5
3587		6
3588		6
3589		8
3590		6
3591		1
3592		4
3593		6
3594		6
3595		4
3596		3
3597		4
3598		6
3599		9
3600		3
3601		9
3602		7
3603		7
3604		9
3605		4
3606		5
3607		3
3608		9
3609		9
3610		10
3611		5
3612		9
3613		5
3614		7
3615		6
3616		7
3617		3
3618		2
3619		14
3620		7
3621		5
3622		7
3623		8
3624		7
3625		13
3626		7
3627		9
3628		5
3629		3
3630		4
3631		7
3632		6
3633		4
3634		9
3635		5
3636		7
3637		5
3638		5
3639		3
3640		4
3641		6
3642		6
3643		4
3644		2
3645		8
3646		8
3647		3
3648		7
3649		3
3650		4
3651		8
3652		3
3653		8
3654		6
3655		7
3656		4
3657		6
3658		5
3659		7
3660		6
3661		9
3662		6
3663		4
3664		5
3665		6
3666		3
3667		6
3668		10
3669		5
3670		6
3671		3
3672		7
3673		3
3674		6
3675		12
3676		3
3677		7
3678		4
3679		2
3680		5
3681		3
3682		1
3683		2
3684		8
3685		6
3686		8
3687		2
3688		4
3689		5
3690		4
3691		5
3692		8
3693		4
3694		6
3695		6
3696		8
3697		3
3698		9
3699		2
3700		5
3701		7
3702		5
3703		2
3704		7
3705		6
3706		6
3707		5
3708		9
3709		6
3710		6
3711		5
3712		8
3713		5
3714		2
3715		6
3716		4
3717		4
3718		6
3719		3
3720		7
3721		7
3722		3
3723		4
3724		15
3725		3
3726		11
3727		4
3728		6
3729		4
3730		8
3731		6
3732		5
3733		6
3734		2
3735		8
3736		4
3737		8
3738		6
3739		3
3740		5
3741		8
3742		5
3743		4
3744		6
3745		7
3746		8
3747		2
3748		5
3749		8
3750		5
3751		3
3752		9
3753		2
3754		4
3755		6
3756		6
3757		12
3758		2
3759		3
3760		6
3761		6
3762		6
3763		5
3764		6
3765		2
3766		7
3767		6
3768		2
3769		8
3770		3
3771		10
3772		7
3773		5
3774		8
3775		6
3776		7
3777		8
3778		6
3779		7
3780		9
3781		4
3782		8
3783		4
3784		5
3785		1
3786		4
3787		6
3788		5
3789		5
3790		8
3791		7
3792		6
3793		2
3794		10
3795		2
3796		6
3797		4
3798		6
3799		9
3800		9
3801		6
3802		6
3803		6
3804		4
3805		5
3806		6
3807		9
3808		6
3809		9
3810		6
3811		5
3812		6
3813		5
3814		7
3815		10
3816		9
3817		13
3818		5
3819		7
3820		3
3821		5
3822		5
3823		6
3824		5
3825		7
3826		5
3827		3
3828		6
3829		6
3830		3
3831		10
3832		5
3833		14
3834		6
3835		10
3836		9
3837		6
3838		6
3839		6
3840		4
3841		6
3842		6
3843		9
3844		6
3845		8
3846		7
3847		10
3848		4
3849		5
3850		4
3851		7
3852		6
3853		6
3854		6
3855		1
3856		4
3857		8
3858		4
3859		4
3860		8
3861		5
3862		6
3863		7
3864		3
3865		5
3866		8
3867		8
3868		8
3869		4
3870		7
3871		7
3872		8
3873		6
3874		4
3875		1
3876		3
3877		3
3878		7
3879		3
3880		7
3881		6
3882		6
3883		4
3884		6
3885		7
3886		4
3887		5
3888		10
3889		3
3890		7
3891		8
3892		5
3893		6
3894		9
3895		9
3896		8
3897		6
3898		5
3899		6
3900		7
3901		8
3902		3
3903		13
3904		5
3905		6
3906		1
3907		4
3908		3
3909		9
3910		6
3911		6
3912		4
3913		4
3914		8
3915		8
3916		4
3917		6
3918		6
3919		6
3920		3
3921		5
3922		6
3923		2
3924		11
3925		2
3926		5
3927		4
3928		5
3929		8
3930		2
3931		7
3932		2
3933		2
3934		4
3935		13
3936		5
3937		8
3938		5
3939		13
3940		8
3941		6
3942		4
3943		3
3944		5
3945		5
3946		4
3947		5
3948		5
3949		8
3950		8
3951		5
3952		3
3953		3
3954		7
3955		4
3956		3
3957		1
3958		6
3959		2
3960		6
3961		7
3962		9
3963		10
3964		3
3965		7
3966		5
3967		8
3968		4
3969		5
3970		7
3971		2
3972		3
3973		7
3974		5
3975		7
3976		5
3977		5
3978		9
3979		1
3980		6
3981		4
3982		6
3983		6
3984		2
3985		6
3986		3
3987		3
3988		3
3989		8
3990		7
3991		7
3992		2
3993		10
3994		7
3995		4
3996		5
3997		7
3998		6
3999		4
4000		10
4001		5
4002		7
4003		3
4004		11
4005		7
4006		2
4007		4
4008		5
4009		6
4010		6
4011		6
4012		5
4013		7
4014		7
4015		3
4016		6
4017		7
4018		5
4019		6
4020		3
4021		9
4022		7
4023		6
4024		6
4025		4
4026		8
4027		7
4028		6
4029		5
4030		5
4031		3
4032		2
4033		11
4034		5
4035		6
4036		4
4037		7
4038		7
4039		5
4040		2
4041		11
4042		2
4043		7
4044		2
4045		2
4046		7
4047		2
4048		3
4049		7
4050		6
4051		7
4052		7
4053		4
4054		6
4055		9
4056		7
4057		4
4058		8
4059		6
4060		2
4061		7
4062		8
4063		3
4064		8
4065		2
4066		1
4067		6
4068		8
4069		6
4070		10
4071		5
4072		6
4073		6
4074		3
4075		6
4076		5
4077		3
4078		6
4079		7
4080		10
4081		3
4082		4
4083		7
4084		5
4085		9
4086		2
4087		3
4088		8
4089		4
4090		4
4091		9
4092		4
4093		6
4094		4
4095		6
4096		3
4097		6
4098		7
4099		4
4100		5
4101		5
4102		6
4103		6
4104		8
4105		10
4106		5
4107		5
4108		4
4109		5
4110		2
4111		9
4112		8
4113		4
4114		4
4115		4
4116		3
4117		5
4118		5
4119		4
4120		10
4121		5
4122		4
4123		5
4124		3
4125		4
4126		4
4127		1
4128		8
4129		4
4130		5
4131		6
4132		5
4133		7
4134		5
4135		4
4136		8
4137		8
4138		2
4139		3
4140		9
4141		7
4142		7
4143		4
4144		3
4145		8
4146		6
4147		4
4148		7
4149		5
4150		8
4151		3
4152		7
4153		4
4154		6
4155		8
4156		3
4157		9
4158		1
4159		10
4160		7
4161		5
4162		1
4163		3
4164		4
4165		5
4166		4
4167		6
4168		5
4169		6
4170		5
4171		12
4172		8
4173		1
4174		5
4175		10
4176		4
4177		5
4178		7
4179		8
4180		11
4181		4
4182		4
4183		4
4184		7
4185		3
4186		9
4187		6
4188		8
4189		5
4190		3
4191		10
4192		8
4193		2
4194		2
4195		6
4196		2
4197		6
4198		2
4199		5
4200		4
4201		10
4202		6
4203		2
4204		3
4205		8
4206		4
4207		7
4208		6
4209		5
4210		3
4211		6
4212		10
4213		10
4214		4
4215		8
4216		4
4217		8
4218		10
4219		11
4220		5
4221		2
4222		7
4223		2
4224		8
4225		9
4226		4
4227		5
4228		4
4229		9
4230		1
4231		5
4232		8
4233		8
4234		5
4235		7
4236		3
4237		6
4238		3
4239		5
4240		7
4241		2
4242		4
4243		4
4244		8
4245		4
4246		5
4247		4
4248		8
4249		6
4250		6
4252		5
4253		8
4254		3
4255		4
4256		2
4257		2
4258		7
4259		5
4260		2
4261		3
4262		5
4263		5
4264		2
4265		2
4266		3
4267		2
4268		6
4269		8
4270		5
4271		2
4272		5
4273		6
4274		7
4275		10
4276		8
4277		5
4278		4
4279		3
4280		5
4281		5
4282		2
4283		6
4284		7
4285		2
4286		7
4287		5
4288		4
4289		5
4290		3
4291		3
4292		7
4293		5
4294		4
4295		10
4296		7
4297		6
4298		6
4299		5
4300		6
4301		3
4302		4
4303		5
4304		4
4305		3
4306		6
4307		5
4308		10
4309		3
4310		4
4311		4
4312		6
4313		4
4314		5
4315		4
4316		8
4317		8
4318		6
4319		8
4320		15
4321		1
4322		4
4323		3
4324		8
4325		5
4326		5
4327		5
4328		4
4329		4
4330		8
4331		6
4332		9
4333		3
4334		7
4335		6
4336		3
4337		3
4338		7
4339		5
4340		6
4341		3
4342		3
4343		3
4344		5
4345		4
4346		6
4347		6
4348		5
4349		3
4350		3
4351		8
4352		2
4353		4
4354		6
4355		8
4356		3
4357		2
4358		6
4359		7
4360		10
4361		4
4362		1
4363		5
4364		9
4365		9
4366		6
4367		6
4368		7
4369		4
4370		9
4371		5
4372		4
4373		5
4374		3
4375		6
4376		5
4377		9
4378		4
4379		8
4380		6
4381		2
4382		8
4383		2
4384		9
4385		11
4386		6
4387		4
4388		2
4389		10
4390		4
4391		7
4392		7
4393		4
4394		5
4395		7
4396		9
4397		4
4398		7
4399		3
4400		3
4401		7
4402		6
4403		4
4404		2
4405		5
4406		12
4407		2
4408		9
4409		3
4410		6
4411		3
4412		10
4413		6
4414		4
4415		3
4416		5
4417		4
4418		6
4419		6
4420		10
4421		6
4422		3
4423		5
4424		5
4425		5
4426		4
4427		6
4428		6
4429		4
4430		6
4431		9
4432		9
4433		6
4434		4
4435		4
4436		6
4437		4
4438		11
4439		8
4440		4
4441		7
4442		5
4443		6
4444		4
4445		6
4446		7
4447		6
4448		10
4449		3
4450		6
4451		4
4452		6
4453		5
4454		8
4455		5
4456		4
4457		6
4458		8
4459		5
4460		2
4461		7
4462		3
4463		5
4464		3
4465		5
4466		11
4467		7
4468		2
4469		12
4470		6
4471		5
4472		4
4473		5
4474		6
4475		4
4476		8
4477		8
4478		4
4479		7
4480		7
4481		6
4483		5
4484		2
4485		1
4486		5
4487		3
4488		7
4489		1
4490		5
4491		3
4492		3
4493		6
4494		6
4495		5
4496		1
4497		3
4498		6
4499		6
4500		6
4501		2
4502		6
4503		4
4504		6
4505		6
4506		8
4507		4
4508		5
4509		2
4510		4
4511		2
4512		6
4513		6
4514		3
4515		9
4516		7
4517		6
4518		7
4519		11
4520		7
4521		2
4522		6
4523		2
4524		6
4525		8
4526		3
4527		9
4528		7
4529		4
4530		5
4531		3
4532		7
4533		3
4534		5
4535		8
4536		9
4537		4
4538		4
4539		5
4540		6
4541		4
4542		2
4543		2
4544		2
4545		2
4546		5
4547		5
4548		3
4549		6
4550		2
4551		4
4552		5
4553		4
4554		5
4555		4
4556		4
4557		8
4558		3
4559		5
4560		5
4561		4
4562		7
4563		3
4564		8
4565		8
4566		6
4567		3
4568		3
4569		3
4570		7
4571		6
4572		6
4573		7
4574		2
4575		8
4576		4
4577		2
4578		5
4579		6
4580		6
4581		8
4582		5
4583		5
4584		4
4585		5
4586		8
4587		6
4588		3
4589		4
4590		4
4591		8
4592		6
4593		8
4594		6
4595		5
4596		1
4597		9
4598		7
4599		4
4600		7
4601		9
4602		2
4603		5
4604		5
4605		6
4606		6
4607		6
4608		4
4609		6
4610		3
4611		3
4612		6
4613		9
4614		3
4615		6
4616		4
4617		5
4618		3
4619		7
4620		6
4621		13
4622		8
4623		4
4625		2
4626		7
4627		6
4628		3
4629		5
4630		5
4631		8
4632		5
4633		9
4634		6
4635		5
4636		8
4637		4
4638		4
4639		10
4640		3
4641		7
4642		3
4643		2
4644		6
4645		7
4646		4
4647		5
4648		5
4649		5
4650		7
4651		9
4652		5
4653		3
4654		2
4655		10
4656		4
4657		9
4658		2
4659		8
4660		9
4661		7
4662		3
4663		3
4664		3
4665		7
4666		2
4667		6
4668		8
4669		5
4670		2
4671		4
4672		8
4673		4
4674		2
4675		3
4676		3
4677		6
4678		6
4679		5
4680		4
4681		8
4682		4
4683		5
4684		4
4685		4
4686		3
4687		6
4688		6
4689		9
4690		1
4691		7
4692		2
4693		5
4694		4
4695		6
4696		2
4697		7
4698		5
4699		6
4700		6
4701		6
4702		4
4703		6
4704		6
4705		3
4706		4
4707		4
4708		6
4710		6
4711		1
4712		6
4713		5
4714		5
4715		2
4716		5
4717		5
4718		7
4719		4
4720		4
4721		5
4722		7
4723		5
4724		8
4725		4
4726		10
4727		3
4728		3
4729		4
4730		4
4731		7
4732		8
4733		8
4734		4
4735		4
4736		4
4737		3
4738		10
4739		6
4740		4
4741		9
4742		6
4743		6
4744		3
4745		9
4746		5
4747		3
4748		6
4749		4
4750		6
4751		7
4752		8
4753		1
4754		4
4755		10
4756		5
4757		9
4758		3
4759		4
4760		1
4761		1
4762		7
4763		3
4764		7
4765		3
4766		4
4767		5
4768		8
4769		4
4770		7
4771		7
4772		2
4773		7
4774		4
4775		3
4776		1
4777		7
4778		3
4779		5
4780		7
4781		5
4782		8
4783		5
4784		6
4785		4
4786		5
4787		3
4788		5
4789		4
4790		4
4791		7
4792		3
4793		8
4794		4
4795		6
4796		8
4797		4
4798		10
4799		4
4800		4
4801		4
4802		5
4803		5
4804		9
4805		2
4806		5
4807		3
4808		6
4809		6
4810		3
4811		8
4812		2
4813		8
4814		7
4815		4
4816		10
4817		1
4818		5
4819		6
4820		2
4821		8
4822		5
4823		9
4824		5
4825		6
4826		2
4827		7
4828		4
4829		5
4830		2
4831		6
4832		7
4833		5
4834		4
4835		1
4836		6
4837		6
4838		5
4839		3
4840		8
4841		5
4842		2
4843		6
4844		6
4845		7
4846		8
4847		5
4848		4
4849		8
4850		4
4851		6
4852		8
4853		7
4854		5
4855		6
4856		8
4857		7
4858		4
4859		7
4860		6
4861		5
4862		4
4863		4
4864		4
4865		8
4866		3
4867		5
4868		5
4869		9
4870		11
4871		5
4872		2
4873		4
4874		6
4875		3
4876		3
4877		3
4878		5
4879		5
4880		5
4881		2
4882		3
4883		5
4884		7
4885		2
4886		1
4887		2
4888		5
4889		8
4890		9
4891		6
4892		5
4893		7
4894		2
4895		6
4896		2
4897		8
4898		6
4899		4
4900		8
4901		2
4902		3
4903		4
4904		3
4905		4
4906		8
4907		5
4908		6
4909		4
4910		11
4911		7
4912		3
4913		6
4914		3
4915		1
4916		13
4917		4
4918		4
4919		5
4920		3
4921		4
4922		7
4923		7
4924		8
4925		7
4926		7
4927		7
4928		6
4929		5
4930		6
4931		3
4932		5
4933		8
4934		2
4935		4
4936		7
4937		6
4938		4
4939		4
4940		3
4941		6
4942		5
4943		1
4944		3
4945		4
4946		4
4947		5
4948		5
4949		6
4950		2
4951		10
4952		9
4953		5
4954		4
4955		6
4956		9
4957		5
4958		7
4959		7
4960		3
4961		9
4962		6
4963		7
4964		6
4965		2
4966		9
4967		6
4968		5
4969		4
4970		10
4971		6
4972		7
4973		4
4974		6
4975		3
4976		3
4977		2
4978		3
4979		6
4980		4
4981		3
4982		2
4983		8
4984		2
4985		5
4986		6
4987		3
4988		2
4989		4
4990		7
4991		5
4992		4
4993		3
4994		4
4995		11
4996		8
4997		4
4998		4
4999		4
5000		6
5001		5
5002		3
5003		5
5004		5
5005		3
5006		4
5007		4
5008		4
5009		5
5010		8
5011		4
5012		4
5013		12
5014		2
5015		4
5016		9
5017		7
5018		4
5019		10
5020		2
5021		7
5022		5
5023		8
5024		4
5025		4
5026		2
5027		7
5028		5
5029		5
5030		8
5031		6
5032		4
5033		4
5034		6
5035		9
5036		4
5037		9
5038		6
5039		6
5040		4
5041		3
5042		5
5043		4
5044		7
5045		5
5046		7
5047		7
5048		2
5049		3
5050		3
5051		6
5052		3
5053		6
5054		6
5055		5
5056		2
5057		7
5058		3
5059		5
5060		7
5061		2
5062		3
5063		3
5064		6
5065		5
5066		7
5067		7
5068		6
5069		7
5070		8
5071		7
5072		4
5073		5
5074		7
5075		5
5076		4
5077		7
5078		8
5079		10
5080		3
5081		5
5082		6
5083		6
5084		4
5085		2
5086		2
5087		4
5088		5
5089		3
5090		7
5091		4
5092		1
5093		6
5094		9
5095		4
5096		5
5097		9
5098		2
5099		5
5100		6
5101		4
5102		2
5103		4
5104		9
5105		5
5106		4
5107		5
5108		10
5109		5
5110		3
5111		6
5112		2
5113		6
5114		2
5115		6
5116		5
5117		3
5118		6
5119		4
5120		5
5121		7
5122		6
5123		5
5124		6
5125		3
5126		4
5127		3
5128		4
5129		4
5130		5
5131		7
5132		5
5133		10
5134		9
5135		6
5136		7
5137		6
5138		5
5139		2
5140		4
5141		7
5142		5
5143		5
5144		6
5145		6
5146		8
5147		4
5148		5
5149		4
5150		4
5151		8
5152		5
5153		3
5154		6
5155		5
5156		5
5157		4
5158		4
5159		4
5160		3
5161		6
5162		3
5163		5
5164		4
5165		2
5166		3
5167		2
5168		3
5169		5
5170		10
5171		11
5172		6
5173		3
5174		4
5175		4
5176		6
5177		3
5178		7
5179		8
5180		6
5181		4
5182		7
5184		6
5185		7
5186		6
5187		9
5188		6
5189		4
5190		3
5191		9
5192		8
5193		9
5194		5
5195		5
5196		3
5197		2
5198		5
5199		6
5200		4
5201		5
5202		8
5203		2
5204		5
5205		7
5206		6
5207		7
5208		4
5209		6
5210		6
5211		11
5212		4
5213		2
5214		5
5215		3
5216		3
5217		4
5218		11
5219		5
5220		6
5221		4
5222		3
5223		8
5224		5
5225		5
5226		4
5227		5
5228		3
5229		9
5230		4
5231		3
5232		5
5233		7
5234		5
5235		1
5236		5
5237		5
5238		3
5239		1
5240		5
5241		8
5242		3
5243		5
5244		6
5245		5
5246		8
5247		3
5248		5
5249		1
5250		5
5251		3
5252		4
5253		7
5254		5
5255		7
5256		6
5257		2
5258		7
5259		6
5260		7
5261		6
5262		6
5263		7
5264		3
5265		2
5266		4
5267		3
5269		4
5270		4
5271		5
5272		10
5273		4
5274		3
5275		7
5276		7
5277		4
5278		4
5279		6
5280		5
5281		6
5282		3
5283		4
5284		6
5285		6
5286		5
5287		3
5288		3
5289		6
5290		4
5291		5
5292		10
5293		5
5294		5
5295		9
5296		7
5297		5
5298		6
5299		4
5300		7
5301		3
5302		6
5303		4
5304		4
5305		5
5306		3
5307		7
5308		5
5309		3
5310		6
5311		5
5312		4
5313		4
5314		6
5315		8
5316		9
5317		3
5318		6
5319		6
5320		3
5321		1
5322		7
5323		3
5324		6
5325		3
5326		11
5327		5
5328		7
5329		2
5330		4
5331		5
5332		5
5333		2
5334		6
5335		4
5336		6
5337		3
5338		4
5339		6
5340		7
5341		4
5342		5
5343		5
5344		2
5345		7
5346		7
5347		2
5348		3
5349		3
5350		4
5351		9
5352		5
5353		1
5354		7
5355		3
5356		4
5357		1
5358		1
5359		3
5360		7
5361		4
5362		11
5363		6
5364		2
5365		8
5366		2
5367		3
5368		4
5369		2
5370		6
5371		7
5372		2
5373		2
5374		3
5375		4
5376		4
5377		1
5378		8
5379		5
5380		2
5381		4
5382		2
5383		4
5384		6
5385		4
5386		4
5387		3
5388		7
5389		5
5390		5
5391		6
5392		8
5393		2
5394		4
5395		4
5396		2
5398		11
5399		7
5400		3
5401		6
5402		8
5403		6
5404		3
5405		5
5406		6
5407		5
5408		6
5409		6
5410		6
5411		6
5412		2
5413		7
5414		5
5415		4
5416		4
5417		2
5418		4
5419		6
5420		3
5421		1
5422		6
5423		9
5424		5
5425		6
5426		11
5427		6
5428		5
5429		4
5430		4
5431		7
5432		4
5433		1
5434		1
5435		5
5436		3
5437		3
5438		6
5439		7
5440		3
5441		5
5442		6
5443		4
5444		5
5445		7
5446		5
5447		5
5448		5
5449		4
5450		5
5451		6
5452		3
5453		8
5454		6
5455		5
5456		4
5457		4
5458		2
5459		3
5460		4
5461		5
5462		7
5463		5
5464		4
5465		5
5466		3
5467		6
5468		7
5469		3
5470		1
5471		12
5472		4
5473		8
5474		2
5475		6
5476		4
5477		8
5478		4
5479		3
5480		3
5481		7
5482		5
5483		3
5484		7
5485		4
5486		8
5487		3
5488		8
5489		4
5490		5
5491		3
5492		6
5493		5
5494		6
5495		7
5496		6
5497		8
5498		6
5499		6
5500		4
5501		4
5502		6
5503		2
5504		4
5505		4
5506		7
5507		4
5508		5
5509		9
5510		4
5511		5
5512		6
5513		5
5514		6
5515		2
5516		9
5517		4
5518		7
5519		1
5520		8
5521		3
5522		3
5523		5
5524		4
5525		5
5526		3
5527		8
5528		5
5529		1
5530		7
5531		9
5532		5
5533		1
5534		2
5535		2
5536		5
5537		5
5538		6
5539		5
5540		2
5541		4
5542		6
5543		5
5544		3
5545		5
5546		6
5547		6
5548		1
5549		6
5550		8
5551		6
5552		8
5553		6
5554		6
5555		3
5556		4
5557		1
5558		2
5559		7
5560		8
5561		4
5562		4
5563		2
5564		2
5565		2
5566		5
5567		2
5568		3
5569		4
5570		9
5571		4
5572		1
5573		3
5574		8
5575		9
5576		4
5577		5
5578		5
5579		2
5580		5
5581		10
5582		5
5583		4
5584		3
5585		9
5586		3
5587		5
5588		6
5589		3
5590		3
5591		3
5592		7
5593		5
5594		8
5595		4
5596		2
5597		5
5598		8
5599		7
5600		7
5601		8
5602		8
5603		7
5604		6
5605		4
5606		5
5607		5
5608		5
5609		3
5610		4
5611		8
5612		2
5613		7
5614		4
5615		8
5616		3
5617		4
5618		3
5619		6
5620		9
5621		6
5622		1
5623		5
5624		4
5625		7
5626		2
5627		4
5628		4
5629		2
5630		4
5631		6
5632		5
5633		6
5634		2
5635		11
5636		7
5637		6
5638		6
5639		5
5640		4
5641		2
5642		4
5643		2
5644		6
5645		6
5646		8
5647		4
5648		4
5649		6
5650		7
5651		6
5652		8
5653		4
5654		4
5655		3
5656		4
5657		4
5658		4
5659		5
5660		5
5661		7
5662		8
5663		4
5664		3
5665		6
5666		11
5667		6
5668		5
5669		6
5670		7
5671		6
5672		3
5673		6
5674		5
5675		5
5676		3
5677		4
5678		2
5679		4
5680		8
5681		4
5682		5
5683		3
5684		4
5685		4
5686		3
5687		3
5688		3
5689		5
5690		2
5691		3
5692		2
5693		2
5694		4
5695		2
5696		6
5697		6
5698		4
5699		4
5700		1
5701		5
5702		9
5704		5
5705		6
5706		8
5707		3
5708		5
5709		3
5710		12
5711		3
5712		3
5713		6
5714		4
5715		7
5716		7
5717		2
5718		1
5719		5
5720		6
5721		8
5722		1
5723		6
5724		1
5725		8
5726		6
5727		6
5728		6
5729		7
5730		1
5731		4
5732		3
5733		4
5734		6
5735		10
5736		6
5737		3
5738		3
5739		6
5740		5
5741		5
5742		6
5743		6
5744		8
5745		5
5746		7
5747		4
5748		5
5749		7
5750		2
5751		8
5752		8
5753		1
5754		3
5755		4
5756		8
5757		3
5758		5
5759		4
5760		8
5761		6
5762		5
5763		2
5764		2
5765		4
5766		6
5767		4
5768		8
5769		2
5770		4
5771		6
5772		7
5773		5
5774		4
5775		9
5776		7
5777		6
5778		4
5779		2
5780		7
5781		8
5782		9
5783		6
5785		7
5786		7
5787		4
5788		2
5789		7
5790		2
5791		2
5792		1
5793		3
5794		4
5795		4
5796		4
5797		9
5798		6
5799		3
5800		5
5801		5
5802		3
5803		7
5804		2
5805		5
5806		2
5807		7
5808		7
5809		4
5810		3
5811		4
5812		5
5813		5
5814		8
5815		3
5816		6
5818		4
5819		6
5820		3
5821		2
5822		8
5823		3
5824		8
5825		3
5826		4
5827		4
5828		8
5829		2
5830		3
5831		2
5832		7
5833		6
5834		6
5835		3
5836		3
5837		5
5838		7
5839		3
5840		4
5841		3
5842		5
5843		8
5844		9
5845		4
5846		2
5847		5
5848		8
5849		1
5850		4
5851		1
5852		5
5853		4
5854		4
5855		3
5856		7
5857		3
5858		5
5859		8
5860		2
5861		3
5862		5
5863		2
5864		1
5865		6
5866		4
5867		4
5868		4
5869		5
5870		5
5871		6
5872		7
5873		5
5874		2
5875		6
5876		1
5877		6
5878		3
5879		4
5880		6
5881		3
5882		6
5883		2
5884		3
5885		7
5886		3
5887		2
5888		3
5889		6
5890		4
5891		7
5892		3
5893		5
5894		4
5895		4
5896		7
5897		9
5898		4
5899		3
5900		3
5901		2
5902		1
5903		3
5904		6
5905		4
5906		6
5907		5
5908		6
5909		4
5910		5
5911		1
5912		1
5913		7
5914		3
5915		1
5916		7
5917		2
5918		4
5919		3
5920		1
5921		6
5922		5
5923		4
5924		10
5925		5
5926		6
5927		6
5928		6
5929		5
5930		5
5931		4
5932		4
5933		6
5934		3
5935		5
5936		5
5937		2
5938		4
5939		5
5940		5
5941		3
5942		6
5943		6
5944		3
5945		5
5946		3
5947		7
5948		7
5949		6
5950		6
5951		5
5952		5
5953		3
5954		6
5955		2
5956		4
5957		3
5958		4
5959		4
5960		2
5961		7
5962		4
5963		2
5964		3
5965		4
5966		3
5967		1
5968		3
5969		1
5970		5
5971		6
5972		2
5973		4
5974		4
5975		3
5976		3
5977		5
5978		5
5979		3
5980		6
5981		5
5982		5
5983		2
5984		6
5985		3
5986		5
5987		7
5988		3
5989		5
5990		3
5991		3
5992		3
5993		4
5994		5
5995		4
5996		6
5997		1
5998		2
5999		4
6000		4
6001		3
6002		1
6003		3
6004		7
6005		3
6006		9
6007		6
6008		3
6009		6
6010		3
6011		7
6012		6
6013		4
6014		7
6015		3
6016		5
6017		4
6018		4
6019		4
6020		7
6021		6
6022		2
6023		3
6024		2
6025		4
6026		6
6027		3
6028		3
6029		2
6030		3
6031		6
6032		7
6033		5
6034		4
6035		6
6036		6
6037		5
6038		3
6039		6
6040		4
6041		5
6042		5
6043		5
6044		8
6045		3
6046		6
6047		3
6048		3
6049		5
6050		2
6051		2
6052		8
6053		3
6054		5
6055		7
6056		5
6057		4
6058		4
6059		5
6060		5
6061		8
6062		1
6063		2
6064		4
6065		3
6066		1
6067		1
6068		4
6069		7
6070		5
6071		2
6072		2
6073		5
6074		3
6075		8
6076		2
6077		3
6078		6
6079		5
6080		7
6081		3
6082		3
6083		3
6084		5
6085		10
6086		1
6087		4
6088		3
6089		2
6090		2
6091		2
6092		3
6093		3
6094		4
6095		5
6096		1
6097		2
6098		4
6099		5
6100		6
6101		5
6102		2
6103		3
6104		5
6105		5
6106		6
6107		5
6108		5
6109		8
6110		2
6111		6
6112		4
6113		6
6114		4
6115		3
6116		4
6117		7
6118		4
6119		7
6120		7
6121		3
6122		3
6123		3
6124		8
6125		4
6126		5
6127		4
6128		2
6129		3
6130		4
6131		3
6132		5
6133		5
6134		4
6135		2
6136		6
6137		1
6138		2
6139		6
6140		2
6141		4
6142		4
6143		4
6144		6
6145		7
6146		6
6147		2
6148		4
6149		7
6150		5
6151		2
6152		6
6153		5
6154		2
6155		7
6156		5
6157		8
6158		5
6159		5
6160		4
6161		4
6162		3
6163		5
6164		2
6165		5
6166		3
6167		2
6168		6
6169		3
6170		3
6171		3
6172		3
6173		10
6174		3
6175		3
6176		7
6177		5
6178		4
6179		7
6180		6
6181		2
6182		2
6183		4
6184		3
6185		5
6186		1
6187		2
6188		3
6189		5
6190		6
6191		5
6192		2
6193		5
6194		4
6195		6
6196		5
6197		5
6198		8
6199		5
6200		5
6201		4
6202		2
6203		5
6204		4
6205		5
6206		6
6207		3
6208		3
6209		5
6210		5
6211		5
6212		5
6213		4
6214		1
6215		4
6216		5
6217		8
6218		2
6219		5
6220		7
6221		6
6222		7
6223		4
6224		2
6225		3
6226		5
6227		3
6228		5
6229		4
6230		3
6231		3
6232		4
6233		3
6234		3
6235		3
6236		5
6237		1
6238		3
6239		4
6240		5
6241		6
6242		3
6243		5
6244		3
6245		6
6246		2
6247		4
6248		5
6249		2
6250		5
6251		6
6252		4
6253		2
6255		5
6256		3
6257		6
6258		2
6259		3
6260		2
6261		4
6262		5
6263		5
6264		6
6265		4
6266		4
6267		3
6268		4
6269		5
6270		10
6271		7
6272		2
6273		2
6274		7
6275		3
6276		3
6277		3
6278		5
6279		4
6280		2
6281		3
6282		2
6283		4
6284		5
6285		5
6286		4
6287		6
6288		2
6289		4
6290		2
6291		6
6292		5
6293		8
6294		4
6295		6
6296		3
6297		5
6298		6
6299		6
6300		2
6301		4
6302		3
6303		3
6304		3
6305		7
6306		2
6307		3
6308		7
6309		4
6311		4
6312		4
6313		5
6314		2
6316		1
6317		6
6318		6
6319		3
6320		4
6321		7
6322		3
6323		4
6324		2
6325		1
6326		8
6327		2
6328		3
6329		4
6330		3
6331		6
6332		6
6333		2
6334		4
6335		2
6336		3
6337		2
6338		4
6339		3
6340		1
6341		4
6342		2
6343		3
6344		4
6345		5
6346		4
6347		9
6348		2
6349		5
6350		3
6351		4
6352		8
6353		1
6354		4
6355		3
6356		2
6357		1
6358		3
6359		4
6360		3
6361		3
6362		3
6363		4
6364		3
6365		2
6366		7
6367		4
6368		4
6369		1
6370		2
6371		5
6372		4
6373		3
6374		7
6375		5
6376		1
6377		4
6378		7
6379		3
6380		4
6381		4
6382		5
6383		3
6384		2
6385		6
6386		5
6387		1
6388		4
6389		4
6390		3
6391		1
6392		4
6393		5
6394		2
6395		2
6396		1
6397		4
6398		5
6399		2
6400		5
6401		1
6402		3
6403		6
6404		2
6405		5
6406		7
6407		1
6408		7
6409		2
6410		2
6411		2
6412		3
6413		3
6414		3
6415		3
6416		3
6417		5
6418		4
6419		3
6420		6
6421		2
6422		3
6423		2
6424		4
6425		4
6427		3
6428		2
6429		2
6430		2
6431		4
6432		1
6433		5
6434		3
6435		4
6436		2
6437		7
6438		6
6439		2
6440		1
6441		2
6442		4
6443		4
6444		2
6445		2
6446		2
6447		5
6448		6
6449		3
6450		4
6451		1
6452		3
6453		1
6454		4
6455		5
6456		2
6457		2
6458		5
6459		6
6460		1
6461		4
6462		2
6463		4
6465		4
6466		7
6467		4
6468		3
6469		2
6470		1
6471		2
6472		2
6473		5
6474		1
6475		3
6476		3
6477		3
6478		3
6479		2
6480		5
6481		3
6482		6
6483		7
6484		2
6485		3
6486		4
6487		2
6488		7
6489		3
6490		5
6491		1
6492		3
6493		2
6494		2
6495		2
6496		4
6497		5
6498		7
6499		5
6500		5
6501		3
6502		7
6503		7
6504		5
6505		4
6506		4
6507		2
6508		5
6510		5
6511		5
6512		2
6513		4
6514		2
6515		4
6516		8
6517		2
6518		5
6519		6
6520		2
6521		2
6522		5
6523		4
6524		5
6525		3
6526		3
6527		3
6528		2
6529		2
6530		1
6531		1
6532		1
6533		3
6534		4
6535		6
6536		5
6537		3
6538		2
6539		4
6540		2
6541		3
6542		2
6543		2
6544		5
6545		4
6546		2
6547		3
6548		1
6549		3
6550		4
6551		3
6552		7
6553		4
6554		4
6555		3
6556		3
6557		6
6558		4
6559		2
6560		2
6561		2
6562		1
6563		3
6564		2
6565		5
6566		1
6567		6
6568		4
6569		1
6570		4
6571		5
6572		4
6573		3
6574		5
6575		4
6576		3
6577		2
6578		2
6579		3
6580		5
6581		5
6582		5
6583		3
6584		1
6585		3
6586		5
6587		5
6588		5
6589		3
6590		5
6591		3
6592		3
6593		4
6594		1
6595		1
6596		1
6597		8
6598		5
6599		3
6600		2
6601		3
6602		4
6603		2
6604		1
6605		6
6606		7
6607		5
6608		1
6609		3
6610		1
6611		5
6612		2
6613		3
6614		3
6615		1
6616		3
6617		4
6618		2
6619		3
6620		4
6621		5
6622		2
6623		2
6624		3
6625		4
6626		6
6627		4
6628		2
6629		5
6630		6
6631		6
6632		2
6633		4
6634		6
6635		2
6636		3
6637		1
6639		4
6640		3
6641		8
6642		3
6643		5
6644		2
6645		2
6646		4
6647		4
6648		3
6649		4
6652		4
6653		3
6654		4
6655		7
6656		2
6657		4
6658		2
6660		2
6661		3
6662		3
6663		1
6664		6
6665		1
6666		2
6667		3
6668		7
6669		4
6670		6
6671		1
6672		7
6673		7
6674		2
6675		2
6676		4
6677		4
6678		4
6679		1
6680		3
6681		3
6682		3
6683		4
6684		8
6685		4
6686		2
6687		6
6688		4
6689		4
6690		1
6692		5
6693		1
6694		5
6695		5
6696		9
6697		3
6698		2
6699		1
6700		9
6701		3
6702		1
6703		4
6704		4
6705		2
6706		4
6707		5
6709		3
6710		1
6711		2
6712		2
6713		3
6714		7
6715		4
6716		1
6717		2
6718		1
6719		5
6720		2
6721		5
6722		1
6723		1
6724		3
6725		5
6726		3
6727		2
6728		4
6729		1
6730		10
6731		1
6732		2
6733		3
6734		2
6735		2
6736		1
6737		1
6738		2
6739		1
6740		5
6741		3
6742		4
6743		2
6744		3
6745		3
6746		3
6747		3
6748		2
6749		5
6750		2
6751		5
6752		3
6753		2
6754		4
6755		5
6756		4
6757		3
6758		5
6759		7
6761		1
6762		1
6763		2
6764		4
6765		1
6766		3
6768		4
6769		3
6772		2
6773		2
6774		1
6775		4
6776		1
6777		3
6778		4
6779		4
6780		2
6781		4
6782		4
6783		1
6784		3
6785		1
6786		2
6787		3
6788		3
6789		1
6791		6
6792		5
6793		3
6795		7
6796		2
6798		3
6799		3
6800		2
6801		3
6802		6
6803		2
6804		6
6805		4
6806		2
6807		7
6808		3
6809		1
6810		1
6811		2
6813		4
6814		5
6815		3
6816		4
6817		6
6818		3
6819		2
6820		1
6821		1
6822		1
6823		2
6824		5
6825		6
6826		7
6827		2
6828		3
6829		1
6830		2
6831		6
6832		3
6833		1
6834		7
6835		2
6836		3
6838		5
6839		5
6840		4
6842		2
6843		3
6844		2
6846		4
6847		2
6848		2
6849		2
6850		3
6851		1
6852		3
6853		3
6854		2
6855		1
6856		4
6858		3
6859		5
6860		2
6861		4
6863		1
6864		1
6865		2
6866		2
6867		2
6869		5
6870		2
6871		2
6872		5
6873		3
6874		5
6875		3
6876		1
6877		2
6878		2
6879		2
6880		4
6881		1
6882		1
6883		2
6884		4
6885		4
6886		3
6887		2
6888		4
6889		2
6890		4
6891		3
6892		2
6893		2
6894		3
6895		1
6896		1
6897		2
6898		4
6899		2
6900		3
6902		5
6903		1
6904		7
6905		5
6907		2
6908		1
6909		3
6910		3
6911		2
6912		5
6913		2
6914		4
6915		2
6916		4
6917		2
6918		4
6919		1
6920		2
6921		6
6922		2
6923		3
6924		3
6925		3
6926		2
6927		3
6928		3
6929		2
6930		1
6931		1
6932		3
6933		1
6934		3
6935		1
6936		3
6937		1
6938		1
6939		3
6940		2
6941		3
6943		2
6945		3
6946		4
6947		1
6948		7
6949		2
6950		3
6951		2
6952		3
6953		4
6954		5
6956		1
6957		3
6958		2
6959		1
6960		2
6961		4
6962		1
6963		1
6964		3
6965		1
6966		3
6967		2
6968		3
6969		1
6971		4
6972		5
6973		2
6974		1
6975		2
6976		3
6977		4
6978		2
6979		1
6980		2
6981		2
6982		2
6983		1
6984		1
6985		1
6986		2
6987		3
6988		5
6989		1
6990		3
6992		5
6993		2
6994		2
6995		2
6996		3
6997		1
6998		2
6999		4
7000		1
7001		1
7002		4
7003		2
7004		1
7005		3
7006		6
7007		3
7008		1
7009		3
7010		1
7011		3
7012		3
7013		1
7014		1
7016		2
7017		3
7018		5
7019		3
7020		1
7021		1
7023		2
7024		5
7025		1
7026		2
7027		1
7028		1
7029		1
7030		1
7031		2
7032		1
7033		1
7034		1
7035		1
7036		3
7037		2
7039		2
7040		6
7041		3
7042		3
7043		1
7044		2
7045		4
7046		2
7047		2
7048		3
7049		2
7050		1
7051		3
7052		3
7053		2
7054		7
7055		1
7056		2
7057		3
7059		3
7060		2
7061		4
7062		6
7063		5
7064		2
7065		1
7067		5
7068		2
7069		3
7071		3
7072		1
7073		1
7074		4
7075		6
7076		2
7077		2
7078		3
7079		3
7080		3
7081		3
7082		3
7083		3
7084		4
7085		2
7086		2
7087		1
7088		2
7089		1
7090		2
7091		4
7092		1
7093		3
7095		2
7096		2
7097		2
7098		3
7099		2
7100		1
7101		2
7102		1
7103		3
7104		5
7105		3
7106		1
7108		1
7109		3
7110		6
7111		1
7113		2
7114		1
7115		2
7116		3
7117		1
7118		1
7119		3
7120		5
7121		2
7122		2
7123		3
7124		2
7125		1
7126		2
7127		1
7129		1
7130		4
7131		1
7132		4
7133		5
7134		2
7135		3
7139		2
7140		3
7143		2
7144		1
7145		2
7146		2
7147		4
7148		2
7149		1
7150		1
7153		3
7154		2
7155		3
7156		6
7157		3
7158		1
7159		1
7160		2
7161		3
7163		1
7164		2
7165		2
7167		2
7168		3
7169		1
7171		4
7172		2
7173		2
7174		1
7176		2
7177		2
7178		3
7179		1
7180		1
7181		2
7182		2
7183		1
7184		1
7185		1
7186		1
7187		4
7188		2
7189		3
7190		1
7191		6
7192		2
7193		2
7194		1
7195		2
7196		1
7197		2
7198		1
7200		1
7202		2
7203		3
7204		3
7205		1
7206		2
7207		2
7208		1
7210		2
7211		1
7212		2
7214		2
7215		2
7217		2
7218		1
7219		2
7220		1
7221		1
7222		2
7223		1
7225		1
7226		2
7227		5
7229		3
7230		1
7231		1
7232		1
7234		2
7235		1
7237		2
7238		2
7239		2
7240		2
7241		2
7243		1
7244		2
7245		1
7246		1
7247		1
7248		3
7249		2
7250		1
7251		2
7252		2
7254		1
7255		3
7256		3
7258		2
7259		2
7260		2
7262		3
7264		1
7265		1
7267		1
7268		2
7269		2
7270		1
7271		6
7272		2
7273		1
7275		1
7276		3
7277		2
7278		2
7280		2
7282		2
7284		1
7286		1
7287		1
7290		1
7292		2
7293		1
7294		1
7295		1
7296		2
7297		1
7298		3
7299		3
7301		1
7303		1
7305		2
7306		3
7307		2
7308		1
7309		1
7311		3
7312		1
7314		2
7315		4
7316		1
7317		2
7321		2
7323		1
7324		4
7325		2
7327		1
7329		2
7331		2
7333		1
7337		1
7338		1
7339		2
7341		2
7342		1
7343		2
7344		1
7345		1
7347		3
7348		2
7351		1
7352		1
7353		1
7354		1
7356		4
7357		1
7358		1
7359		2
7360		1
7361		5
7362		1
7363		1
7364		1
7365		1
7366		1
7367		2
7369		3
7371		5
7372		2
7373		1
7374		1
7375		3
7376		2
7379		5
7382		1
7383		1
7384		2
7385		3
7386		1
7388		1
7389		2
7390		1
7391		3
7392		1
7393		3
7395		4
7397		1
7399		1
7400		1
7401		2
7402		2
7404		1
7406		1
7409		2
7410		1
7411		2
7413		1
7414		3
7415		1
7417		4
7420		4
7421		3
7422		1
7423		2
7425		2
7426		1
7427		2
7430		1
7432		4
7433		1
7437		3
7438		1
7439		2
7440		2
7441		1
7442		2
7443		3
7444		1
7445		2
7446		2
7447		1
7451		1
7452		2
7453		1
7457		2
7460		3
7461		4
7462		1
7463		4
7464		1
7465		1
7466		1
7467		2
7468		1
7469		1
7472		1
7473		2
7476		1
7477		2
7482		1
7483		1
7484		1
7485		2
7486		2
7490		1
7493		1
7494		1
7495		1
7496		1
7498		1
7499		1
7501		1
7503		1
7504		1
7505		2
7506		2
7507		1
7508		1
7509		1
7512		1
7515		2
7517		1
7519		1
7521		2
7522		2
7523		1
7524		1
7525		1
7527		1
7528		1
7529		1
7531		1
7534		2
7536		1
7539		1
7540		3
7543		2
7545		1
7547		2
7551		3
7553		2
7555		1
7556		2
7557		1
7558		3
7560		1
7563		2
7564		1
7567		2
7572		1
7575		1
7576		1
7577		2
7579		1
7581		4
7582		2
7589		1
7590		1
7591		1
7592		2
7593		1
7595		1
7596		1
7601		1
7605		1
7606		1
7607		1
7608		2
7609		1
7610		1
7619		1
7625		1
7626		1
7627		2
7629		4
7630		4
7632		1
7637		2
7639		2
7641		2
7644		1
7645		1
7646		1
7649		1
7650		1
7651		2
7653		1
7654		1
7655		1
7656		1
7657		2
7660		1
7663		1
7665		1
7669		2
7672		2
7673		1
7675		1
7676		2
7679		1
7681		1
7682		2
7684		2
7686		2
7688		3
7690		1
7691		1
7695		1
7697		2
7699		1
7700		1
7701		2
7704		1
7707		1
7709		1
7710		2
7712		1
7713		1
7714		1
7715		1
7716		2
7717		1
7720		1
7721		1
7724		1
7725		1
7726		1
7727		1
7730		1
7732		2
7733		2
7734		1
7738		1
7739		2
7741		1
7742		1
7744		2
7745		1
7746		2
7747		1
7748		1
7750		2
7757		1
7768		1
7769		1
7771		1
7778		1
7781		1
7782		2
7786		2
7792		1
7806		1
7807		1
7813		1
7825		1
7826		2
7827		1
7839		1
7846		1
7847		1
7854		1
7860		1
7861		1
7865		1
7871		1
7876		1
7879		1
7887		2
7893		1
7894		1
7896		1
7907		1
7913		2
7924		1
7927		2
7930		1
7942		2
7950		1
7954		1
7961		2
7963		1
7969		2
7973		1
7976		1
7977		1
7986		1
7990		3
7991		1
8006		1
8008		1
8014		1
8016		1
8020		2
8030		1
8036		1
8041		1
8063		1
8075		1
8089		1
8099		1
8111		2
8114		1
8120		1
8152		1
8175		1
8176		1
8194		1
8209		1
8240		1
8359		1
8412		1
